# File created on Wed Jul  8 11:33:16 2026
# Data for Inflation GW initial data initial data at coord time 0.188986 and central proper time 0.188986
# Evolved with (264,10,9) gridpoints (including 4 ghosts)
# Evolution with geodesic slicing and constant shift shift condition 
# data for phi = 3.14159
#              r           theta                a_pp
#===============================================================
     0.030078125      0.78539816   4.403956179652312e-06
     0.030078125       2.3561945   4.403956306104931e-06

     0.090234375      0.78539816   3.962692927551142e-05
     0.090234375       2.3561945   3.962692939677368e-05

      0.15039062      0.78539816   0.0001100266130585837
      0.15039062       2.3561945   0.0001100266126629815

      0.21054687      0.78539816   0.0002155105480204823
      0.21054687       2.3561945   0.0002155105477124516

      0.27070312      0.78539816   0.0003559402116727449
      0.27070312       2.3561945   0.0003559402116824774

      0.33085938      0.78539816   0.0005311312163640608
      0.33085938       2.3561945   0.0005311312164449314

      0.39101563      0.78539816   0.0007408535727121123
      0.39101563       2.3561945   0.0007408535727999383

      0.45117188      0.78539816   0.0009848320187207109
      0.45117188       2.3561945   0.0009848320188185435

      0.51132813      0.78539816    0.001262746412282615
      0.51132813       2.3561945    0.001262746412377655

      0.57148438      0.78539816    0.001574232186851813
      0.57148438       2.3561945    0.001574232186937929

      0.63164063      0.78539816    0.001918880868985052
      0.63164063       2.3561945    0.001918880869070232

      0.69179687      0.78539816    0.002296240656683708
      0.69179687       2.3561945    0.002296240656756257

      0.75195312      0.78539816     0.00270581705693131
      0.75195312       2.3561945    0.002705817057002534

      0.81210938      0.78539816    0.003147073581165316
      0.81210938       2.3561945    0.003147073581226973

      0.87226563      0.78539816    0.003619432496910886
      0.87226563       2.3561945     0.00361943249696378

      0.93242188      0.78539816    0.004122275633772948
      0.93242188       2.3561945     0.00412227563381283

      0.99257812      0.78539816    0.004654945242110025
      0.99257812       2.3561945    0.004654945242161725

       1.0527344      0.78539816     0.00521674490227059
       1.0527344       2.3561945    0.005216744902304813

       1.1128906      0.78539816    0.005806940482274251
       1.1128906       2.3561945    0.005806940482309481

       1.1730469      0.78539816    0.006424761142008173
       1.1730469       2.3561945    0.006424761142036896

       1.2332031      0.78539816    0.007069400381446071
       1.2332031       2.3561945    0.007069400381463787

       1.2933594      0.78539816    0.007740017130709131
       1.2933594       2.3561945    0.007740017130732186

       1.3535156      0.78539816    0.008435736879629185
       1.3535156       2.3561945    0.008435736879642832

       1.4136719      0.78539816    0.009155652844203633
       1.4136719       2.3561945    0.009155652844211475

       1.4738281      0.78539816    0.009898827167666487
       1.4738281       2.3561945    0.009898827167676077

       1.5339844      0.78539816     0.01066429215351642
       1.5339844       2.3561945     0.01066429215352212

       1.5941406      0.78539816     0.01145105152800942
       1.5941406       2.3561945     0.01145105152801188

       1.6542969      0.78539816     0.01225808172952151
       1.6542969       2.3561945     0.01225808172952715

       1.7144531      0.78539816     0.01308433322221286
       1.7144531       2.3561945     0.01308433322221783

       1.7746094      0.78539816     0.01392873183139647
       1.7746094       2.3561945     0.01392873183139217

       1.8347656      0.78539816     0.01479018009803435
       1.8347656       2.3561945     0.01479018009803472

       1.8949219      0.78539816     0.01566755864976723
       1.8949219       2.3561945     0.01566755864975996

       1.9550781      0.78539816     0.01655972758594368
       1.9550781       2.3561945     0.01655972758593556

       2.0152344      0.78539816     0.01746552787416706
       2.0152344       2.3561945     0.01746552787416304

       2.0753906      0.78539816     0.01838378275573225
       2.0753906       2.3561945     0.01838378275572641

       2.1355469      0.78539816     0.01931329915764248
       2.1355469       2.3561945      0.0193132991576477

       2.1957031      0.78539816      0.0202528691087881
       2.1957031       2.3561945      0.0202528691087902

       2.2558594      0.78539816     0.02120127115781125
       2.2558594       2.3561945     0.02120127115780427

       2.3160156      0.78539816     0.02215727179049356
       2.3160156       2.3561945        0.02215727179048

       2.3761719      0.78539816     0.02311962684445506
       2.3761719       2.3561945     0.02311962684444793

       2.4363281      0.78539816     0.02408708291885721
       2.4363281       2.3561945     0.02408708291885214

       2.4964844      0.78539816     0.02505837877716729
       2.4964844       2.3561945     0.02505837877716334

       2.5566406      0.78539816     0.02603224674093779
       2.5566406       2.3561945      0.0260322467409447

       2.6167969      0.78539816     0.02700741407263758
       2.6167969       2.3561945     0.02700741407263685

       2.6769531      0.78539816     0.02798260434570192
       2.6769531       2.3561945     0.02798260434570428

       2.7371094      0.78539816     0.02895653880012664
       2.7371094       2.3561945      0.0289565388001226

       2.7972656      0.78539816     0.02992793768174836
       2.7972656       2.3561945     0.02992793768174941

       2.8574219      0.78539816     0.03089552156388656
       2.8574219       2.3561945     0.03089552156388408

       2.9175781      0.78539816     0.03185801264960956
       2.9175781       2.3561945     0.03185801264960698

       2.9777344      0.78539816     0.03281413605335472
       2.9777344       2.3561945     0.03281413605336057

       3.0378906      0.78539816     0.03376262106067801
       3.0378906       2.3561945     0.03376262106067666

       3.0980469      0.78539816     0.03470220236463226
       3.0980469       2.3561945     0.03470220236463756

       3.1582031      0.78539816     0.03563162127801028
       3.1582031       2.3561945     0.03563162127801946

       3.2183594      0.78539816     0.03654962692017134
       3.2183594       2.3561945     0.03654962692016852

       3.2785156      0.78539816     0.03745497737756103
       3.2785156       2.3561945     0.03745497737755967

       3.3386719      0.78539816     0.03834644083717181
       3.3386719       2.3561945      0.0383464408371683

       3.3988281      0.78539816      0.0392227966920623
       3.3988281       2.3561945     0.03922279669206066

       3.4589844      0.78539816     0.04008283661830918
       3.4589844       2.3561945     0.04008283661830403

       3.5191406      0.78539816     0.04092536562276156
       3.5191406       2.3561945     0.04092536562274827

       3.5792969      0.78539816     0.04174920306113275
       3.5792969       2.3561945     0.04174920306112242

       3.6394531      0.78539816     0.04255318362597277
       3.6394531       2.3561945     0.04255318362595289

       3.6996094      0.78539816      0.0433361583041103
       3.6996094       2.3561945     0.04333615830409553

       3.7597656      0.78539816     0.04409699530334233
       3.7597656       2.3561945     0.04409699530331711

       3.8199219      0.78539816     0.04483458094812642
       3.8199219       2.3561945     0.04483458094809911

       3.8800781      0.78539816     0.04554782054408976
       3.8800781       2.3561945     0.04554782054405893

       3.9402344      0.78539816     0.04623563921135166
       3.9402344       2.3561945     0.04623563921131192

       4.0003906      0.78539816      0.0468969826864283
       4.0003906       2.3561945     0.04689698268638146

       4.0605469      0.78539816     0.04753081809310255
       4.0605469       2.3561945     0.04753081809306318

       4.1207031      0.78539816     0.04813613468189687
       4.1207031       2.3561945     0.04813613468185022

       4.1808594      0.78539816     0.04871194453865053
       4.1808594       2.3561945     0.04871194453859694

       4.2410156      0.78539816     0.04925728326211463
       4.2410156       2.3561945     0.04925728326205625

       4.3011719      0.78539816     0.04977121061098859
       4.3011719       2.3561945     0.04977121061091402

       4.3613281      0.78539816     0.05025281112042759
       4.3613281       2.3561945      0.0502528111203541

       4.4214844      0.78539816      0.0507011946885331
       4.4214844       2.3561945     0.05070119468846612

       4.4816406      0.78539816     0.05111549713300681
       4.4816406       2.3561945     0.05111549713293874

       4.5417969      0.78539816     0.05149488071832963
       4.5417969       2.3561945     0.05149488071826386

       4.6019531      0.78539816     0.05183853465391174
       4.6019531       2.3561945     0.05183853465383662

       4.6621094      0.78539816     0.05214567556353453
       4.6621094       2.3561945     0.05214567556344622

       4.7222656      0.78539816     0.05241554792654813
       4.7222656       2.3561945     0.05241554792645453

       4.7824219      0.78539816     0.05264742449122654
       4.7824219       2.3561945     0.05264742449113308

       4.8425781      0.78539816     0.05284060666080768
       4.8425781       2.3561945     0.05284060666073013

       4.9027344      0.78539816     0.05299442485253712
       4.9027344       2.3561945     0.05299442485245857

       4.9628906      0.78539816     0.05310823883027925
       4.9628906       2.3561945     0.05310823883020754

       5.0230469      0.78539816     0.05318143801119542
       5.0230469       2.3561945     0.05318143801113583

       5.0832031      0.78539816     0.05321344174686504
       5.0832031       2.3561945     0.05321344174678683

       5.1433594      0.78539816     0.05320369957936432
       5.1433594       2.3561945     0.05320369957927812

       5.2035156      0.78539816     0.05315169147284914
       5.2035156       2.3561945     0.05315169147277908

       5.2636719      0.78539816     0.05305692802106417
       5.2636719       2.3561945     0.05305692802098552

       5.3238281      0.78539816      0.0529189506311169
       5.3238281       2.3561945     0.05291895063105272

       5.3839844      0.78539816     0.05273733168428631
       5.3839844       2.3561945     0.05273733168423833

       5.4441406      0.78539816      0.0525116746739956
       5.4441406       2.3561945     0.05251167467394536

       5.5042969      0.78539816      0.0522416143215328
       5.5042969       2.3561945     0.05224161432147913

       5.5644531      0.78539816     0.05192681667010429
       5.5644531       2.3561945     0.05192681667003765

       5.6246094      0.78539816      0.0515669791572895
       5.6246094       2.3561945      0.0515669791572245

       5.6847656      0.78539816     0.05116183066665092
       5.6847656       2.3561945     0.05116183066658195

       5.7449219      0.78539816     0.05071113155873981
       5.7449219       2.3561945     0.05071113155866991

       5.8050781      0.78539816     0.05021467368182462
       5.8050781       2.3561945     0.05021467368176388

       5.8652344      0.78539816     0.04967228036287728
       5.8652344       2.3561945     0.04967228036282017

       5.9253906      0.78539816     0.04908380637902653
       5.9253906       2.3561945     0.04908380637894168

       5.9855469      0.78539816     0.04844913790978529
       5.9855469       2.3561945     0.04844913790972264

       6.0457031      0.78539816     0.04776819247072243
       6.0457031       2.3561945     0.04776819247065986

       6.1058594      0.78539816     0.04704091882822427
       6.1058594       2.3561945     0.04704091882815662

       6.1660156      0.78539816     0.04626729689640366
       6.1660156       2.3561945      0.0462672968963401

       6.2261719      0.78539816     0.04544733761577443
       6.2261719       2.3561945     0.04544733761569943

       6.2863281      0.78539816     0.04458108281439952
       6.2863281       2.3561945     0.04458108281432988

       6.3464844      0.78539816     0.04366860505154507
       6.3464844       2.3561945     0.04366860505148632

       6.4066406      0.78539816     0.04271000744407632
       6.4066406       2.3561945     0.04271000744402473

       6.4667969      0.78539816     0.04170542347589938
       6.4667969       2.3561945     0.04170542347584792

       6.5269531      0.78539816     0.04065501679056717
       6.5269531       2.3561945     0.04065501679052438

       6.5871094      0.78539816     0.03955898096730549
       6.5871094       2.3561945     0.03955898096726963

       6.6472656      0.78539816     0.03841753928055187
       6.6472656       2.3561945     0.03841753928051864

       6.7074219      0.78539816      0.0372309444432835
       6.7074219       2.3561945     0.03723094444324945

       6.7675781      0.78539816      0.0359994783341409
       6.7675781       2.3561945     0.03599947833409246

       6.8277344      0.78539816     0.03472345170867468
       6.8277344       2.3561945     0.03472345170863913

       6.8878906      0.78539816     0.03340320389473017
       6.8878906       2.3561945     0.03340320389471731

       6.9480469      0.78539816     0.03203910247210604
       6.9480469       2.3561945     0.03203910247209936

       7.0082031      0.78539816     0.03063154293664365
       7.0082031       2.3561945     0.03063154293664537

       7.0683594      0.78539816     0.02918094834882273
       7.0683594       2.3561945     0.02918094834882587

       7.1285156      0.78539816     0.02768776896703915
       7.1285156       2.3561945     0.02768776896703547

       7.1886719      0.78539816     0.02615248186569199
       7.1886719       2.3561945     0.02615248186568007

       7.2488281      0.78539816      0.0245755905380077
       7.2488281       2.3561945     0.02457559053801093

       7.3089844      0.78539816     0.02295762448399716
       7.3089844       2.3561945     0.02295762448401639

       7.3691406      0.78539816     0.02129913878341038
       7.3691406       2.3561945     0.02129913878344201

       7.4292969      0.78539816     0.01960071365389603
       7.4292969       2.3561945     0.01960071365392731

       7.4894531      0.78539816     0.01786295399452235
       7.4894531       2.3561945     0.01786295399454802

       7.5496094      0.78539816     0.01608648891466608
       7.5496094       2.3561945     0.01608648891470114

       7.6097656      0.78539816      0.0142719712485717
       7.6097656       2.3561945     0.01427197124859242

       7.6699219      0.78539816     0.01242007705548285
       7.6699219       2.3561945      0.0124200770555153

       7.7300781      0.78539816     0.01053150510573566
       7.7300781       2.3561945     0.01053150510577025

       7.7902344      0.78539816    0.008606976352772357
       7.7902344       2.3561945    0.008606976352820442

       7.8503906      0.78539816    0.006647233391347614
       7.8503906       2.3561945    0.006647233391390092

       7.9105469      0.78539816     0.00465303990193142
       7.9105469       2.3561945    0.004653039901957645

       7.9707031      0.78539816    0.002625180081882218
       7.9707031       2.3561945    0.002625180081915068

       8.0308594      0.78539816   0.0005644580631509797
       8.0308594       2.3561945   0.0005644580631652962

       8.0910156      0.78539816   -0.001528302683084637
       8.0910156       2.3561945   -0.001528302683072579

       8.1511719      0.78539816    -0.00365225995444072
       8.1511719       2.3561945   -0.003652259954418165

       8.2113281      0.78539816   -0.005806553438115997
       8.2113281       2.3561945   -0.005806553438085007

       8.2714844      0.78539816   -0.007990305343857957
       8.2714844       2.3561945   -0.007990305343824467

       8.3316406      0.78539816    -0.01020262104908621
       8.3316406       2.3561945    -0.01020262104905488

       8.3917969      0.78539816     -0.0124425897554702
       8.3917969       2.3561945    -0.01244258975543914

       8.4519531      0.78539816    -0.01470928515718057
       8.4519531       2.3561945    -0.01470928515714677

       8.5121094      0.78539816    -0.01700176611995955
       8.5121094       2.3561945    -0.01700176611992325

       8.5722656      0.78539816    -0.01931907737092263
       8.5722656       2.3561945    -0.01931907737089027

       8.6324219      0.78539816    -0.02166025019864987
       8.6324219       2.3561945    -0.02166025019861004

       8.6925781      0.78539816    -0.02402430316303569
       8.6925781       2.3561945     -0.0240243031629791

       8.7527344      0.78539816    -0.02641024281462767
       8.7527344       2.3561945    -0.02641024281457812

       8.8128906      0.78539816    -0.02881706442288734
       8.8128906       2.3561945     -0.0288170644228315

       8.8730469      0.78539816    -0.03124375271284064
       8.8730469       2.3561945    -0.03124375271278749

       8.9332031      0.78539816    -0.03368928260982624
       8.9332031       2.3561945    -0.03368928260979892

       8.9933594      0.78539816    -0.03615261999152357
       8.9933594       2.3561945    -0.03615261999147779

       9.0535156      0.78539816    -0.03863272244685367
       9.0535156       2.3561945     -0.0386327224467813

       9.1136719      0.78539816     -0.0411285400412945
       9.1136719       2.3561945    -0.04112854004122262

       9.1738281      0.78539816    -0.04363901608775105
       9.1738281       2.3561945    -0.04363901608769367

       9.2339844      0.78539816    -0.04616308792257202
       9.2339844       2.3561945    -0.04616308792250832

       9.2941406      0.78539816    -0.04869968768596071
       9.2941406       2.3561945    -0.04869968768591437

       9.3542969      0.78539816    -0.05124774310618822
       9.3542969       2.3561945    -0.05124774310614787

       9.4144531      0.78539816    -0.05380617828686934
       9.4144531       2.3561945    -0.05380617828681148

       9.4746094      0.78539816    -0.05637391449659065
       9.4746094       2.3561945    -0.05637391449652416

       9.5347656      0.78539816    -0.05894987096028546
       9.5347656       2.3561945     -0.0589498709602146

       9.5949219      0.78539816    -0.06153296565152689
       9.5949219       2.3561945    -0.06153296565145159

       9.6550781      0.78539816    -0.06412211608497335
       9.6550781       2.3561945    -0.06412211608490877

       9.7152344      0.78539816    -0.06671624010822474
       9.7152344       2.3561945    -0.06671624010816611

       9.7753906      0.78539816    -0.06931425669239794
       9.7753906       2.3561945    -0.06931425669233919

       9.8355469      0.78539816    -0.07191508672049779
       9.8355469       2.3561945    -0.07191508672043823

       9.8957031      0.78539816      -0.074517653772807
       9.8957031       2.3561945    -0.07451765377274133

       9.9558594      0.78539816    -0.07712088490862926
       9.9558594       2.3561945    -0.07712088490855895

       10.016016      0.78539816    -0.07972371144341954
       10.016016       2.3561945    -0.07972371144334976

       10.076172      0.78539816    -0.08232506972044748
       10.076172       2.3561945    -0.08232506972039438

       10.136328      0.78539816    -0.08492390187636609
       10.136328       2.3561945    -0.08492390187631245

       10.196484      0.78539816    -0.08751915659963122
       10.196484       2.3561945    -0.08751915659959027

       10.256641      0.78539816    -0.09010978988116555
       10.256641       2.3561945    -0.09010978988112341

       10.316797      0.78539816    -0.09269476575617061
       10.316797       2.3561945    -0.09269476575612143

       10.376953      0.78539816    -0.09527305703654014
       10.376953       2.3561945    -0.09527305703650517

       10.437109      0.78539816    -0.09784364603292495
       10.437109       2.3561945    -0.09784364603290847

       10.497266      0.78539816     -0.1004055252655711
       10.497266       2.3561945     -0.1004055252655642

       10.557422      0.78539816     -0.1029576981631994
       10.557422       2.3561945     -0.1029576981631874

       10.617578      0.78539816      -0.105499179749232
       10.617578       2.3561945       -0.10549917974922

       10.677734      0.78539816     -0.1080289973144479
       10.677734       2.3561945     -0.1080289973144359

       10.737891      0.78539816     -0.1105461910751966
       10.737891       2.3561945     -0.1105461910751983

       10.798047      0.78539816     -0.1130498148168355
       10.798047       2.3561945     -0.1130498148168482

       10.858203      0.78539816     -0.1155389365211274
       10.858203       2.3561945     -0.1155389365211515

       10.918359      0.78539816     -0.1180126389772924
       10.918359       2.3561945     -0.1180126389773133

       10.978516      0.78539816     -0.1204700203757819
       10.978516       2.3561945     -0.1204700203757817

       11.038672      0.78539816      -0.122910194884327
       11.038672       2.3561945     -0.1229101948843223

       11.098828      0.78539816     -0.1253322932053352
       11.098828       2.3561945     -0.1253322932053311

       11.158984      0.78539816     -0.1277354631142824
       11.158984       2.3561945     -0.1277354631142811

       11.219141      0.78539816     -0.1301188699783202
       11.219141       2.3561945      -0.130118869978327

       11.279297      0.78539816     -0.1324816972547048
       11.279297       2.3561945     -0.1324816972546963

       11.339453      0.78539816      -0.134823146968314
       11.339453       2.3561945     -0.1348231469683135

       11.399609      0.78539816     -0.1371424401679628
       11.399609       2.3561945     -0.1371424401679712

       11.459766      0.78539816      -0.139438817360968
       11.459766       2.3561945     -0.1394388173609731

       11.519922      0.78539816     -0.1417115389254182
       11.519922       2.3561945     -0.1417115389253884

       11.580078      0.78539816     -0.1439598854998997
       11.580078       2.3561945     -0.1439598854998611

       11.640234      0.78539816     -0.1461831583503728
       11.640234       2.3561945     -0.1461831583503442

       11.700391      0.78539816     -0.1483806797136833
       11.700391       2.3561945     -0.1483806797136423

       11.760547      0.78539816     -0.1505517931174817
       11.760547       2.3561945     -0.1505517931174279

       11.820703      0.78539816     -0.1526958636764065
       11.820703       2.3561945     -0.1526958636763762

       11.880859      0.78539816     -0.1548122783643123
       11.880859       2.3561945     -0.1548122783642676

       11.941016      0.78539816     -0.1569004462622144
       11.941016       2.3561945     -0.1569004462621243

       12.001172      0.78539816     -0.1589597987817883
       12.001172       2.3561945     -0.1589597987817242

       12.061328      0.78539816     -0.1609897898650149
       12.061328       2.3561945     -0.1609897898649521

       12.121484      0.78539816     -0.1629898961586965
       12.121484       2.3561945     -0.1629898961586152

       12.181641      0.78539816      -0.164959617164874
       12.181641       2.3561945     -0.1649596171647978

       12.241797      0.78539816     -0.1668984753668797
       12.241797       2.3561945     -0.1668984753668203

       12.301953      0.78539816     -0.1688060163308141
       12.301953       2.3561945     -0.1688060163307228

       12.362109      0.78539816     -0.1706818087828102
       12.362109       2.3561945     -0.1706818087827266

       12.422266      0.78539816     -0.1725254446623615
       12.422266       2.3561945     -0.1725254446623047

       12.482422      0.78539816     -0.1743365391515621
       12.482422       2.3561945     -0.1743365391515022

       12.542578      0.78539816     -0.1761147306806325
       12.542578       2.3561945     -0.1761147306805558

       12.602734      0.78539816     -0.1778596809100156
       12.602734       2.3561945     -0.1778596809099565

       12.662891      0.78539816     -0.1795710746894345
       12.662891       2.3561945     -0.1795710746893715

       12.723047      0.78539816     -0.1812486199939527
       12.723047       2.3561945     -0.1812486199938933

       12.783203      0.78539816     -0.1828920478376304
       12.783203       2.3561945     -0.1828920478375905

       12.843359      0.78539816     -0.1845011121651726
       12.843359       2.3561945     -0.1845011121651352

       12.903516      0.78539816     -0.1860755897217601
       12.903516       2.3561945     -0.1860755897217094

       12.963672      0.78539816     -0.1876152799018465
       12.963672       2.3561945     -0.1876152799018021

       13.023828      0.78539816      -0.189120004577121
       13.023828       2.3561945     -0.1891200045770995

       13.083984      0.78539816     -0.1905896079044112
       13.083984       2.3561945     -0.1905896079043814

       13.144141      0.78539816     -0.1920239561136837
       13.144141       2.3561945     -0.1920239561136678

       13.204297      0.78539816     -0.1934229372772147
       13.204297       2.3561945     -0.1934229372771982

       13.264453      0.78539816     -0.1947864610599897
       13.264453       2.3561945     -0.1947864610599493

       13.324609      0.78539816     -0.1961144584523964
       13.324609       2.3561945     -0.1961144584523498

       13.384766      0.78539816     -0.1974068814854029
       13.384766       2.3561945     -0.1974068814853928

       13.444922      0.78539816     -0.1986637029293604
       13.444922       2.3561945     -0.1986637029293426

       13.505078      0.78539816      -0.199884915976567
       13.505078       2.3561945     -0.1998849159765363

       13.565234      0.78539816     -0.2010705339086046
       13.565234       2.3561945     -0.2010705339085677

       13.625391      0.78539816     -0.2022205897492822
       13.625391       2.3561945     -0.2022205897492446

       13.685547      0.78539816     -0.2033351359028421
       13.685547       2.3561945     -0.2033351359027939

       13.745703      0.78539816     -0.2044142437812501
       13.745703       2.3561945     -0.2044142437812189

       13.805859      0.78539816     -0.2054580034127812
       13.805859       2.3561945     -0.2054580034127519

       13.866016      0.78539816     -0.2064665230553696
       13.866016       2.3561945     -0.2064665230553218

       13.926172      0.78539816     -0.2074399287550394
       13.926172       2.3561945     -0.2074399287549739

       13.986328      0.78539816      -0.208378364010498
       13.986328       2.3561945      -0.208378364010456

       14.046484      0.78539816     -0.2092819891201842
       14.046484       2.3561945      -0.209281989120177

       14.106641      0.78539816     -0.2101509813316977
       14.106641       2.3561945     -0.2101509813316763

       14.166797      0.78539816     -0.2109855328526849
       14.166797       2.3561945     -0.2109855328526542

       14.226953      0.78539816     -0.2117858544662354
       14.226953       2.3561945     -0.2117858544662152

       14.287109      0.78539816     -0.2125521642104203
       14.287109       2.3561945     -0.2125521642104019

       14.347266      0.78539816     -0.2132847154374016
       14.347266       2.3561945     -0.2132847154373958

       14.407422      0.78539816     -0.2139837299901278
       14.407422       2.3561945     -0.2139837299901387

       14.467578      0.78539816     -0.2146495124071252
       14.467578       2.3561945     -0.2146495124071256

       14.527734      0.78539816      -0.215282233793804
       14.527734       2.3561945     -0.2152822337937831

       14.587891      0.78539816     -0.2158838164429165
       14.587891       2.3561945     -0.2158838164429005

       14.648047      0.78539816     -0.2164429744908268
       14.648047       2.3561945     -0.2164429744908199

       14.708203      0.78539816     -0.2169913790068092
       14.708203       2.3561945     -0.2169913790068213

       14.768359      0.78539816      -0.217633148394938
       14.768359       2.3561945     -0.2176331483949257

       14.828516      0.78539816      -0.217054667844131
       14.828516       2.3561945     -0.2170546678440964

       14.888672      0.78539816      -0.219302566330318
       14.888672       2.3561945     -0.2193025663303111

       14.948828      0.78539816     -0.3976478416832857
       14.948828       2.3561945     -0.3976478416830859

       15.008984      0.78539816      0.8030354025233483
       15.008984       2.3561945      0.8030354025226034

       15.069141      0.78539816      -470.5564376018129
       15.069141       2.3561945      -470.5564376007998

       15.129297      0.78539816  -8.936506506025597e+64
       15.129297       2.3561945  -8.936506505756803e+64

       15.189453      0.78539816                    -nan
       15.189453       2.3561945                    -nan

       15.249609      0.78539816   3.178490403878352e+67
       15.249609       2.3561945 -3.912400633333271e+117

       15.309766      0.78539816   3.218635651475903e+68
       15.309766       2.3561945 -7.739878945207771e+119

       15.369922      0.78539816  1.933609973175457e+142
       15.369922       2.3561945  1.933609972174176e+142

       15.430078      0.78539816                    -nan
       15.430078       2.3561945                    -nan

       15.490234      0.78539816      -1560377.381618895
       15.490234       2.3561945      -1560377.381616123

       15.550391      0.78539816       327.1618399830925
       15.550391       2.3561945        327.161839982987

       15.610547      0.78539816      -36.31507382296324
       15.610547       2.3561945      -36.31507382295135

