# File created on Tue Jul  7 15:36:44 2026
# Data for Inflation GW initial data initial data at coord time 0 and central proper time 0
# Evolved with (136,10,9) gridpoints (including 4 ghosts)
# Evolution with geodesic slicing and constant shift shift condition 
# data for phi = 3.14159
#              r           theta                a_pp
#===============================================================
        0.078125      0.78539816   6.545919333162023e-05
        0.078125       2.3561945   6.545919333167573e-05

        0.234375      0.78539816   0.0004628335972454571
        0.234375       2.3561945   0.0004628335972455022

        0.390625      0.78539816   0.0007927878748885559
        0.390625       2.3561945   0.0007927878748885767

        0.546875      0.78539816   0.0006008591522376989
        0.546875       2.3561945   0.0006008591522377128

        0.703125      0.78539816  -0.0002328152133552491
        0.703125       2.3561945  -0.0002328152133552421

        0.859375      0.78539816   -0.001528310539005605
        0.859375       2.3561945   -0.001528310539005591

        1.015625      0.78539816   -0.002960353986454757
        1.015625       2.3561945   -0.002960353986454757

        1.171875      0.78539816   -0.004209496198120683
        1.171875       2.3561945   -0.004209496198120659

        1.328125      0.78539816   -0.005066179278218389
        1.328125       2.3561945   -0.005066179278218339

        1.484375      0.78539816   -0.005468158712806404
        1.484375       2.3561945   -0.005468158712806395

        1.640625      0.78539816   -0.005476991381952007
        1.640625       2.3561945   -0.005476991381951998

        1.796875      0.78539816   -0.005219482838550612
        1.796875       2.3561945   -0.005219482838550588

        1.953125      0.78539816   -0.004827158527659405
        1.953125       2.3561945   -0.004827158527659446

        2.109375      0.78539816   -0.004398404283917757
        2.109375       2.3561945    -0.00439840428391779

        2.265625      0.78539816   -0.003989193586085953
        2.265625       2.3561945    -0.00398919358608592

        2.421875      0.78539816   -0.003622422454740459
        2.421875       2.3561945   -0.003622422454740471

        2.578125      0.78539816   -0.003302100907777941
        2.578125       2.3561945   -0.003302100907778014

        2.734375      0.78539816   -0.003024214322824859
        2.734375       2.3561945   -0.003024214322824936

        2.890625      0.78539816   -0.002782609648828081
        2.890625       2.3561945   -0.002782609648828106

        3.046875      0.78539816   -0.002571386958027787
        3.046875       2.3561945   -0.002571386958027777

        3.203125      0.78539816   -0.002385561702845334
        3.203125       2.3561945    -0.00238556170284532

        3.359375      0.78539816   -0.002221080393288864
        3.359375       2.3561945   -0.002221080393288857

        3.515625      0.78539816   -0.002074667061743606
        3.515625       2.3561945   -0.002074667061743628

        3.671875      0.78539816   -0.001943661164034932
        3.671875       2.3561945   -0.001943661164034963

        3.828125      0.78539816   -0.001825884773820841
        3.828125       2.3561945   -0.001825884773820863

        3.984375      0.78539816   -0.001719540282493684
        3.984375       2.3561945   -0.001719540282493706

        4.140625      0.78539816   -0.001623132356462627
        4.140625       2.3561945   -0.001623132356462631

        4.296875      0.78539816   -0.001535408066964939
        4.296875       2.3561945   -0.001535408066964881

        4.453125      0.78539816   -0.001455310535787225
        4.453125       2.3561945   -0.001455310535787105

        4.609375      0.78539816   -0.001381942703142113
        4.609375       2.3561945   -0.001381942703142028

        4.765625      0.78539816   -0.001314538751379935
        4.765625       2.3561945   -0.001314538751379925

        4.921875      0.78539816    -0.00125244137691684
        4.921875       2.3561945    -0.00125244137691687

        5.078125      0.78539816   -0.001195083571600461
        5.078125       2.3561945   -0.001195083571600511

        5.234375      0.78539816   -0.001141973911769297
        5.234375       2.3561945   -0.001141973911769328

        5.390625      0.78539816   -0.001092684598201523
        5.390625       2.3561945   -0.001092684598201534

        5.546875      0.78539816    -0.00104684167002477
        5.546875       2.3561945    -0.00104684167002481

        5.703125      0.78539816   -0.001004116949052778
        5.703125       2.3561945   -0.001004116949052829

        5.859375      0.78539816  -0.0009642213708517231
        5.859375       2.3561945  -0.0009642213708517174

        6.015625      0.78539816  -0.0009268994342080741
        6.015625       2.3561945  -0.0009268994342080244

        6.171875      0.78539816  -0.0008919245580319869
        6.171875       2.3561945  -0.0008919245580319487

        6.328125      0.78539816  -0.0008590951787234021
        6.328125       2.3561945  -0.0008590951787234127

        6.484375      0.78539816  -0.0008282314550135501
        6.484375       2.3561945  -0.0008282314550135783

        6.640625      0.78539816  -0.0007991724737303565
        6.640625       2.3561945   -0.000799172473730351

        6.796875      0.78539816  -0.0007717738706328241
        6.796875       2.3561945  -0.0007717738706327559

        6.953125      0.78539816  -0.0007459057967632531
        6.953125       2.3561945  -0.0007459057967631713

        7.109375      0.78539816  -0.0007214511736858589
        7.109375       2.3561945  -0.0007214511736858382

        7.265625      0.78539816  -0.0006983041912744745
        7.265625       2.3561945   -0.000698304191274477

        7.421875      0.78539816   -0.000676369009959182
        7.421875       2.3561945  -0.0006763690099591431

        7.578125      0.78539816  -0.0006555586359818609
        7.578125       2.3561945   -0.000655558635981807

        7.734375      0.78539816  -0.0006357939435830708
        7.734375       2.3561945  -0.0006357939435830441

        7.890625      0.78539816  -0.0006170028224095827
        7.890625       2.3561945  -0.0006170028224095779

        8.046875      0.78539816  -0.0005991194319971961
        8.046875       2.3561945  -0.0005991194319972011

        8.203125      0.78539816  -0.0005820835481072931
        8.203125       2.3561945  -0.0005820835481073229

        8.359375      0.78539816  -0.0005658399881017019
        8.359375       2.3561945   -0.000565839988101787

        8.515625      0.78539816  -0.0005503381045297654
        8.515625       2.3561945  -0.0005503381045298757

        8.671875      0.78539816  -0.0005355313377516781
        8.671875       2.3561945  -0.0005355313377517661

        8.828125      0.78539816  -0.0005213768197971659
        8.828125       2.3561945  -0.0005213768197972168

        8.984375      0.78539816  -0.0005078350228076381
        8.984375       2.3561945  -0.0005078350228076502

        9.140625      0.78539816  -0.0004948694463730431
        9.140625       2.3561945  -0.0004948694463730342

        9.296875      0.78539816  -0.0004824463388837198
        9.296875       2.3561945  -0.0004824463388837213

        9.453125      0.78539816  -0.0004705344486965413
        9.453125       2.3561945  -0.0004705344486965558

        9.609375      0.78539816  -0.0004591048014873763
        9.609375       2.3561945   -0.000459104801487404

        9.765625      0.78539816  -0.0004481305006500685
        9.765625       2.3561945  -0.0004481305006501277

        9.921875      0.78539816  -0.0004375865480248472
        9.921875       2.3561945  -0.0004375865480249189

       10.078125      0.78539816  -0.0004274496826107078
       10.078125       2.3561945  -0.0004274496826107484

       10.234375      0.78539816  -0.0004176982352409916
       10.234375       2.3561945  -0.0004176982352409948

       10.390625      0.78539816  -0.0004083119974693812
       10.390625       2.3561945  -0.0004083119974693826

       10.546875      0.78539816  -0.0003992721031139039
       10.546875       2.3561945  -0.0003992721031139487

       10.703125      0.78539816  -0.0003905609210424032
       10.703125       2.3561945  -0.0003905609210425082

       10.859375      0.78539816  -0.0003821619578850121
       10.859375       2.3561945  -0.0003821619578851178

       11.015625      0.78539816  -0.0003740597694848384
       11.015625       2.3561945  -0.0003740597694848723

       11.171875      0.78539816  -0.0003662398801010309
       11.171875       2.3561945  -0.0003662398801009993

       11.328125      0.78539816  -0.0003586887086622038
       11.328125       2.3561945  -0.0003586887086621611

       11.484375      0.78539816  -0.0003513935016546041
       11.484375       2.3561945  -0.0003513935016545653

       11.640625      0.78539816  -0.0003443422723770855
       11.640625       2.3561945  -0.0003443422723770026

       11.796875      0.78539816  -0.0003375237461802338
       11.796875       2.3561945  -0.0003375237461800852

       11.953125      0.78539816   -0.000330927310934267
       11.953125       2.3561945  -0.0003309273109340876

       12.109375      0.78539816  -0.0003245429715324039
       12.109375       2.3561945  -0.0003245429715322575

       12.265625      0.78539816  -0.0003183613070613277
       12.265625       2.3561945  -0.0003183613070612504

       12.421875      0.78539816  -0.0003123734296397854
       12.421875       2.3561945   -0.000312373429639731

       12.578125      0.78539816  -0.0003065709448545042
       12.578125       2.3561945  -0.0003065709448544494

       12.734375      0.78539816  -0.0003009459148489537
       12.734375       2.3561945  -0.0003009459148489288

       12.890625      0.78539816  -0.0002954908258184318
       12.890625       2.3561945  -0.0002954908258184726

       13.046875      0.78539816  -0.0002901985613753223
       13.046875       2.3561945   -0.000290198561375416

       13.203125      0.78539816    -0.00028506238185691
       13.203125       2.3561945  -0.0002850623818569944

       13.359375      0.78539816  -0.0002800759076726978
       13.359375       2.3561945  -0.0002800759076727386

       13.515625      0.78539816  -0.0002752331032207225
       13.515625       2.3561945  -0.0002752331032206969

       13.671875      0.78539816  -0.0002705282577187249
       13.671875       2.3561945  -0.0002705282577186472

       13.828125      0.78539816  -0.0002659559608891788
       13.828125       2.3561945  -0.0002659559608890903

       13.984375      0.78539816  -0.0002615110742946492
       13.984375       2.3561945  -0.0002615110742945726

       14.140625      0.78539816  -0.0002571887019914157
       14.140625       2.3561945  -0.0002571887019913848

       14.296875      0.78539816  -0.0002529841656629374
       14.296875       2.3561945  -0.0002529841656629922

       14.453125      0.78539816  -0.0002488929886688141
       14.453125       2.3561945  -0.0002488929886689477

       14.609375      0.78539816   -0.000244910890645485
       14.609375       2.3561945  -0.0002449108906456407

       14.765625      0.78539816  -0.0002410337905309549
       14.765625       2.3561945  -0.0002410337905310995

       14.921875      0.78539816  -0.0002372578127846238
       14.921875       2.3561945  -0.0002372578127847748

       15.078125      0.78539816  -0.0002335792904643382
       15.078125       2.3561945  -0.0002335792904644878

       15.234375      0.78539816  -0.0002299947601009285
       15.234375       2.3561945  -0.0002299947601010473

       15.390625      0.78539816  -0.0002265009462533623
       15.390625       2.3561945  -0.0002265009462534372

       15.546875      0.78539816  -0.0002230947373259792
       15.546875       2.3561945  -0.0002230947373260154

       15.703125      0.78539816   -0.000219773157231287
       15.703125       2.3561945  -0.0002197731572313183

       15.859375      0.78539816  -0.0002165333393172474
       15.859375       2.3561945  -0.0002165333393173083

       16.015625      0.78539816  -0.0002133725070826078
       16.015625       2.3561945  -0.0002133725070826766

       16.171875      0.78539816  -0.0002102879655339375
       16.171875       2.3561945  -0.0002102879655339644

       16.328125      0.78539816  -0.0002072771007343199
       16.328125       2.3561945  -0.0002072771007342933

       16.484375      0.78539816   -0.000204337392935144
       16.484375       2.3561945  -0.0002043373929350624

       16.640625      0.78539816  -0.0002014664239945052
       16.640625       2.3561945  -0.0002014664239944007

       16.796875      0.78539816  -0.0001986619053171689
       16.796875       2.3561945  -0.0001986619053170942

       16.953125      0.78539816  -0.0001959216480323345
       16.953125       2.3561945  -0.0001959216480323353

       17.109375      0.78539816  -0.0001932436456356339
       17.109375       2.3561945  -0.0001932436456357172

       17.265625      0.78539816  -0.0001906258913925304
       17.265625       2.3561945  -0.0001906258913926459

       17.421875      0.78539816  -0.0001880667667971776
       17.421875       2.3561945  -0.0001880667667972608

       17.578125      0.78539816  -0.0001855641049064785
       17.578125       2.3561945  -0.0001855641049065078

       17.734375      0.78539816  -0.0001831172131818739
       17.734375       2.3561945  -0.0001831172131818764

       17.890625      0.78539816  -0.0001807222975428493
       17.890625       2.3561945  -0.0001807222975428298

       18.046875      0.78539816   -0.000178382719688157
       18.046875       2.3561945  -0.0001783827196881212

       18.203125      0.78539816  -0.0001760858789835919
       18.203125       2.3561945  -0.0001760858789835614

       18.359375      0.78539816   -0.000173854996771669
       18.359375       2.3561945  -0.0001738549967716582

       18.515625      0.78539816  -0.0001716329633834931
       18.515625       2.3561945  -0.0001716329633834885

       18.671875      0.78539816  -0.0001695432713374993
       18.671875       2.3561945  -0.0001695432713374954

       18.828125      0.78539816  -0.0001673041872749413
       18.828125       2.3561945  -0.0001673041872749455

       18.984375      0.78539816  -0.0001655435558485486
       18.984375       2.3561945   -0.000165543555848537

       19.140625      0.78539816   -0.000162846871076183
       19.140625       2.3561945  -0.0001628468710761334

       19.296875      0.78539816  -0.0001623749676691318
       19.296875       2.3561945  -0.0001623749676690405

       19.453125      0.78539816  -0.0001570116894919743
       19.453125       2.3561945  -0.0001570116894918744

       19.609375      0.78539816  -0.0001629802439729233
       19.609375       2.3561945  -0.0001629802439728541

       19.765625      0.78539816  -0.0001446591350469853
       19.765625       2.3561945    -0.00014465913504694

       19.921875      0.78539816  -0.0001717430249321097
       19.921875       2.3561945  -0.0001717430249320701

       20.078125      0.78539816                       0
       20.078125       2.3561945                       0

       20.234375      0.78539816                       0
       20.234375       2.3561945                       0

       20.390625      0.78539816                       0
       20.390625       2.3561945                       0

       20.546875      0.78539816                       0
       20.546875       2.3561945                       0

