# File created on Wed Jul  8 11:31:18 2026
# Data for Inflation GW initial data initial data at coord time 1.12447 and central proper time 1.12447
# Evolved with (264,10,9) gridpoints (including 4 ghosts)
# Evolution with geodesic slicing and constant shift shift condition 
# data for phi = 3.14159
#              r           theta                a_pp
#===============================================================
     0.025065104      0.78539816   4.536391909317333e-07
     0.025065104       2.3561945   4.536392016973045e-07

     0.075195312      0.78539816   4.329279836848897e-05
     0.075195312       2.3561945   4.329279836918117e-05

      0.12532552      0.78539816   0.0001444640933905504
      0.12532552       2.3561945   0.0001444640933865076

      0.17545573      0.78539816   0.0002734108114273623
      0.17545573       2.3561945   0.0002734108114328659

      0.22558594      0.78539816    0.000456216805395637
      0.22558594       2.3561945   0.0004562168053942946

      0.27571615      0.78539816   0.0006780458895845159
      0.27571615       2.3561945   0.0006780458895776061

      0.32584635      0.78539816   0.0009476140848098708
      0.32584635       2.3561945   0.0009476140848126007

      0.37597656      0.78539816    0.001258072399539331
      0.37597656       2.3561945    0.001258072399538811

      0.42610677      0.78539816    0.001614127118691403
      0.42610677       2.3561945    0.001614127118678538

      0.47623698      0.78539816    0.002011180027681511
      0.47623698       2.3561945    0.002011180027678565

      0.52636719      0.78539816    0.002450995074831591
      0.52636719       2.3561945    0.002450995074821161

       0.5764974      0.78539816    0.002933222121741401
       0.5764974       2.3561945    0.002933222121740912

       0.6266276      0.78539816    0.003452425205795608
       0.6266276       2.3561945    0.003452425205789918

      0.67675781      0.78539816    0.004016995482505085
      0.67675781       2.3561945    0.004016995482495656

      0.72688802      0.78539816    0.004612493043173186
      0.72688802       2.3561945    0.004612493043158128

      0.77701823      0.78539816    0.005247603366373251
      0.77701823       2.3561945     0.00524760336636576

      0.82714844      0.78539816    0.005921590714395698
      0.82714844       2.3561945    0.005921590714384179

      0.87727865      0.78539816      0.0065992220038786
      0.87727865       2.3561945    0.006599222003860373

      0.92740885      0.78539816    0.007300981087298169
      0.92740885       2.3561945    0.007300981087254151

      0.97753906      0.78539816    0.008078807635921038
      0.97753906       2.3561945    0.008078807635877571

       1.0276693      0.78539816    0.008933483603608631
       1.0276693       2.3561945    0.008933483603571234

       1.0777995      0.78539816    0.009838051932185888
       1.0777995       2.3561945    0.009838051932166164

       1.1279297      0.78539816     0.01078076450673655
       1.1279297       2.3561945     0.01078076450670752

       1.1780599      0.78539816     0.01176001834514672
       1.1780599       2.3561945     0.01176001834512356

       1.2281901      0.78539816     0.01277356211920842
       1.2281901       2.3561945     0.01277356211919228

       1.2783203      0.78539816     0.01381914692034969
       1.2783203       2.3561945     0.01381914692032788

       1.3284505      0.78539816     0.01489542659611166
       1.3284505       2.3561945     0.01489542659609324

       1.3785807      0.78539816     0.01600129953946006
       1.3785807       2.3561945     0.01600129953944082

       1.4287109      0.78539816     0.01713571954288963
       1.4287109       2.3561945     0.01713571954288306

       1.4788411      0.78539816     0.01829773052558533
       1.4788411       2.3561945     0.01829773052556941

       1.5289714      0.78539816     0.01948642760551315
       1.5289714       2.3561945     0.01948642760550051

       1.5791016      0.78539816     0.02070092848183791
       1.5791016       2.3561945     0.02070092848182454

       1.6292318      0.78539816     0.02194036572394657
       1.6292318       2.3561945     0.02194036572393668

        1.679362      0.78539816     0.02320388106972053
        1.679362       2.3561945     0.02320388106970684

       1.7294922      0.78539816     0.02449062184963278
       1.7294922       2.3561945     0.02449062184962977

       1.7796224      0.78539816     0.02579973980254307
       1.7796224       2.3561945     0.02579973980253775

       1.8297526      0.78539816     0.02713039100960417
       1.8297526       2.3561945      0.0271303910095979

       1.8798828      0.78539816     0.02848173649022861
       1.8798828       2.3561945     0.02848173649022125

        1.930013      0.78539816     0.02985294323255194
        1.930013       2.3561945     0.02985294323255265

       1.9801432      0.78539816     0.03124318545492749
       1.9801432       2.3561945     0.03124318545492233

       2.0302734      0.78539816     0.03265164597262952
       2.0302734       2.3561945     0.03265164597263001

       2.0804036      0.78539816     0.03407751759078671
       2.0804036       2.3561945     0.03407751759077639

       2.1305339      0.78539816      0.0355200044698541
       2.1305339       2.3561945     0.03552000446984528

       2.1806641      0.78539816     0.03697832342942451
       2.1806641       2.3561945     0.03697832342942475

       2.2307943      0.78539816     0.03845170516806959
       2.2307943       2.3561945     0.03845170516806794

       2.2809245      0.78539816     0.03993939538606019
       2.2809245       2.3561945     0.03993939538605456

       2.3310547      0.78539816     0.04144065580320974
       2.3310547       2.3561945     0.04144065580319857

       2.3811849      0.78539816     0.04295476506816997
       2.3811849       2.3561945     0.04295476506817584

       2.4313151      0.78539816     0.04448101955823475
       2.4313151       2.3561945     0.04448101955822874

       2.4814453      0.78539816      0.0460187340705531
       2.4814453       2.3561945     0.04601873407054324

       2.5315755      0.78539816     0.04756724240706804
       2.5315755       2.3561945     0.04756724240706071

       2.5817057      0.78539816     0.04912589785616194
       2.5817057       2.3561945     0.04912589785616056

       2.6318359      0.78539816     0.05069407357498391
       2.6318359       2.3561945     0.05069407357497827

       2.6819661      0.78539816     0.05227116287641442
       2.6819661       2.3561945      0.0522711628764066

       2.7320964      0.78539816     0.05385657942515615
       2.7320964       2.3561945     0.05385657942514589

       2.7822266      0.78539816      0.0554497573476922
       2.7822266       2.3561945     0.05544975734768037

       2.8323568      0.78539816      0.0570501512605771
       2.8323568       2.3561945     0.05705015126056183

        2.882487      0.78539816     0.05865723622189165
        2.882487       2.3561945     0.05865723622188157

       2.9326172      0.78539816     0.06027050761075268
       2.9326172       2.3561945     0.06027050761074736

       2.9827474      0.78539816      0.0618894809392608
       2.9827474       2.3561945      0.0618894809392485

       3.0328776      0.78539816     0.06351369160182899
       3.0328776       2.3561945      0.0635136916018144

       3.0830078      0.78539816     0.06514269456636336
       3.0830078       2.3561945     0.06514269456635428

        3.133138      0.78539816     0.06677606401161815
        3.133138       2.3561945     0.06677606401160548

       3.1832682      0.78539816     0.06841339291523907
       3.1832682       2.3561945     0.06841339291523292

       3.2333984      0.78539816     0.07005429259673854
       3.2333984       2.3561945     0.07005429259672245

       3.2835286      0.78539816     0.07169839221948175
       3.2835286       2.3561945     0.07169839221947094

       3.3336589      0.78539816     0.07334533825566431
       3.3336589       2.3561945     0.07334533825565494

       3.3837891      0.78539816     0.07499479391820911
       3.3837891       2.3561945      0.0749947939182012

       3.4339193      0.78539816     0.07664643856316748
       3.4339193       2.3561945     0.07664643856316067

       3.4840495      0.78539816     0.07829996706622223
       3.4840495       2.3561945     0.07829996706620473

       3.5341797      0.78539816     0.07995508917676064
       3.5341797       2.3561945     0.07995508917674622

       3.5843099      0.78539816     0.08161152885279507
       3.5843099       2.3561945     0.08161152885278072

       3.6344401      0.78539816      0.0832690235797605
       3.6344401       2.3561945     0.08326902357974744

       3.6845703      0.78539816     0.08492732367623894
       3.6845703       2.3561945     0.08492732367622505

       3.7347005      0.78539816     0.08658619158935218
       3.7347005       2.3561945     0.08658619158934767

       3.7848307      0.78539816     0.08824540118254723
       3.7848307       2.3561945     0.08824540118254529

       3.8349609      0.78539816     0.08990473701821924
       3.8349609       2.3561945     0.08990473701821561

       3.8850911      0.78539816     0.09156399363772227
       3.8850911       2.3561945     0.09156399363771732

       3.9352214      0.78539816     0.09322297484086947
       3.9352214       2.3561945     0.09322297484086685

       3.9853516      0.78539816     0.09488149296711276
       3.9853516       2.3561945     0.09488149296710474

       4.0354818      0.78539816     0.09653936818031257
       4.0354818       2.3561945     0.09653936818030658

        4.085612      0.78539816     0.09819642775895109
        4.085612       2.3561945     0.09819642775894366

       4.1357422      0.78539816      0.0998525053935739
       4.1357422       2.3561945     0.09985250539357553

       4.1858724      0.78539816      0.1015074404930316
       4.1858724       2.3561945      0.1015074404930395

       4.2360026      0.78539816      0.1031610775010779
       4.2360026       2.3561945      0.1031610775010852

       4.2861328      0.78539816      0.1048132652246182
       4.2861328       2.3561945      0.1048132652246311

        4.336263      0.78539816      0.1064638561749153
        4.336263       2.3561945      0.1064638561749261

       4.3863932      0.78539816      0.1081127059229325
       4.3863932       2.3561945      0.1081127059229385

       4.4365234      0.78539816       0.109759672469851
       4.4365234       2.3561945      0.1097596724698586

       4.4866536      0.78539816      0.1114046156338518
       4.4866536       2.3561945      0.1114046156338627

       4.5367839      0.78539816      0.1130473964539686
       4.5367839       2.3561945      0.1130473964539799

       4.5869141      0.78539816      0.1146878766118889
       4.5869141       2.3561945       0.114687876611906

       4.6370443      0.78539816      0.1163259178724005
       4.6370443       2.3561945      0.1163259178724065

       4.6871745      0.78539816      0.1179613815429641
       4.6871745       2.3561945        0.11796138154298

       4.7373047      0.78539816      0.1195941279533519
       4.7373047       2.3561945      0.1195941279533705

       4.7874349      0.78539816      0.1212240159554809
       4.7874349       2.3561945      0.1212240159554896

       4.8375651      0.78539816      0.1228509024442014
       4.8375651       2.3561945      0.1228509024442016

       4.8876953      0.78539816      0.1244746418992323
       4.8876953       2.3561945      0.1244746418992356

       4.9378255      0.78539816      0.1260950859485572
       4.9378255       2.3561945       0.126095085948568

       4.9879557      0.78539816      0.1277120829535138
       4.9879557       2.3561945      0.1277120829535259

       5.0380859      0.78539816      0.1293254776158048
       5.0380859       2.3561945      0.1293254776158071

       5.0882161      0.78539816      0.1309351106065507
       5.0882161       2.3561945      0.1309351106065498

       5.1383464      0.78539816      0.1325408182175569
       5.1383464       2.3561945      0.1325408182175567

       5.1884766      0.78539816       0.134142432034627
       5.1884766       2.3561945      0.1341424320346329

       5.2386068      0.78539816      0.1357397786330543
       5.2386068       2.3561945      0.1357397786330715

        5.288737      0.78539816      0.1373326792950348
        5.288737       2.3561945      0.1373326792950543

       5.3388672      0.78539816      0.1389209497489275
       5.3388672       2.3561945      0.1389209497489379

       5.3889974      0.78539816      0.1405043999302711
       5.3889974       2.3561945        0.14050439993028

       5.4391276      0.78539816      0.1420828337643306
       5.4391276       2.3561945      0.1420828337643365

       5.4892578      0.78539816      0.1436560489696823
       5.4892578       2.3561945      0.1436560489696887

        5.539388      0.78539816      0.1452238368827264
        5.539388       2.3561945      0.1452238368827388

       5.5895182      0.78539816      0.1467859823025469
       5.5895182       2.3561945      0.1467859823025633

       5.6396484      0.78539816       0.148342263355777
       5.6396484       2.3561945      0.1483422633557845

       5.6897786      0.78539816      0.1498924513810833
       5.6897786       2.3561945      0.1498924513810953

       5.7399089      0.78539816      0.1514363108327183
       5.7399089       2.3561945      0.1514363108327317

       5.7900391      0.78539816      0.1529735992024063
       5.7900391       2.3561945       0.152973599202418

       5.8401693      0.78539816      0.1545040669592135
       5.8401693       2.3561945      0.1545040669592165

       5.8902995      0.78539816      0.1560274575065053
       5.8902995       2.3561945      0.1560274575065088

       5.9404297      0.78539816       0.157543507155387
       5.9404297       2.3561945      0.1575435071553906

       5.9905599      0.78539816      0.1590519451140422
       5.9905599       2.3561945      0.1590519451140493

       6.0406901      0.78539816       0.160552493492011
       6.0406901       2.3561945      0.1605524934920222

       6.0908203      0.78539816      0.1620448673186914
       6.0908203       2.3561945      0.1620448673187039

       6.1409505      0.78539816      0.1635287745752484
       6.1409505       2.3561945      0.1635287745752668

       6.1910807      0.78539816      0.1650039162388681
       6.1910807       2.3561945      0.1650039162388917

       6.2412109      0.78539816      0.1664699863386553
       6.2412109       2.3561945      0.1664699863386735

       6.2913411      0.78539816      0.1679266720222003
       6.2913411       2.3561945       0.167926672022215

       6.3414714      0.78539816      0.1693736536318091
       6.3414714       2.3561945      0.1693736536318262

       6.3916016      0.78539816      0.1708106047894795
       6.3916016       2.3561945      0.1708106047894933

       6.4417318      0.78539816      0.1722371924895677
       6.4417318       2.3561945      0.1722371924895785

        6.491862      0.78539816      0.1736530771980567
        6.491862       2.3561945      0.1736530771980714

       6.5419922      0.78539816      0.1750579129575109
       6.5419922       2.3561945      0.1750579129575269

       6.5921224      0.78539816      0.1764513474966835
       6.5921224       2.3561945      0.1764513474967154

       6.6422526      0.78539816      0.1778330223437194
       6.6422526       2.3561945      0.1778330223437468

       6.6923828      0.78539816      0.1792025729417782
       6.6923828       2.3561945      0.1792025729417873

        6.742513      0.78539816      0.1805596287662881
        6.742513       2.3561945      0.1805596287662957

       6.7926432      0.78539816      0.1819038134424659
       6.7926432       2.3561945      0.1819038134424795

       6.8427734      0.78539816      0.1832347448623619
       6.8427734       2.3561945      0.1832347448623668

       6.8929036      0.78539816      0.1845520353003199
       6.8929036       2.3561945      0.1845520353003281

       6.9430339      0.78539816      0.1858552915258415
       6.9430339       2.3561945      0.1858552915258425

       6.9931641      0.78539816      0.1871441149129508
       6.9931641       2.3561945      0.1871441149129476

       7.0432943      0.78539816      0.1884181015450818
       7.0432943       2.3561945      0.1884181015450815

       7.0934245      0.78539816      0.1896768423145296
       7.0934245       2.3561945      0.1896768423145325

       7.1435547      0.78539816      0.1909199230157644
       7.1435547       2.3561945      0.1909199230157619

       7.1936849      0.78539816      0.1921469244316712
       7.1936849       2.3561945      0.1921469244316635

       7.2438151      0.78539816      0.1933574224120236
       7.2438151       2.3561945          0.193357422412

       7.2939453      0.78539816      0.1945509879433673
       7.2939453       2.3561945      0.1945509879433471

       7.3440755      0.78539816      0.1957271872098129
       7.3440755       2.3561945      0.1957271872098045

       7.3942057      0.78539816      0.1968855816439016
       7.3942057       2.3561945      0.1968855816438901

       7.4443359      0.78539816      0.1980257279671778
       7.4443359       2.3561945      0.1980257279671698

       7.4944661      0.78539816      0.1991471782200873
       7.4944661       2.3561945      0.1991471782200808

       7.5445964      0.78539816      0.2002494797804786
       7.5445964       2.3561945      0.2002494797804672

       7.5947266      0.78539816      0.2013321753706933
       7.5947266       2.3561945      0.2013321753706936

       7.6448568      0.78539816      0.2023948030527658
       7.6448568       2.3561945      0.2023948030527748

        7.694987      0.78539816      0.2034368962115827
        7.694987       2.3561945      0.2034368962115838

       7.7451172      0.78539816      0.2044579835260263
       7.7451172       2.3561945      0.2044579835260197

       7.7952474      0.78539816      0.2054575889279952
       7.7952474       2.3561945      0.2054575889279894

       7.8453776      0.78539816      0.2064352315492994
       7.8453776       2.3561945      0.2064352315493013

       7.8955078      0.78539816      0.2073904256566436
       7.8955078       2.3561945      0.2073904256566295

        7.945638      0.78539816         0.2083226805748
        7.945638       2.3561945       0.208322680574781

       7.9957682      0.78539816       0.209231500598419
       7.9957682       2.3561945       0.209231500598403

       8.0458984      0.78539816      0.2101163848928584
       8.0458984       2.3561945      0.2101163848928411

       8.0960286      0.78539816      0.2109768273843132
       8.0960286       2.3561945      0.2109768273842893

       8.1461589      0.78539816      0.2118123166400632
       8.1461589       2.3561945      0.2118123166400483

       8.1962891      0.78539816      0.2126223357392517
       8.1962891       2.3561945       0.212622335739251

       8.2464193      0.78539816      0.2134063621348511
       8.2464193       2.3561945      0.2134063621348589

       8.2965495      0.78539816      0.2141638675078442
       8.2965495       2.3561945      0.2141638675078435

       8.3466797      0.78539816      0.2148943176144391
       8.3466797       2.3561945      0.2148943176144409

       8.3968099      0.78539816      0.2155971721270578
       8.3968099       2.3561945      0.2155971721270551

       8.4469401      0.78539816      0.2162718844703293
       8.4469401       2.3561945      0.2162718844703187

       8.4970703      0.78539816      0.2169179016530533
       8.4970703       2.3561945      0.2169179016530453

       8.5472005      0.78539816      0.2175346640971983
       8.5472005       2.3561945      0.2175346640971874

       8.5973307      0.78539816      0.2181216054653568
       8.5973307       2.3561945      0.2181216054653518

       8.6474609      0.78539816      0.2186781524879426
       8.6474609       2.3561945      0.2186781524879348

       8.6975911      0.78539816      0.2192037247912306
       8.6975911       2.3561945      0.2192037247912183

       8.7477214      0.78539816      0.2196977347278937
       8.7477214       2.3561945      0.2196977347278882

       8.7978516      0.78539816      0.2201595872113701
       8.7978516       2.3561945      0.2201595872113675

       8.8479818      0.78539816      0.2205886795554302
       8.8479818       2.3561945      0.2205886795554212

        8.898112      0.78539816      0.2209844013207396
        8.898112       2.3561945      0.2209844013207263

       8.9482422      0.78539816       0.221346134170027
       8.9482422       2.3561945      0.2213461341700142

       8.9983724      0.78539816       0.221673251733311
       8.9983724       2.3561945      0.2216732517333088

       9.0485026      0.78539816        0.22196511948501
       9.0485026       2.3561945       0.221965119485018

       9.0986328      0.78539816      0.2222210946344584
       9.0986328       2.3561945      0.2222210946344618

        9.148763      0.78539816      0.2224405260317832
        9.148763       2.3561945      0.2224405260317792

       9.1988932      0.78539816      0.2226227540908556
       9.1988932       2.3561945      0.2226227540908306

       9.2490234      0.78539816      0.2227671107310503
       9.2490234       2.3561945      0.2227671107310157

       9.2991536      0.78539816      0.2228729193398857
       9.2991536       2.3561945      0.2228729193398504

       9.3492839      0.78539816      0.2229394947579775
       9.3492839       2.3561945      0.2229394947579383

       9.3994141      0.78539816      0.2229661432884349
       9.3994141       2.3561945      0.2229661432883834

       9.4495443      0.78539816       0.222952162732517
       9.4495443       2.3561945      0.2229521627324776

       9.4996745      0.78539816       0.222896842453364
       9.4996745       2.3561945      0.2228968424533259

       9.5498047      0.78539816       0.222799463469707
       9.5498047       2.3561945      0.2227994634696643

       9.5999349      0.78539816      0.2226592985815539
       9.5999349       2.3561945      0.2226592985815119

       9.6500651      0.78539816      0.2224756125295542
       9.6500651       2.3561945      0.2224756125295297

       9.7001953      0.78539816      0.2222476621897926
       9.7001953       2.3561945      0.2222476621897768

       9.7503255      0.78539816      0.2219746968061552
       9.7503255       2.3561945      0.2219746968061593

       9.8004557      0.78539816      0.2216559582618357
       9.8004557       2.3561945      0.2216559582618149

       9.8505859      0.78539816      0.2212906813917954
       9.8505859       2.3561945      0.2212906813917585

       9.9007161      0.78539816       0.220878094338234
       9.9007161       2.3561945      0.2208780943382287

       9.9508464      0.78539816      0.2204174189504066
       9.9508464       2.3561945      0.2204174189503956

       10.000977      0.78539816      0.2199078712305169
       10.000977       2.3561945      0.2199078712304843

       10.051107      0.78539816      0.2193486618276385
       10.051107       2.3561945      0.2193486618276197

       10.101237      0.78539816      0.2187389965808777
       10.101237       2.3561945        0.21873899658087

       10.151367      0.78539816      0.2180780771134356
       10.151367       2.3561945      0.2180780771134262

       10.201497      0.78539816      0.2173651014791091
       10.201497       2.3561945      0.2173651014790823

       10.251628      0.78539816      0.2165992648623956
       10.251628       2.3561945      0.2165992648623714

       10.301758      0.78539816      0.2157797603336525
       10.301758       2.3561945      0.2157797603336434

       10.351888      0.78539816      0.2149057796604916
       10.351888       2.3561945      0.2149057796604999

       10.402018      0.78539816      0.2139765141763998
       10.402018       2.3561945      0.2139765141763997

       10.452148      0.78539816      0.2129911557076081
       10.452148       2.3561945      0.2129911557075957

       10.502279      0.78539816      0.2119488975570488
       10.502279       2.3561945      0.2119488975570493

       10.552409      0.78539816      0.2108489355571749
       10.552409       2.3561945      0.2108489355571901

       10.602539      0.78539816      0.2096904691748905
       10.602539       2.3561945      0.2096904691749223

       10.652669      0.78539816        0.20847270260369
       10.652669       2.3561945      0.2084727026036954

       10.702799      0.78539816      0.2071948462364651
       10.702799       2.3561945      0.2071948462364856

        10.75293      0.78539816      0.2058561180221004
        10.75293       2.3561945      0.2058561180221366

        10.80306      0.78539816      0.2044557420861431
        10.80306       2.3561945       0.204455742086159

        10.85319      0.78539816      0.2029929570873645
        10.85319       2.3561945      0.2029929570873874

        10.90332      0.78539816      0.2014670256181564
        10.90332       2.3561945      0.2014670256181817

       10.953451      0.78539816      0.1998771496997626
       10.953451       2.3561945      0.1998771496997871

       11.003581      0.78539816        0.19822261297219
       11.003581       2.3561945      0.1982226129722109

       11.053711      0.78539816      0.1965032092965851
       11.053711       2.3561945      0.1965032092966037

       11.103841      0.78539816      0.1947170865656375
       11.103841       2.3561945      0.1947170865656574

       11.153971      0.78539816      0.1928618479745677
       11.153971       2.3561945      0.1928618479745938

       11.204102      0.78539816      0.1909493706832502
       11.204102       2.3561945       0.190949370683248

       11.254232      0.78539816      0.1889694059230162
       11.254232       2.3561945      0.1889694059230315

       11.304362      0.78539816      0.1868456904253033
       11.304362       2.3561945       0.186845690425355

       11.354492      0.78539816      0.1847577573419371
       11.354492       2.3561945      0.1847577573419709

       11.404622      0.78539816      0.1829480450937246
       11.404622       2.3561945      0.1829480450937264

       11.454753      0.78539816      0.1799934480330059
       11.454753       2.3561945      0.1799934480330185

       11.504883      0.78539816      0.1761092321068979
       11.504883       2.3561945      0.1761092321069273

       11.555013      0.78539816      0.1798431217434306
       11.555013       2.3561945      0.1798431217434366

       11.605143      0.78539816      0.1888776648719163
       11.605143       2.3561945      0.1888776648718948

       11.655273      0.78539816      0.1790743884146465
       11.655273       2.3561945      0.1790743884146588

       11.705404      0.78539816      0.1831078574338693
       11.705404       2.3561945      0.1831078574337977

       11.755534      0.78539816      0.2853009629508911
       11.755534       2.3561945      0.2853009629506829

       11.805664      0.78539816      0.4182651354898628
       11.805664       2.3561945       0.418265135489703

       11.855794      0.78539816       0.466855875250685
       11.855794       2.3561945      0.4668558752506389

       11.905924      0.78539816      0.4740164825496204
       11.905924       2.3561945      0.4740164825495571

       11.956055      0.78539816      0.4993599439965143
       11.956055       2.3561945      0.4993599439964304

       12.006185      0.78539816      0.5330539422210779
       12.006185       2.3561945      0.5330539422210031

       12.056315      0.78539816      0.5493120888569728
       12.056315       2.3561945      0.5493120888569339

       12.106445      0.78539816      0.5528036780834846
       12.106445       2.3561945      0.5528036780834402

       12.156576      0.78539816       0.558069083267526
       12.156576       2.3561945      0.5580690832674767

       12.206706      0.78539816      0.5668606245860803
       12.206706       2.3561945      0.5668606245860165

       12.256836      0.78539816      0.5733715024186821
       12.256836       2.3561945      0.5733715024186292

       12.306966      0.78539816      0.5765302048793594
       12.306966       2.3561945      0.5765302048793266

       12.357096      0.78539816      0.5777557603421004
       12.357096       2.3561945      0.5777557603420445

       12.407227      0.78539816      0.5811790201581675
       12.407227       2.3561945      0.5811790201581095

       12.457357      0.78539816      0.5822136364980935
       12.457357       2.3561945      0.5822136364980558

       12.507487      0.78539816      0.5879153852419586
       12.507487       2.3561945      0.5879153852419209

       12.557617      0.78539816      0.5892826352810728
       12.557617       2.3561945      0.5892826352810272

       12.607747      0.78539816      0.4111084496061905
       12.607747       2.3561945      0.4111084496052247

       12.657878      0.78539816      0.5348220620188299
       12.657878       2.3561945      0.5348220620171549

       12.708008      0.78539816      -12.89803241792464
       12.708008       2.3561945      -12.89803241805684

       12.758138      0.78539816      -3.820597402517718
       12.758138       2.3561945      -3.820597402550697

       12.808268      0.78539816      -5.745963522317965
       12.808268       2.3561945      -5.745963522482239

       12.858398      0.78539816       3.279347972065708
       12.858398       2.3561945       3.279347972069252

       12.908529      0.78539816      -67.48213193347947
       12.908529       2.3561945      -67.48213193543899

       12.958659      0.78539816                    -nan
       12.958659       2.3561945                    -nan

       13.008789      0.78539816       -4.65698905299437
       13.008789       2.3561945      -4.656989053000442

