# File created on Wed Jul  8 11:33:14 2026
# ======================================== 
# = Running code assuming AXISYMMETRY    = 
# ======================================== 
# Data for Inflation GW initial data initial data at coord. time 0 and proper central time 0
# Evolved with (264,10,9) gridpoints (including 4 ghosts)
# Evolution with geodesic slicing and constant shift
# using eighth-order spatial differencing with 4 ghost zones 
# data 1 at theta = 0 and phi = 3.14159
# data 2 at theta = 1.5708 and phi = 3.14159
#                      r                    a_pp                    a_pp
#                               (     0,3.14159)        (1.5708,3.14159)
#========================================================================
            -0.210546875  -3.761264526352254e-05  -3.761264558188593e-05
            -0.150390625  -1.917343605305905e-05  -1.917343645974068e-05
    -0.09023437500000001  -6.898428564938719e-06  -6.898429495860725e-06
            -0.030078125  -7.662688140206569e-07  -7.662694430643491e-07
             0.030078125  -7.662700721080412e-07  -7.662694430643491e-07
     0.09023437500000001  -6.898430426782731e-06  -6.898429495860725e-06
             0.150390625  -1.917343686642231e-05  -1.917343645974068e-05
             0.210546875  -3.761264590024932e-05  -3.761264558188593e-05
             0.270703125  -6.224804382834112e-05  -6.224804358889724e-05
             0.330859375  -9.312219361032846e-05  -9.312219341989225e-05
             0.391015625  -0.0001302881608534305  -0.0001302881606969342
             0.451171875  -0.0001738094222098405  -0.0001738094220794517
             0.511328125  -0.0002237597557965196  -0.0002237597556852267
             0.571484375  -0.0002802231138751034  -0.0002802231137791766
      0.6316406250000001  -0.0003432934780570329  -0.0003432934779746821
             0.691796875  -0.0004130746973051349  -0.0004130746972334509
             0.751953125  -0.0004896803090354424  -0.0004896803089727841
             0.812109375  -0.0005732333436548678  -0.0005732333436002657
             0.872265625  -0.0006638661129220163  -0.0006638661128721135
      0.9324218750000001  -0.0007617199825155525  -0.0007617199824715426
             0.992578125   -0.000866945129261049  -0.0008669451292235286
             1.052734375  -0.0009797002834387603  -0.0009797002834057156
             1.112890625   -0.001100152456672374    -0.00110015245664552
             1.173046875   -0.001228476655928151   -0.001228476655903088
             1.233203125   -0.001364855584087634   -0.001364855584065405
             1.293359375   -0.001509479327734358     -0.0015094793277175
             1.353515625    -0.00166254503264582   -0.001662545032632468
             1.413671875   -0.001824256567621054    -0.00182425656761076
             1.473828125    -0.00199482417726321   -0.001994824177256049
             1.533984375   -0.002174464124302247   -0.002174464124299114
             1.594140625   -0.002363398322108431   -0.002363398322108357
             1.654296875   -0.002561853958086108   -0.002561853958086779
             1.714453125   -0.002770063108561352   -0.002770063108563814
             1.774609375   -0.002988262345843738   -0.002988262345844483
             1.834765625   -0.003216692338168171   -0.003216692338167126
             1.894921875   -0.003455597443163972   -0.003455597443162928
             1.955078125   -0.003705225295597395   -0.003705225295595083
             2.015234375    -0.00396582639001054   -0.003965826390009197
             2.075390625   -0.004237653659012772   -0.004237653659018292
             2.135546875   -0.004520962047893866   -0.004520962047904309
             2.195703125   -0.004816008086259269   -0.004816008086260537
             2.255859375    -0.00512304945732958   -0.005123049457333384
             2.316015625   -0.005442344565748998   -0.005442344565752877
             2.376171875    -0.00577415210438793   -0.005774152104381813
             2.436328125   -0.006118730620891071   -0.006118730620891966
             2.496484375   -0.006476338084774757   -0.006476338084783484
             2.556640625   -0.006847231455462486   -0.006847231455470393
             2.616796875   -0.007231666252151133   -0.007231666252154489
             2.676953125   -0.007629896126016866   -0.007629896126015001
             2.737109375   -0.008042172435393071    -0.00804217243539046
             2.797265625   -0.008468743824631052   -0.008468743824623592
             2.857421875   -0.008909855807072459   -0.008909855807066491
             2.917578125   -0.009365750352879539   -0.009365750352875735
             2.977734375   -0.009836665482167462   -0.009836665482162166
             3.037890625    -0.01032283486401184    -0.01032283486401325
             3.098046875    -0.01082448742198718    -0.01082448742199016
             3.158203125    -0.01134184694651802    -0.01134184694651996
             3.218359375    -0.01187513171470847    -0.01187513171471011
             3.278515625    -0.01242455411807615    -0.01242455411807675
             3.338671875    -0.01299032029866086    -0.01299032029865743
             3.398828125     -0.0135726297938993     -0.0135726297938949
             3.458984375     -0.0141716751906737    -0.01417167519067475
             3.519140625    -0.01478764178902096    -0.01478764178902342
             3.579296875    -0.01542070727572438    -0.01542070727572714
             3.639453125    -0.01607104140827569    -0.01607104140828158
             3.699609375    -0.01673880570944082    -0.01673880570945574
             3.759765625    -0.01742415317281463    -0.01742415317283641
             3.819921875    -0.01812722797956837    -0.01812722797958866
             3.880078125    -0.01884816522664794    -0.01884816522667293
             3.940234375    -0.01958709066683751    -0.01958709066686481
       4.000390625000001    -0.02034412046064973    -0.02034412046068262
             4.060546875    -0.02111936094043448    -0.02111936094047073
             4.120703125    -0.02191290838682225    -0.02191290838685783
             4.180859375    -0.02272484881760423    -0.02272484881764392
             4.241015625     -0.0235552577893489    -0.02355525778939127
       4.301171875000001    -0.02440420021165533    -0.02440420021169576
             4.361328125    -0.02527173017429331    -0.02527173017433665
             4.421484375    -0.02615789078731023    -0.02615789078736147
             4.481640625    -0.02706271403405739    -0.02706271403412192
             4.541796875    -0.02798622063727728    -0.02798622063734763
       4.601953125000001    -0.02892841993822789    -0.02892841993828704
             4.662109375    -0.02988930978880169    -0.02988930978885757
             4.722265625    -0.03086887645680697    -0.03086887645686404
             4.782421875     -0.0318670945441767    -0.03186709454424047
             4.842578125    -0.03288392691810987    -0.03288392691817171
       4.902734375000001    -0.03391932465514241    -0.03391932465521208
             4.962890625    -0.03497322699814767    -0.03497322699822525
             5.023046875    -0.03604556132591726    -0.03604556132598119
             5.083203125     -0.0371362431353671    -0.03713624313542446
             5.143359375    -0.03824517603639143    -0.03824517603643529
       5.203515625000001    -0.03937225175898469    -0.03937225175901654
             5.263671875    -0.04051735017260086    -0.04051735017264413
             5.323828125    -0.04168033931763991      -0.041680339317689
             5.383984375    -0.04286107544873097    -0.04286107544877349
             5.444140625    -0.04405940308977434    -0.04405940308982581
       5.504296875000001    -0.04527515510068077     -0.0452751551007291
             5.564453125    -0.04650815275509706    -0.04650815275513853
             5.624609375    -0.04775820582953932    -0.04775820582956908
             5.684765625    -0.04902511270331979    -0.04902511270335269
             5.744921875    -0.05030866046910591    -0.05030866046915738
       5.805078125000001     -0.0516086250540306    -0.05160862505408237
             5.865234375    -0.05292477135083226    -0.05292477135088142
             5.925390625     -0.0542568533590007    -0.05425685335905783
             5.985546875    -0.05560461433570395    -0.05560461433575953
             6.045703125    -0.05696778695596041    -0.05696778695602195
       6.105859375000001    -0.05834609348209856    -0.05834609348216607
             6.166015625    -0.05973924594203729    -0.05973924594208108
             6.226171875    -0.06114694631607344    -0.06114694631611506
             6.286328125    -0.06256888673220364    -0.06256888673224437
             6.346484375    -0.06400474966926407    -0.06400474966930958
       6.406640625000001    -0.06545420816796949    -0.06545420816801528
             6.466796875     -0.0669169260492255    -0.06691692604926325
             6.526953125    -0.06839255813971987    -0.06839255813975859
             6.587109375    -0.06988075050440759    -0.06988075050444914
             6.647265625    -0.07138114068541118     -0.0713811406854396
       6.707421875000001    -0.07289335794722231    -0.07289335794723961
             6.767578125    -0.07441702352791904    -0.07441702352793367
             6.827734375    -0.07595175089597901    -0.07595175089598438
             6.887890625    -0.07749714601242882    -0.07749714601244456
             6.948046875    -0.07905280759814312     -0.0790528075981658
       7.008203125000001    -0.08061832740568881    -0.08061832740571417
             7.068359375    -0.08219329049577517    -0.08219329049578039
             7.128515625    -0.08377727551775674    -0.08377727551775055
             7.188671875    -0.08536985499398342    -0.08536985499397476
             7.248828125    -0.08697059560779719     -0.0869705956077807
       7.308984375000001    -0.08857905849457469    -0.08857905849456388
             7.369140625    -0.09019479953583104    -0.09019479953581522
             7.429296875    -0.09181736965599091    -0.09181736965598158
             7.489453125    -0.09344631512146968    -0.09344631512145074
             7.549609375    -0.09508117784179311    -0.09508117784175857
       7.609765625000001    -0.09672149567252512    -0.09672149567249372
             7.669921875    -0.09836680271977784    -0.09836680271975046
             7.730078125     -0.1000166296458661     -0.1000166296458422
             7.790234375     -0.1016705039758299     -0.1016705039757995
             7.850390625     -0.1033279504047498     -0.1033279504047239
       7.910546875000001     -0.1049884911054235     -0.1049884911054083
             7.970703125      -0.106651646036121     -0.1066516460360889
             8.030859375     -0.1083169332482241     -0.1083169332481913
       8.091015625000001     -0.1099838691935907     -0.1099838691935687
       8.151171875000001     -0.1116519690311389     -0.1116519690311257
             8.211328125      -0.113320746932511     -0.1133207469325129
             8.271484375     -0.1149897163867824     -0.1149897163867847
             8.331640625     -0.1166583905035984     -0.1166583905035941
       8.391796875000001     -0.1183262823147505      -0.118326282314744
       8.451953125000001     -0.1199929050740284     -0.1199929050740078
             8.512109375     -0.1216577725547895      -0.121657772554759
             8.572265625     -0.1233203993453883     -0.1233203993453528
             8.632421875     -0.1249803011420773     -0.1249803011420238
       8.692578125000001     -0.1266369950390397     -0.1266369950389962
       8.752734375000001     -0.1282899998157707     -0.1282899998157372
             8.812890625     -0.1299388362210494      -0.129938836221009
             8.873046875     -0.1315830272536827     -0.1315830272536409
             8.933203125     -0.1332220984398329      -0.133222098439796
       8.993359375000001     -0.1348555781064972     -0.1348555781064641
       9.053515625000001     -0.1364829976511756     -0.1364829976511536
             9.113671875     -0.1381038918075408     -0.1381038918075317
             9.173828125     -0.1397177989067728     -0.1397177989067525
             9.233984375     -0.1413242611345374     -0.1413242611344898
       9.294140625000001     -0.1429228247834839     -0.1429228247834287
       9.354296875000001     -0.1445130405010227     -0.1445130405009682
             9.414453125     -0.1460944635322644     -0.1460944635322074
             9.474609375     -0.1476666539579219     -0.1476666539578766
             9.534765625     -0.1492291769272113      -0.149229176927174
       9.594921875000001     -0.1507816028854403        -0.1507816028854
       9.655078125000001     -0.1523235077961539     -0.1523235077961202
             9.715234375     -0.1538544733580072     -0.1538544733579711
             9.775390625     -0.1553740872158778     -0.1553740872158373
             9.835546875     -0.1568819431663243     -0.1568819431662854
       9.895703125000001     -0.1583776413572482     -0.1583776413572092
       9.955859375000001     -0.1598607884816684     -0.1598607884816299
            10.016015625     -0.1613309979655751     -0.1613309979655357
            10.076171875     -0.1627878901495268     -0.1627878901494842
            10.136328125     -0.1642310924643394     -0.1642310924642813
            10.196484375      -0.165660239600409     -0.1656602396003583
            10.256640625     -0.1670749736708164     -0.1670749736707836
            10.316796875     -0.1684749443681268      -0.168474944368097
            10.376953125     -0.1698598091145921     -0.1698598091145742
            10.437109375     -0.1712292332062426     -0.1712292332062352
            10.497265625      -0.172582889950199     -0.1725828899501884
            10.557421875     -0.1739204607955212     -0.1739204607955228
            10.617578125     -0.1752416354576563     -0.1752416354576722
            10.677734375     -0.1765461120361351     -0.1765461120361509
            10.737890625     -0.1778335971255742     -0.1778335971255871
            10.798046875     -0.1791038059203041     -0.1791038059202984
            10.858203125     -0.1803564623121904     -0.1803564623121829
            10.918359375     -0.1815912989817637     -0.1815912989817626
            10.978515625     -0.1828080574828567     -0.1828080574828624
            11.038671875     -0.1840064883204031     -0.1840064883204153
            11.098828125     -0.1851863510217364     -0.1851863510217448
            11.158984375     -0.1863474142011579      -0.186347414201166
            11.219140625     -0.1874894556180235     -0.1874894556180272
            11.279296875      -0.188612262228063     -0.1886122622280548
            11.339453125     -0.1897156302282448     -0.1897156302282401
            11.399609375     -0.1907993650951452     -0.1907993650951396
            11.459765625     -0.1918632816166989     -0.1918632816166843
            11.519921875     -0.1929072039175793     -0.1929072039175722
            11.580078125     -0.1939309654781424     -0.1939309654781433
            11.640234375     -0.1949344091470142      -0.194934409147029
            11.700390625     -0.1959173871474176      -0.195917387147398
            11.760546875      -0.196879761077031     -0.1968797610769865
            11.820703125     -0.1978214019019332     -0.1978214019019041
            11.880859375     -0.1987421899444298     -0.1987421899443969
            11.941015625     -0.1996420148645441     -0.1996420148644827
            12.001171875     -0.2005207756356144     -0.2005207756355629
            12.061328125     -0.2013783805143822     -0.2013783805143423
            12.121484375     -0.2022147470047096      -0.202214747004644
            12.181640625     -0.2030298018156898     -0.2030298018156392
            12.241796875     -0.2038234808145863     -0.2038234808145417
            12.301953125     -0.2045957289735508     -0.2045957289735106
            12.362109375     -0.2053465003112616     -0.2053465003112291
            12.422265625     -0.2060757578291521     -0.2060757578291159
            12.482421875     -0.2067834734423032     -0.2067834734422563
            12.542578125     -0.2074696279052054     -0.2074696279051557
            12.602734375     -0.2081342107325497     -0.2081342107325249
            12.662890625     -0.2087772201150775     -0.2087772201150462
            12.723046875     -0.2093986628303944     -0.2093986628303467
            12.783203125     -0.2099985541493192     -0.2099985541492747
            12.843359375      -0.210576917737572     -0.2105769177375427
            12.903515625     -0.2111337855530456     -0.2111337855530241
            12.963671875     -0.2116691977385703     -0.2116691977385529
            13.023828125     -0.2121832025106001     -0.2121832025105903
            13.083984375     -0.2126758560438302     -0.2126758560438162
            13.144140625     -0.2131472223517255     -0.2131472223517103
            13.204296875     -0.2135973731633277     -0.2135973731633329
            13.264453125     -0.2140263877964377      -0.214026387796433
            13.324609375     -0.2144343530269827     -0.2144343530269679
            13.384765625     -0.2148213629551878     -0.2148213629551854
            13.444921875     -0.2151875188685228     -0.2151875188684907
            13.505078125     -0.2155329291011814     -0.2155329291011381
            13.565234375     -0.2158577088909982     -0.2158577088909804
            13.625390625     -0.2161619802328412     -0.2161619802328339
            13.685546875     -0.2164458717310187      -0.216445871730995
            13.745703125     -0.2167095184442561     -0.2167095184442184
            13.805859375     -0.2169530617410978      -0.216953061741074
            13.866015625     -0.2171766491195986      -0.217176649119584
            13.926171875     -0.2173804341123916     -0.2173804341123774
            13.986328125     -0.2175645759603933     -0.2175645759603796
            14.046484375      -0.217729239884507     -0.2177292398844715
            14.106640625     -0.2178745957912571     -0.2178745957912093
            14.166796875     -0.2180008210453334     -0.2180008210453079
            14.226953125     -0.2181080926899075     -0.2181080926899174
            14.287109375     -0.2181966069524433     -0.2181966069524391
            14.347265625     -0.2182665283708336     -0.2182665283708102
            14.407421875     -0.2183181199528797      -0.218318119952877
            14.467578125     -0.2183514088956649     -0.2183514088956894
            14.527734375     -0.2183670407005751     -0.2183670407006008
            14.587890625     -0.2183641002875628      -0.218364100287576
            14.648046875     -0.2183456541513542     -0.2183456541513552
            14.708203125     -0.2183046866144597     -0.2183046866144529
            14.768359375     -0.2182596980371065     -0.2182596980370957
            14.828515625      -0.218164815334163     -0.2181648153341355
            14.888671875     -0.2181362108068689     -0.2181362108068552
            14.948828125     -0.2178831457923374     -0.2178831457923154
            15.008984375      -0.218134870285405      -0.218134870285363
            15.069140625     -0.2170696656025848     -0.2170696656025721
            15.129296875     -0.2192020906793183     -0.2192020906793191
            15.189453125     -0.2132383084495163     -0.2132383084494856
            15.249609375     -0.2278002645764632     -0.2278002645764149
            15.309765625     -0.1941426862992141     -0.1941426862991893
            15.369921875     -0.2545266761110631     -0.2545266761110429
            15.430078125                       0                       0
            15.490234375                       0                       0
            15.550390625                       0                       0
            15.610546875                       0                       0
