# File created on Wed Jul  8 11:31:17 2026
# ======================================== 
# = Running code assuming AXISYMMETRY    = 
# ======================================== 
# Data for Inflation GW initial data initial data at coord. time 1.12447 and proper central time 1.12447
# Evolved with (264,10,9) gridpoints (including 4 ghosts)
# Evolution with geodesic slicing and constant shift
# using eighth-order spatial differencing with 4 ghost zones 
# data 1 at theta = 0 and phi = 3.14159
# data 2 at theta = 1.5708 and phi = 3.14159
#                      r                    a_pp                    a_pp
#                               (     0,3.14159)        (1.5708,3.14159)
#========================================================================
     -0.1754557291666667   0.0002734108114338118   0.0002734108114301141
     -0.1253255208333333   0.0001444640933858127    0.000144464093388529
           -0.0751953125   4.329279836930014e-05   4.329279836883506e-05
    -0.02506510416666667    4.53639203547637e-07   4.536391963145189e-07
     0.02506510416666667   4.536391890814008e-07   4.536391963145189e-07
            0.0751953125   4.329279836836999e-05   4.329279836883506e-05
      0.1253255208333333   0.0001444640933912453    0.000144464093388529
      0.1754557291666667   0.0002734108114264164   0.0002734108114301141
            0.2255859375   0.0004562168053958677   0.0004562168053949658
      0.2757161458333334   0.0006780458895857036   0.0006780458895810611
      0.3258463541666667   0.0009476140848094016   0.0009476140848112358
            0.3759765625     0.00125807239953942    0.001258072399539071
      0.4261067708333334    0.001614127118693615    0.001614127118684971
      0.4762369791666667    0.002011180027682017    0.002011180027680038
            0.5263671875    0.002450995074833383    0.002450995074826376
      0.5764973958333334    0.002933222121741485    0.002933222121741156
      0.6266276041666667    0.003452425205796586    0.003452425205792763
            0.6767578125    0.004016995482506706     0.00401699548250037
      0.7268880208333334    0.004612493043175774    0.004612493043165657
      0.7770182291666667    0.005247603366374539    0.005247603366369506
            0.8271484375    0.005921590714397677    0.005921590714389939
      0.8772786458333334    0.006599222003881733    0.006599222003869486
      0.9274088541666667    0.007300981087305735     0.00730098108727616
            0.9775390625     0.00807880763592851    0.008078807635899306
       1.027669270833333     0.00893348360361506    0.008933483603589932
       1.077799479166667    0.009838051932189278    0.009838051932176026
            1.1279296875     0.01078076450674154     0.01078076450672204
       1.178059895833333      0.0117600183451507     0.01176001834513514
       1.228190104166667     0.01277356211921119     0.01277356211920035
            1.2783203125     0.01381914692035343     0.01381914692033879
       1.328450520833333     0.01489542659611482     0.01489542659610245
       1.378580729166667     0.01600129953946337     0.01600129953945044
            1.4287109375     0.01713571954289076     0.01713571954288634
       1.478841145833333     0.01829773052558807     0.01829773052557737
       1.528971354166667     0.01948642760551532     0.01948642760550683
            1.5791015625     0.02070092848184021     0.02070092848183122
       1.629231770833333     0.02194036572394827     0.02194036572394163
       1.679361979166667     0.02320388106972289     0.02320388106971369
            1.7294921875      0.0244906218496333     0.02449062184963128
       1.779622395833333     0.02579973980254398     0.02579973980254041
       1.829752604166667     0.02713039100960525     0.02713039100960104
            1.8798828125     0.02848173649022987     0.02848173649022493
       1.930013020833333     0.02985294323255181     0.02985294323255229
       1.980143229166667     0.03124318545492838     0.03124318545492491
            2.0302734375     0.03265164597262944     0.03265164597262976
       2.080403645833333     0.03407751759078849     0.03407751759078155
       2.130533854166667     0.03552000446985562     0.03552000446984969
            2.1806640625     0.03697832342942447     0.03697832342942463
       2.230794270833333     0.03845170516806987     0.03845170516806876
       2.280924479166667     0.03993939538606116     0.03993939538605737
            2.3310546875     0.04144065580321166     0.04144065580320416
       2.381184895833333     0.04295476506816896      0.0429547650681729
       2.431315104166667     0.04448101955823578     0.04448101955823174
            2.4814453125      0.0460187340705548     0.04601873407054817
       2.531575520833333      0.0475672424070693     0.04756724240706438
       2.581705729166667     0.04912589785616218     0.04912589785616125
            2.6318359375     0.05069407357498489      0.0506940735749811
       2.681966145833333     0.05227116287641577     0.05227116287641051
       2.732096354166667     0.05385657942515791     0.05385657942515102
            2.7822265625     0.05544975734769423     0.05544975734768628
       2.832356770833333     0.05705015126057972     0.05705015126056946
       2.882486979166667     0.05865723622189339     0.05865723622188661
            2.9326171875     0.06027050761075359     0.06027050761075002
       2.982747395833333     0.06188948093926291     0.06188948093925464
       3.032877604166667     0.06351369160183148     0.06351369160182169
            3.0830078125     0.06514269456636493     0.06514269456635882
       3.133138020833333     0.06677606401162033     0.06677606401161182
       3.183268229166667     0.06841339291524012     0.06841339291523599
            3.2333984375      0.0700542925967413     0.07005429259673049
       3.283528645833333     0.07169839221948361     0.07169839221947635
       3.333658854166667     0.07334533825566592     0.07334533825565961
            3.3837890625     0.07499479391821047     0.07499479391820515
       3.433919270833333     0.07664643856316865     0.07664643856316407
       3.484049479166667     0.07829996706622525     0.07829996706621348
            3.5341796875     0.07995508917676312     0.07995508917675342
       3.584309895833333     0.08161152885279753      0.0816115288527879
       3.634440104166667     0.08326902357976275     0.08326902357975396
            3.6845703125     0.08492732367624133     0.08492732367623199
       3.734700520833333     0.08658619158935296     0.08658619158934994
       3.784830729166667     0.08824540118254758     0.08824540118254626
            3.8349609375     0.08990473701821987     0.08990473701821743
       3.885091145833333     0.09156399363772313      0.0915639936377198
       3.935221354166667     0.09322297484086993     0.09322297484086817
            3.9853515625     0.09488149296711414     0.09488149296710875
       4.035481770833334      0.0965393681803136     0.09653936818030957
       4.085611979166667     0.09819642775895236     0.09819642775894738
            4.1357421875     0.09985250539357363     0.09985250539357472
       4.185872395833334      0.1015074404930302      0.1015074404930355
       4.236002604166667      0.1031610775010767      0.1031610775010816
            4.2861328125       0.104813265224616      0.1048132652246247
       4.336263020833334      0.1064638561749134      0.1064638561749207
       4.386393229166667      0.1081127059229315      0.1081127059229355
            4.4365234375      0.1097596724698497      0.1097596724698548
       4.486653645833334      0.1114046156338499      0.1114046156338573
       4.536783854166667      0.1130473964539667      0.1130473964539742
            4.5869140625       0.114687876611886      0.1146878766118974
       4.637044270833334      0.1163259178723994      0.1163259178724035
       4.687174479166667      0.1179613815429613      0.1179613815429721
            4.7373046875      0.1195941279533487      0.1195941279533612
       4.787434895833334      0.1212240159554795      0.1212240159554853
       4.837565104166667      0.1228509024442013      0.1228509024442015
            4.8876953125      0.1244746418992317       0.124474641899234
       4.937825520833334      0.1260950859485553      0.1260950859485626
       4.987955729166667      0.1277120829535117      0.1277120829535199
            5.0380859375      0.1293254776158044      0.1293254776158059
       5.088216145833334      0.1309351106065509      0.1309351106065503
       5.138346354166667      0.1325408182175569      0.1325408182175568
            5.1884765625       0.134142432034626      0.1341424320346299
       5.238606770833334      0.1357397786330513      0.1357397786330629
       5.288736979166667      0.1373326792950315      0.1373326792950446
            5.3388671875      0.1389209497489257      0.1389209497489327
       5.388997395833334      0.1405043999302696      0.1405043999302756
       5.439127604166667      0.1420828337643296      0.1420828337643336
            5.4892578125      0.1436560489696812      0.1436560489696855
       5.539388020833334      0.1452238368827243      0.1452238368827327
       5.589518229166667      0.1467859823025441      0.1467859823025551
            5.6396484375      0.1483422633557757      0.1483422633557807
       5.689778645833334      0.1498924513810812      0.1498924513810893
       5.739908854166667      0.1514363108327159       0.151436310832725
            5.7900390625      0.1529735992024043      0.1529735992024122
       5.840169270833334      0.1545040669592129       0.154504066959215
       5.890299479166667      0.1560274575065047       0.156027457506507
            5.9404296875      0.1575435071553863      0.1575435071553888
       5.990559895833334      0.1590519451140409      0.1590519451140457
       6.040690104166667       0.160552493492009      0.1605524934920166
            6.0908203125      0.1620448673186893      0.1620448673186977
       6.140950520833334      0.1635287745752452      0.1635287745752576
       6.191080729166667       0.165003916238864      0.1650039162388799
            6.2412109375      0.1664699863386522      0.1664699863386644
       6.291341145833334      0.1679266720221977      0.1679266720222076
       6.341471354166667      0.1693736536318061      0.1693736536318177
            6.3916015625      0.1708106047894772      0.1708106047894864
       6.441731770833334      0.1722371924895658      0.1722371924895731
       6.491861979166667      0.1736530771980542      0.1736530771980641
            6.5419921875      0.1750579129575081      0.1750579129575189
       6.592122395833334       0.176451347496678      0.1764513474966994
       6.642252604166667      0.1778330223437146      0.1778330223437331
            6.6923828125      0.1792025729417766      0.1792025729417827
       6.742513020833334      0.1805596287662868      0.1805596287662919
       6.792643229166667      0.1819038134424636      0.1819038134424727
            6.8427734375      0.1832347448623611      0.1832347448623644
       6.892903645833334      0.1845520353003185       0.184552035300324
       6.943033854166667      0.1858552915258413       0.185855291525842
            6.9931640625      0.1871441149129513      0.1871441149129492
       7.043294270833334      0.1884181015450818      0.1884181015450816
       7.093424479166667      0.1896768423145291      0.1896768423145311
            7.1435546875      0.1909199230157649      0.1909199230157632
       7.193684895833334      0.1921469244316726      0.1921469244316673
       7.243815104166667      0.1933574224120276      0.1933574224120118
            7.2939453125      0.1945509879433708      0.1945509879433572
       7.344075520833334      0.1957271872098144      0.1957271872098088
       7.394205729166667      0.1968855816439036      0.1968855816438958
            7.4443359375      0.1980257279671792      0.1980257279671738
       7.494466145833334      0.1991471782200885       0.199147178220084
       7.544596354166667      0.2002494797804805      0.2002494797804729
            7.5947265625      0.2013321753706933      0.2013321753706934
       7.644856770833334      0.2023948030527642      0.2023948030527703
       7.694986979166667      0.2034368962115825      0.2034368962115832
            7.7451171875      0.2044579835260274       0.204457983526023
       7.795247395833334      0.2054575889279962      0.2054575889279923
       7.845377604166667       0.206435231549299      0.2064352315493003
            7.8955078125       0.207390425656646      0.2073904256566365
       7.945638020833334      0.2083226805748033      0.2083226805747905
       7.995768229166667      0.2092315005984218       0.209231500598411
            8.0458984375      0.2101163848928614      0.2101163848928497
       8.096028645833334      0.2109768273843173      0.2109768273843012
       8.146158854166668      0.2118123166400657      0.2118123166400557
            8.1962890625      0.2126223357392518      0.2126223357392513
       8.246419270833334      0.2134063621348497       0.213406362134855
       8.296549479166668      0.2141638675078443      0.2141638675078438
            8.3466796875      0.2148943176144388        0.21489431761444
       8.396809895833334      0.2155971721270582      0.2155971721270565
       8.446940104166668      0.2162718844703311       0.216271884470324
            8.4970703125      0.2169179016530547      0.2169179016530493
       8.547200520833334      0.2175346640972002      0.2175346640971929
       8.597330729166668      0.2181216054653576      0.2181216054653543
            8.6474609375       0.218678152487944      0.2186781524879387
       8.697591145833334      0.2192037247912327      0.2192037247912245
       8.747721354166668      0.2196977347278947      0.2196977347278909
            8.7978515625      0.2201595872113706      0.2201595872113688
       8.847981770833334      0.2205886795554317      0.2205886795554257
       8.898111979166668      0.2209844013207419      0.2209844013207329
            8.9482421875      0.2213461341700292      0.2213461341700206
       8.998372395833334      0.2216732517333114      0.2216732517333099
       9.048502604166668      0.2219651194850086       0.221965119485014
            9.0986328125      0.2222210946344578      0.2222210946344601
       9.148763020833334      0.2224405260317839      0.2224405260317812
       9.198893229166668      0.2226227540908598      0.2226227540908431
            9.2490234375      0.2227671107310563       0.222767110731033
       9.299153645833334      0.2228729193398917       0.222872919339868
       9.349283854166668      0.2229394947579842      0.2229394947579579
            9.3994140625      0.2229661432884437      0.2229661432884091
       9.449544270833334      0.2229521627325238      0.2229521627324973
       9.499674479166668      0.2228968424533705       0.222896842453345
            9.5498046875      0.2227994634697143      0.2227994634696856
       9.599934895833334      0.2226592985815611      0.2226592985815329
       9.650065104166668      0.2224756125295584       0.222475612529542
            9.7001953125      0.2222476621897954      0.2222476621897848
       9.750325520833334      0.2219746968061544      0.2219746968061573
       9.800455729166668      0.2216559582618393      0.2216559582618253
            9.8505859375      0.2212906813918018       0.221290681391777
       9.900716145833334      0.2208780943382349      0.2208780943382314
       9.950846354166668      0.2204174189504085      0.2204174189504011
           10.0009765625      0.2199078712305225      0.2199078712305006
       10.05110677083333      0.2193486618276418      0.2193486618276291
       10.10123697916667       0.218738996580879      0.2187389965808739
           10.1513671875      0.2180780771134372      0.2180780771134309
       10.20149739583333      0.2173651014791137      0.2173651014790957
       10.25162760416667      0.2165992648623998      0.2165992648623835
           10.3017578125      0.2157797603336541       0.215779760333648
       10.35188802083333      0.2149057796604902      0.2149057796604957
       10.40201822916667      0.2139765141763998      0.2139765141763997
           10.4521484375      0.2129911557076103      0.2129911557076019
       10.50227864583333      0.2119488975570488      0.2119488975570491
       10.55240885416667      0.2108489355571723      0.2108489355571825
           10.6025390625       0.209690469174885      0.2096904691749064
       10.65266927083333      0.2084727026036891      0.2084727026036927
       10.70279947916667      0.2071948462364616      0.2071948462364753
           10.7529296875      0.2058561180220942      0.2058561180221185
       10.80305989583333      0.2044557420861404      0.2044557420861511
       10.85319010416667      0.2029929570873605      0.2029929570873759
           10.9033203125       0.201467025618152       0.201467025618169
       10.95345052083333      0.1998771496997584      0.1998771496997749
       11.00358072916667      0.1982226129721864      0.1982226129722004
           11.0537109375      0.1965032092965819      0.1965032092965944
       11.10384114583333      0.1947170865656341      0.1947170865656475
       11.15397135416667      0.1928618479745632      0.1928618479745808
           11.2041015625      0.1909493706832506      0.1909493706832491
       11.25423177083333      0.1889694059230136      0.1889694059230239
       11.30436197916667      0.1868456904252944      0.1868456904253291
           11.3544921875      0.1847577573419313       0.184757757341954
       11.40462239583333      0.1829480450937243      0.1829480450937255
       11.45475260416667      0.1799934480330037      0.1799934480330122
           11.5048828125      0.1761092321068928      0.1761092321069126
       11.55501302083333      0.1798431217434295      0.1798431217434336
       11.60514322916667        0.18887766487192      0.1888776648719055
           11.6552734375      0.1790743884146443      0.1790743884146526
       11.70540364583333      0.1831078574338817      0.1831078574338336
       11.75553385416667      0.2853009629509269       0.285300962950787
           11.8056640625      0.4182651354898903      0.4182651354897829
       11.85579427083333      0.4668558752506929       0.466855875250662
       11.90592447916667      0.4740164825496313      0.4740164825495888
           11.9560546875      0.4993599439965288      0.4993599439964724
       12.00618489583333      0.5330539422210908      0.5330539422210405
       12.05631510416667      0.5493120888569795      0.5493120888569534
           12.1064453125      0.5528036780834923      0.5528036780834624
       12.15657552083333      0.5580690832675345      0.5580690832675014
       12.20670572916667      0.5668606245860913      0.5668606245860484
           12.2568359375      0.5733715024186912      0.5733715024186556
       12.30696614583333       0.576530204879365       0.576530204879343
       12.35709635416667      0.5777557603421101      0.5777557603420724
           12.4072265625      0.5811790201581774      0.5811790201581385
       12.45735677083333      0.5822136364981001      0.5822136364980747
       12.50748697916667      0.5879153852419652      0.5879153852419398
           12.5576171875      0.5892826352810806      0.5892826352810501
       12.60774739583333      0.4111084496063566      0.4111084496057076
       12.65787760416667      0.5348220620191177      0.5348220620179924
           12.7080078125      -12.89803241790192      -12.89803241799074
       12.75813802083333       -3.82059740251205      -3.820597402534207
       12.80826822916667      -5.745963522289729      -5.745963522400102
           12.8583984375       3.279347972065099        3.27934797206748
       12.90852864583333      -67.48213193314267      -67.48213193445923
       12.95865885416667                    -nan                    -nan
           13.0087890625      -4.656989052993326      -4.656989052997405
