# File created on Wed Jul  8 11:31:12 2026
# ======================================== 
# = Running code assuming AXISYMMETRY    = 
# ======================================== 
# Data for Inflation GW initial data initial data at coord. time 0.0377973 and proper central time 0.0377973
# Evolved with (264,10,9) gridpoints (including 4 ghosts)
# Evolution with geodesic slicing and constant shift
# using eighth-order spatial differencing with 4 ghost zones 
# data 1 at theta = 0 and phi = 3.14159
# data 2 at theta = 1.5708 and phi = 3.14159
#                      r                    a_pp                    a_pp
#                               (     0,3.14159)        (1.5708,3.14159)
#========================================================================
     -0.1754557291666667   1.053423623736504e-05   1.053423588885312e-05
     -0.1253255208333333   5.388258663018826e-06   5.388258201586342e-06
           -0.0751953125   1.943050439382702e-06   1.943049978480753e-06
    -0.02506510416666667   2.160760060612714e-07   2.160760474173662e-07
     0.02506510416666667    2.16076088773461e-07   2.160760474173662e-07
            0.0751953125   1.943049517578803e-06   1.943049978480753e-06
      0.1253255208333333   5.388257740153858e-06   5.388258201586342e-06
      0.1754557291666667   1.053423554034119e-05   1.053423588885312e-05
            0.2255859375    1.73548039255309e-05   1.735480419302203e-05
      0.2757161458333334   2.581510090576513e-05   2.581510113052596e-05
      0.3258463541666667   3.587161531013798e-05   3.587161549720532e-05
            0.3759765625   4.747223109235887e-05   4.747223125200222e-05
      0.4261067708333334   6.055628036406246e-05    6.05562805012936e-05
      0.4762369791666667   7.505460517267149e-05   7.505460529157109e-05
            0.5263671875   9.088962766178097e-05   9.088962776669441e-05
      0.5764973958333334   0.0001079754287925896   0.0001079754288857626
      0.6266276041666667   0.0001262178355138629   0.0001262178355961673
            0.6767578125   0.0001455145160140194   0.0001455145160866904
      0.7268880208333334   0.0001657550832936915   0.0001657550833588122
      0.7770182291666667   0.0001868212069220185   0.0001868212069807294
            0.8271484375   0.0002085867324742301   0.0002085867325275551
      0.8772786458333334   0.0002309178087860196   0.0002309178088349753
      0.9274088541666667    0.000253673022861745   0.0002536730229052047
            0.9775390625   0.0002767035420213392   0.0002767035420602565
       1.027669270833333   0.0002998532634412661   0.0002998532634757185
       1.077799479166667   0.0003229589708927722   0.0003229589709227265
            1.1279296875   0.0003458504981645596   0.0003458504981909061
       1.178059895833333   0.0003683508992309332   0.0003683508992550961
       1.228190104166667   0.0003902766249491477   0.0003902766249715157
            1.2783203125    0.000411437705855902   0.0004114377058736848
       1.328450520833333   0.0004316379411391656   0.0004316379411538509
       1.378580729166667   0.0004506750935294583   0.0004506750935415149
            1.4287109375   0.0004683410896236274   0.0004683410896324035
       1.478841145833333   0.0004844222256169606   0.0004844222256231152
       1.528971354166667   0.0004986993781925909   0.0004986993781959052
            1.5791015625   0.0005109482201626327   0.0005109482201638438
       1.629231770833333   0.0005209394408248054    0.000520939440824313
       1.679361979166667   0.0005284389707701337   0.0005284389707683062
            1.7294921875    0.000533208210675627   0.0005332082106739094
       1.779622395833333   0.0005350042640044297    0.000535004264004437
       1.829752604166667   0.0005335801733335439   0.0005335801733344803
            1.8798828125   0.0005286851599121129   0.0005286851599122363
       1.930013020833333   0.0005200648663813812   0.0005200648663833667
       1.980143229166667   0.0005074616023410822   0.0005074616023431398
            2.0302734375   0.0004906145923565882    0.000490614592354601
       2.080403645833333    0.000469260226280633   0.0004692602262750729
       2.130533854166667   0.0004431323116006631   0.0004431323115941615
            2.1806640625   0.0004119623274496322   0.0004119623274440556
       2.230794270833333   0.0003754796801837634   0.0003754796801799527
       2.280924479166667   0.0003334119601338727   0.0003334119601313143
            2.3310546875   0.0002854851992829393   0.0002854851992825361
       2.381184895833333   0.0002314241296454545   0.0002314241296477044
       2.431315104166667   0.0001709524420634726   0.0001709524420626539
            2.4814453125   0.0001037930451645301   0.0001037930451592992
       2.531575520833333   2.966832426209165e-05   2.966832425420206e-05
       2.581705729166667  -5.169960011362108e-05  -5.169960011990223e-05
            2.6318359375  -0.0001405886142631296  -0.0001405886142649358
       2.681966145833333  -0.0002372763541917638  -0.0002372763541901751
       2.732096354166667  -0.0003420399495715208   -0.000342039949568475
            2.7822265625  -0.0004551557689838164    -0.00045515576897843
       2.832356770833333  -0.0005768991667014399  -0.0005768991666952705
       2.882486979166667  -0.0007075442312890279  -0.0007075442312835886
            2.9326171875  -0.0008473635361524529  -0.0008473635361480145
       2.982747395833333  -0.0009966278923079386  -0.0009966278923051785
       3.032877604166667   -0.001155606103598881   -0.001155606103599152
            3.0830078125   -0.001324564724476544   -0.001324564724477869
       3.133138020833333   -0.001503767820641522   -0.001503767820643787
       3.183268229166667   -0.001693476732780584   -0.001693476732783109
            3.2333984375   -0.001893949843453523   -0.001893949843454557
       3.283528645833333   -0.002105442347404264   -0.002105442347403224
       3.333658854166667   -0.002328206025490086    -0.00232820602548809
            3.3837890625    -0.00256248902228225   -0.002562489022279592
       3.433919270833333   -0.002808535627607756   -0.002808535627606437
       3.484049479166667   -0.003066586062304901   -0.003066586062305397
            3.5341796875   -0.003336876268087707   -0.003336876268089833
       3.584309895833333   -0.003619637701833025   -0.003619637701837356
       3.634440104166667    -0.00391509713444266   -0.003915097134448948
            3.6845703125   -0.004223476454224962   -0.004223476454237242
       3.734700520833333   -0.004544992475186777   -0.004544992475205378
       3.784830729166667   -0.004879856750291788   -0.004879856750312921
            3.8349609375   -0.005228275389639903   -0.005228275389661481
       3.885091145833333   -0.005590448883832201   -0.005590448883856369
       3.935221354166667   -0.005966571932619035   -0.005966571932647371
            3.9853515625   -0.006356833278740587   -0.006356833278771869
       4.035481770833334   -0.006761415547292864   -0.006761415547327261
       4.085611979166667   -0.007180495090716423   -0.007180495090752515
            4.1357421875   -0.007614241839220391   -0.007614241839257661
       4.185872395833334   -0.008062819156925626   -0.008062819156965575
       4.236002604166667   -0.008526383703790618   -0.008526383703831441
            4.2861328125   -0.009005085303148259   -0.009005085303189305
       4.336263020833334   -0.009499066815192733   -0.009499066815235786
       4.386393229166667    -0.01000846401648343    -0.01000846401653054
            4.4365234375    -0.01053340548520712    -0.01053340548526195
       4.486653645833334    -0.01107401249245675    -0.01107401249252117
       4.536783854166667    -0.01163039889955731    -0.01163039889962345
            4.5869140625    -0.01220267106123328    -0.01220267106129611
       4.637044270833334    -0.01279092773494433    -0.01279092773500261
       4.687174479166667    -0.01339525999638365    -0.01339525999644057
            4.7373046875    -0.01401575116087808    -0.01401575116093703
       4.787434895833334    -0.01465247671089016    -0.01465247671095173
       4.837565104166667    -0.01530550422962636     -0.0153055042296909
            4.8876953125    -0.01597489334055516    -0.01597489334062333
       4.937825520833334    -0.01666069565309358    -0.01666069565316522
       4.987955729166667    -0.01736295471440074    -0.01736295471447153
            5.0380859375    -0.01808170596702239    -0.01808170596708665
       5.088216145833334    -0.01881697671257217    -0.01881697671262679
       5.138346354166667    -0.01956878608141538    -0.01956878608145957
            5.1884765625    -0.02033714500811302    -0.02033714500815157
       5.238606770833334    -0.02112205621287173    -0.02112205621291143
       5.288736979166667     -0.0219235141888959    -0.02192351418893946
            5.3388671875    -0.02274150519539658    -0.02274150519544264
       5.388997395833334    -0.02357600725639438    -0.02357600725644179
       5.439127604166667    -0.02442699016525536    -0.02442699016530434
            5.4892578125    -0.02529441549472061    -0.02529441549476885
       5.539388020833334    -0.02617823661256616       -0.02617823661261
       5.589518229166667     -0.0270783987029229    -0.02707839870296003
            5.6396484375    -0.02799483879286348    -0.02799483879289643
       5.689778645833334    -0.02892748578440517    -0.02892748578444156
       5.739908854166667    -0.02987626049186757    -0.02987626049191403
            5.7900390625    -0.03084107568432155    -0.03084107568437294
       5.840169270833334    -0.03182183613322923    -0.03182183613328105
       5.890299479166667     -0.0328184386652903    -0.03281843866534302
            5.9404296875    -0.03383077222011595    -0.03383077222017154
       5.990559895833334    -0.03485871791283806    -0.03485871791289674
       6.040690104166667    -0.03590214910156628     -0.0359021491016276
            6.0908203125    -0.03696093145943127    -0.03696093145949244
       6.140950520833334    -0.03803492305133433    -0.03803492305138932
       6.191080729166667    -0.03912397441531295    -0.03912397441535891
            6.2412109375    -0.04022792864821301    -0.04022792864825377
       6.291341145833334     -0.0413466214957423    -0.04134662149578419
       6.341471354166667    -0.04247988144679481    -0.04247988144683935
            6.3916015625    -0.04362752983178349    -0.04362752983182788
       6.441731770833334    -0.04478938092506546    -0.04478938092510786
       6.491861979166667    -0.04596524205140232    -0.04596524205144159
            6.5419921875    -0.04715491369611624    -0.04715491369615495
       6.592122395833334    -0.04835818961899038    -0.04835818961902936
       6.642252604166667    -0.04957485697179844    -0.04957485697182677
            6.6923828125    -0.05080469641921911     -0.0508046964192407
       6.742513020833334    -0.05204748226325241    -0.05204748226326794
       6.792643229166667    -0.05330298257092259    -0.05330298257093305
            6.8427734375    -0.05457095930507241    -0.05457095930508284
       6.892903645833334    -0.05585116845824344    -0.05585116845825926
       6.943033854166667    -0.05714336018950354    -0.05714336018952514
            6.9931640625    -0.05844727896400105    -0.05844727896402327
       7.043294270833334    -0.05976266369531715    -0.05976266369533072
       7.093424479166667    -0.06108924789042072    -0.06108924789042279
            7.1435546875    -0.06242675979706246    -0.06242675979705635
       7.193684895833334    -0.06377492255354716     -0.0637749225535362
       7.243815104166667    -0.06513345434075231    -0.06513345434073924
            7.2939453125    -0.06650206853623356    -0.06650206853621975
       7.344075520833334    -0.06788047387036725    -0.06788047387035427
       7.394205729166667    -0.06926837458446029    -0.06926837458444778
            7.4443359375    -0.07066547059055843    -0.07066547059054387
       7.494466145833334    -0.07207145763293765    -0.07207145763291695
       7.544596354166667    -0.07348602745116298    -0.07348602745113231
            7.5947265625     -0.0749088679445291    -0.07490886794449697
       7.644856770833334    -0.07633966333790562    -0.07633966333787674
       7.694986979166667    -0.07777809434876078    -0.07777809434873385
            7.7451171875    -0.07922383835523142    -0.07922383835520427
       7.795247395833334    -0.08067656956519367    -0.08067656956516672
       7.845377604166667    -0.08213595918621612    -0.08213595918619077
            7.8955078125    -0.08360167559623585    -0.08360167559621325
       7.945638020833334    -0.08507338451487356    -0.08507338451484828
       7.995768229166667    -0.08655074917530114     -0.0865507491752712
            8.0458984375     -0.0880334304965158    -0.08803343049648638
       8.096028645833334    -0.08952108725591741    -0.08952108725589519
       8.146158854166668    -0.09101337626207176    -0.09101337626205969
            8.1962890625    -0.09250995252756285     -0.0925099525275595
       8.246419270833334    -0.09401046944186041    -0.09401046944186137
       8.296549479166668    -0.09551457894403705    -0.09551457894403712
            8.3466796875    -0.09702193169524639    -0.09702193169524162
       8.396809895833334    -0.09853217725089415    -0.09853217725088304
       8.446940104166668     -0.1000449642323792     -0.1000449642323616
            8.4970703125      -0.101559940498274     -0.1015599404982462
       8.547200520833334     -0.1030767533148955       -0.10307675331486
       8.597330729166668     -0.1045950495261255     -0.1045950495260824
            8.6474609375     -0.1061144757223998     -0.1061144757223519
       8.697591145833334     -0.1076346784087768      -0.107634678408733
       8.747721354166668      -0.109155304171986     -0.1091553041719478
            8.7978515625     -0.1106759998463734     -0.1106759998463346
       8.847981770833334     -0.1121964126786154     -0.1121964126785747
       8.898111979166668     -0.1137161904911465     -0.1137161904911064
            8.9482421875     -0.1152349818442155     -0.1152349818441781
       8.998372395833334     -0.1167524361964566     -0.1167524361964248
       9.048502604166668     -0.1182682040639036     -0.1182682040638819
            9.0986328125     -0.1197819371774226     -0.1197819371774078
       9.148763020833334     -0.1212932886383752     -0.1212932886383561
       9.198893229166668     -0.1228019130724427     -0.1228019130724102
            9.2490234375     -0.1243074667816446     -0.1243074667815977
       9.299153645833334     -0.1258096078943927     -0.1258096078943374
       9.349283854166668     -0.1273079965134923     -0.1273079965134369
            9.3994140625     -0.1288022948621072     -0.1288022948620508
       9.449544270833334     -0.1302921674275108     -0.1302921674274597
       9.499674479166668     -0.1317772811025865     -0.1317772811025428
            9.5498046875     -0.1332573053250609     -0.1332573053250212
       9.599934895833334     -0.1347319122143511     -0.1347319122143129
       9.650065104166668     -0.1362007767059755     -0.1362007767059387
            9.7001953125     -0.1376635766835661      -0.137663576683529
       9.750325520833334     -0.1391199931082732     -0.1391199931082344
       9.800455729166668     -0.1405697101455206     -0.1405697101454804
            9.8505859375     -0.1420124152891734     -0.1420124152891331
       9.900716145833334     -0.1434477994829937     -0.1434477994829542
       9.950846354166668     -0.1448755572393287     -0.1448755572392895
           10.0009765625     -0.1462953867550538     -0.1462953867550137
       10.05110677083333     -0.1477069900246183      -0.147706990024575
       10.10123697916667     -0.1491100729501791     -0.1491100729501287
           10.1513671875     -0.1505043454488575     -0.1505043454488026
       10.20149739583333     -0.1518895215570217     -0.1518895215569733
       10.25162760416667     -0.1532653195315572     -0.1532653195315199
           10.3017578125     -0.1546314619481517     -0.1546314619481208
       10.35188802083333     -0.1559876757964605     -0.1559876757964386
       10.40201822916667     -0.1573336925721703     -0.1573336925721556
           10.4521484375     -0.1586692483659715     -0.1586692483659606
       10.50227864583333     -0.1599940839493683      -0.159994083949363
       10.55240885416667     -0.1613079448573169     -0.1613079448573176
           10.6025390625     -0.1626105814677387     -0.1626105814677494
       10.65266927083333     -0.1639017490778013     -0.1639017490778176
       10.70279947916667     -0.1651812079768538     -0.1651812079768678
           10.7529296875     -0.1664487235162567     -0.1664487235162631
       10.80305989583333     -0.1677040661759522     -0.1677040661759502
       10.85319010416667     -0.1689470116277335     -0.1689470116277274
           10.9033203125      -0.170177340795316     -0.1701773407953129
       10.95345052083333     -0.1713948399111073     -0.1713948399111104
       11.00358072916667      -0.172599300569646     -0.1725993005696541
           11.0537109375     -0.1737905197778319     -0.1737905197778424
       11.10384114583333     -0.1749683000018737     -0.1749683000018837
       11.15397135416667     -0.1761324492109546     -0.1761324492109619
           11.2041015625     -0.1772827809177129     -0.1772827809177172
       11.25423177083333     -0.1784191142153972     -0.1784191142153949
       11.30436197916667     -0.1795412738117239     -0.1795412738117175
           11.3544921875      -0.180649090059605     -0.1806490900595988
       11.40462239583333     -0.1817423989846194     -0.1817423989846109
       11.45475260416667       -0.18282104230924     -0.1828210423092288
           11.5048828125     -0.1838848674739805     -0.1838848674739714
       11.55501302083333     -0.1849337276552957     -0.1849337276552945
       11.60514322916667     -0.1859674817803114     -0.1859674817803166
           11.6552734375     -0.1869859945384856     -0.1869859945384851
       11.70540364583333      -0.187989136390136     -0.1879891363901171
       11.75553385416667     -0.1889767835718843      -0.188976783571848
           11.8056640625     -0.1899488180991503     -0.1899488180991142
       11.85579427083333     -0.1909051277656078     -0.1909051277655718
       11.90592447916667     -0.1918456061395222     -0.1918456061394757
           11.9560546875     -0.1927701525572266     -0.1927701525571713
       12.00618489583333     -0.1936786721137225     -0.1936786721136707
       12.05631510416667     -0.1945710756503847     -0.1945710756503338
           12.1064453125     -0.1954472797397854     -0.1954472797397304
       12.15657552083333     -0.1963072066677472     -0.1963072066676906
       12.20670572916667     -0.1971507844126124     -0.1971507844125597
           12.2568359375     -0.1979779466218186     -0.1979779466217731
       12.30696614583333     -0.1987886325857659      -0.198788632585727
       12.35709635416667      -0.199582787209047     -0.1995827872090108
           12.4072265625      -0.200360360979161     -0.2003603609791236
       12.45735677083333     -0.2011213099326333     -0.2011213099325885
       12.50748697916667     -0.2018655956185849     -0.2018655956185368
           12.5576171875     -0.2025931850599562     -0.2025931850599153
       12.60774739583333     -0.2033040507123169     -0.2033040507122847
       12.65787760416667     -0.2039981704202863     -0.2039981704202523
           12.7080078125      -0.204675527371696     -0.2046755273716531
       12.75813802083333     -0.2053361100495279      -0.205336110049483
       12.80826822916667     -0.2059799121816217     -0.2059799121815831
           12.8583984375      -0.206606932688308      -0.206606932688278
       12.90852864583333     -0.2072171756279343     -0.2072171756279121
       12.95865885416667     -0.2078106501403532     -0.2078106501403361
           13.0087890625     -0.2083873703885089     -0.2083873703884954
