# File created on Wed Jul  8 11:31:12 2026
# Data for Inflation GW initial data initial data at coord time 0.0377973 and central proper time 0.0377973
# Evolved with (264,10,9) gridpoints (including 4 ghosts)
# Evolution with geodesic slicing and constant shift shift condition 
# data for phi = 3.14159
#              r           theta                a_pp
#===============================================================
     0.025065104      0.78539816   2.160760781939949e-07
     0.025065104       2.3561945   2.160760166407375e-07

     0.075195312      0.78539816   1.943049635483953e-06
     0.075195312       2.3561945   1.943050321477552e-06

      0.12532552      0.78539816   5.388257858194726e-06
      0.12532552       2.3561945   5.388258544977958e-06

      0.17545573      0.78539816   1.053423562949541e-05
      0.17545573       2.3561945   1.053423614821083e-05

      0.22558594      0.78539816   1.735480399395886e-05
      0.22558594       2.3561945    1.73548043920852e-05

      0.27571615      0.78539816   2.581510096326209e-05
      0.27571615       2.3561945   2.581510129778982e-05

      0.32584635      0.78539816   3.587161535799242e-05
      0.32584635       2.3561945   3.587161563641823e-05

      0.37597656      0.78539816   4.747223113319787e-05
      0.37597656       2.3561945   4.747223137080656e-05

      0.42610677      0.78539816    6.05562803991681e-05
      0.42610677       2.3561945    6.05562806034191e-05

      0.47623698      0.78539816   7.505460520308767e-05
      0.47623698       2.3561945   7.505460538005452e-05

      0.52636719      0.78539816   9.088962768861929e-05
      0.52636719       2.3561945   9.088962784476953e-05

       0.5764974      0.78539816   0.0001079754288164246
       0.5764974       2.3561945   0.0001079754289551007

       0.6266276      0.78539816   0.0001262178355349175
       0.6266276       2.3561945    0.000126217835657417

      0.67675781      0.78539816   0.0001455145160326097
      0.67675781       2.3561945   0.0001455145161407711

      0.72688802      0.78539816   0.0001657550833103503
      0.72688802       2.3561945   0.0001657550834072741

      0.77701823      0.78539816   0.0001868212069370376
      0.77701823       2.3561945   0.0001868212070244211

      0.82714844      0.78539816   0.0002085867324878714
      0.82714844       2.3561945   0.0002085867325672389

      0.87727865      0.78539816   0.0002309178087985432
      0.87727865       2.3561945   0.0002309178088714074

      0.92740885      0.78539816   0.0002536730228728626
      0.92740885       2.3561945   0.0002536730229375467

      0.97753906      0.78539816   0.0002767035420312947
      0.97753906       2.3561945   0.0002767035420892182

       1.0276693      0.78539816   0.0002998532634500796
       1.0276693       2.3561945   0.0002998532635013574

       1.0777995      0.78539816    0.000322958970900435
       1.0777995       2.3561945    0.000322958970945018

       1.1279297      0.78539816   0.0003458504981712994
       1.1279297       2.3561945   0.0003458504982105129

       1.1780599      0.78539816   0.0003683508992371144
       1.1780599       2.3561945   0.0003683508992730779

       1.2281901      0.78539816   0.0003902766249548697
       1.2281901       2.3561945   0.0003902766249881616

       1.2783203      0.78539816   0.0004114377058604511
       1.2783203       2.3561945   0.0004114377058869184

       1.3284505      0.78539816   0.0004316379411429223
       1.3284505       2.3561945   0.0004316379411647796

       1.3785807      0.78539816   0.0004506750935325425
       1.3785807       2.3561945   0.0004506750935504873

       1.4287109      0.78539816   0.0004683410896258724
       1.4287109       2.3561945   0.0004683410896389346

       1.4788411      0.78539816    0.000484422225618535
       1.4788411       2.3561945   0.0004844222256276953

       1.5289714      0.78539816   0.0004986993781934387
       1.5289714       2.3561945   0.0004986993781983715

       1.5791016      0.78539816   0.0005109482201629425
       1.5791016       2.3561945   0.0005109482201647451

       1.6292318      0.78539816   0.0005209394408246794
       1.6292318       2.3561945   0.0005209394408239468

        1.679362      0.78539816   0.0005284389707696661
        1.679362       2.3561945   0.0005284389707669462

       1.7294922      0.78539816   0.0005332082106751877
       1.7294922       2.3561945   0.0005332082106726312

       1.7796224      0.78539816   0.0005350042640044315
       1.7796224       2.3561945   0.0005350042640044423

       1.8297526      0.78539816   0.0005335801733337835
       1.8297526       2.3561945   0.0005335801733351771

       1.8798828      0.78539816   0.0005286851599121445
       1.8798828       2.3561945   0.0005286851599123282

        1.930013      0.78539816   0.0005200648663818892
        1.930013       2.3561945   0.0005200648663848443

       1.9801432      0.78539816   0.0005074616023416086
       1.9801432       2.3561945   0.0005074616023446711

       2.0302734      0.78539816   0.0004906145923560798
       2.0302734       2.3561945   0.0004906145923531223

       2.0804036      0.78539816   0.0004692602262792106
       2.0804036       2.3561945   0.0004692602262709352

       2.1305339      0.78539816       0.000443132311599
       2.1305339       2.3561945   0.0004431323115893232

       2.1806641      0.78539816   0.0004119623274482056
       2.1806641       2.3561945   0.0004119623274399055

       2.2307943      0.78539816   0.0003754796801827886
       2.2307943       2.3561945   0.0003754796801771167

       2.2809245      0.78539816   0.0003334119601332182
       2.2809245       2.3561945   0.0003334119601294104

       2.3310547      0.78539816   0.0002854851992828361
       2.3310547       2.3561945   0.0002854851992822361

       2.3811849      0.78539816     0.00023142412964603
       2.3811849       2.3561945   0.0002314241296493788

       2.4313151      0.78539816   0.0001709524420632632
       2.4313151       2.3561945   0.0001709524420620446

       2.4814453      0.78539816    0.000103793045163192
       2.4814453       2.3561945   0.0001037930451554065

       2.5315755      0.78539816   2.966832426007338e-05
       2.5315755       2.3561945   2.966832424833074e-05

       2.5817057      0.78539816  -5.169960011522788e-05
       2.5817057       2.3561945  -5.169960012457657e-05

       2.6318359      0.78539816  -0.0001405886142635917
       2.6318359       2.3561945  -0.0001405886142662799

       2.6819661      0.78539816  -0.0002372763541913574
       2.6819661       2.3561945  -0.0002372763541889928

       2.7320964      0.78539816  -0.0003420399495707416
       2.7320964       2.3561945  -0.0003420399495662083

       2.7822266      0.78539816  -0.0004551557689824385
       2.7822266       2.3561945  -0.0004551557689744217

       2.8323568      0.78539816  -0.0005768991666998617
       2.8323568       2.3561945  -0.0005768991666906792

        2.882487      0.78539816  -0.0007075442312876365
        2.882487       2.3561945  -0.0007075442312795407

       2.9326172      0.78539816  -0.0008473635361513175
       2.9326172       2.3561945  -0.0008473635361447114

       2.9827474      0.78539816  -0.0009966278923072326
       2.9827474       2.3561945  -0.0009966278923031243

       3.0328776      0.78539816   -0.001155606103598951
       3.0328776       2.3561945   -0.001155606103599354

       3.0830078      0.78539816   -0.001324564724476883
       3.0830078       2.3561945   -0.001324564724478855

        3.133138      0.78539816   -0.001503767820642102
        3.133138       2.3561945   -0.001503767820645473

       3.1832682      0.78539816    -0.00169347673278123
       3.1832682       2.3561945   -0.001693476732784987

       3.2333984      0.78539816   -0.001893949843453787
       3.2333984       2.3561945   -0.001893949843455327

       3.2835286      0.78539816   -0.002105442347403998
       3.2835286       2.3561945    -0.00210544234740245

       3.3336589      0.78539816   -0.002328206025489575
       3.3336589       2.3561945   -0.002328206025486606

       3.3837891      0.78539816    -0.00256248902228157
       3.3837891       2.3561945   -0.002562489022277614

       3.4339193      0.78539816   -0.002808535627607419
       3.4339193       2.3561945   -0.002808535627605455

       3.4840495      0.78539816   -0.003066586062305028
       3.4840495       2.3561945   -0.003066586062305766

       3.5341797      0.78539816   -0.003336876268088251
       3.5341797       2.3561945   -0.003336876268091415

       3.5843099      0.78539816   -0.003619637701834133
       3.5843099       2.3561945   -0.003619637701840578

       3.6344401      0.78539816   -0.003915097134444269
       3.6344401       2.3561945   -0.003915097134453627

       3.6845703      0.78539816   -0.004223476454228103
       3.6845703       2.3561945   -0.004223476454246381

       3.7347005      0.78539816   -0.004544992475191536
       3.7347005       2.3561945   -0.004544992475219219

       3.7848307      0.78539816   -0.004879856750297194
       3.7848307       2.3561945   -0.004879856750328647

       3.8349609      0.78539816   -0.005228275389645424
       3.8349609       2.3561945    -0.00522827538967754

       3.8850911      0.78539816   -0.005590448883838383
       3.8850911       2.3561945   -0.005590448883874354

       3.9352214      0.78539816   -0.005966571932626284
       3.9352214       2.3561945   -0.005966571932668458

       3.9853516      0.78539816   -0.006356833278748589
       3.9853516       2.3561945   -0.006356833278795148

       4.0354818      0.78539816   -0.006761415547301663
       4.0354818       2.3561945   -0.006761415547352858

        4.085612      0.78539816   -0.007180495090725656
        4.085612       2.3561945   -0.007180495090779376

       4.1357422      0.78539816   -0.007614241839229925
       4.1357422       2.3561945   -0.007614241839285396

       4.1858724      0.78539816   -0.008062819156935845
       4.1858724       2.3561945   -0.008062819156995304

       4.2360026      0.78539816   -0.008526383703801061
       4.2360026       2.3561945   -0.008526383703861821

       4.2861328      0.78539816    -0.00900508530315876
       4.2861328       2.3561945    -0.00900508530321985

        4.336263      0.78539816   -0.009499066815203747
        4.336263       2.3561945   -0.009499066815267826

       4.3863932      0.78539816    -0.01000846401649548
       4.3863932       2.3561945    -0.01000846401656559

       4.4365234      0.78539816    -0.01053340548522115
       4.4365234       2.3561945    -0.01053340548530276

       4.4866536      0.78539816    -0.01107401249247323
       4.4866536       2.3561945     -0.0110740124925691

       4.5367839      0.78539816    -0.01163039889957423
       4.5367839       2.3561945    -0.01163039889967266

       4.5869141      0.78539816    -0.01220267106124936
       4.5869141       2.3561945    -0.01220267106134286

       4.6370443      0.78539816    -0.01279092773495924
       4.6370443       2.3561945    -0.01279092773504598

       4.6871745      0.78539816    -0.01339525999639821
       4.6871745       2.3561945    -0.01339525999648292

       4.7373047      0.78539816    -0.01401575116089316
       4.7373047       2.3561945     -0.0140157511609809

       4.7874349      0.78539816    -0.01465247671090591
       4.7874349       2.3561945    -0.01465247671099754

       4.8375651      0.78539816    -0.01530550422964287
       4.8375651       2.3561945    -0.01530550422973893

       4.8876953      0.78539816     -0.0159748933405726
       4.8876953       2.3561945    -0.01597489334067406

       4.9378255      0.78539816    -0.01666069565311191
       4.9378255       2.3561945    -0.01666069565321853

       4.9879557      0.78539816    -0.01736295471441885
       4.9879557       2.3561945    -0.01736295471452421

       5.0380859      0.78539816    -0.01808170596703882
       5.0380859       2.3561945    -0.01808170596713447

       5.0882161      0.78539816    -0.01881697671258615
       5.0882161       2.3561945    -0.01881697671266744

       5.1383464      0.78539816    -0.01956878608142668
       5.1383464       2.3561945    -0.01956878608149247

       5.1884766      0.78539816    -0.02033714500812288
       5.1884766       2.3561945    -0.02033714500818026

       5.2386068      0.78539816    -0.02112205621288189
       5.2386068       2.3561945    -0.02112205621294097

        5.288737      0.78539816    -0.02192351418890704
        5.288737       2.3561945    -0.02192351418897187

       5.3388672      0.78539816    -0.02274150519540836
       5.3388672       2.3561945    -0.02274150519547692

       5.3889974      0.78539816    -0.02357600725640651
       5.3889974       2.3561945    -0.02357600725647706

       5.4391276      0.78539816    -0.02442699016526789
       5.4391276       2.3561945    -0.02442699016534078

       5.4892578      0.78539816    -0.02529441549473295
       5.4892578       2.3561945    -0.02529441549480476

        5.539388      0.78539816    -0.02617823661257738
        5.539388       2.3561945    -0.02617823661264263

       5.5895182      0.78539816     -0.0270783987029324
       5.5895182       2.3561945    -0.02707839870298765

       5.6396484      0.78539816    -0.02799483879287191
       5.6396484       2.3561945    -0.02799483879292096

       5.6897786      0.78539816    -0.02892748578441448
       5.6897786       2.3561945    -0.02892748578446864

       5.7399089      0.78539816    -0.02987626049187945
       5.7399089       2.3561945    -0.02987626049194861

       5.7900391      0.78539816     -0.0308410756843347
       5.7900391       2.3561945    -0.03084107568441119

       5.8401693      0.78539816    -0.03182183613324249
       5.8401693       2.3561945    -0.03182183613331961

       5.8902995      0.78539816    -0.03281843866530378
       5.8902995       2.3561945    -0.03281843866538225

       5.9404297      0.78539816    -0.03383077222013017
       5.9404297       2.3561945    -0.03383077222021292

       5.9905599      0.78539816    -0.03485871791285307
       5.9905599       2.3561945    -0.03485871791294041

       6.0406901      0.78539816    -0.03590214910158197
       6.0406901       2.3561945    -0.03590214910167325

       6.0908203      0.78539816    -0.03696093145944692
       6.0908203       2.3561945    -0.03696093145953796

       6.1409505      0.78539816     -0.0380349230513484
       6.1409505       2.3561945    -0.03803492305143025

       6.1910807      0.78539816     -0.0391239744153247
       6.1910807       2.3561945    -0.03912397441539311

       6.2412109      0.78539816    -0.04022792864822344
       6.2412109       2.3561945     -0.0402279286482841

       6.2913411      0.78539816    -0.04134662149575302
       6.2913411       2.3561945    -0.04134662149581537

       6.3414714      0.78539816    -0.04247988144680621
       6.3414714       2.3561945    -0.04247988144687252

       6.3916016      0.78539816    -0.04362752983179485
       6.3916016       2.3561945    -0.04362752983186093

       6.4417318      0.78539816     -0.0447893809250763
       6.4417318       2.3561945    -0.04478938092513941

        6.491862      0.78539816    -0.04596524205141237
        6.491862       2.3561945    -0.04596524205147081

       6.5419922      0.78539816    -0.04715491369612614
       6.5419922       2.3561945    -0.04715491369618375

       6.5921224      0.78539816    -0.04835818961900035
       6.5921224       2.3561945    -0.04835818961905836

       6.6422526      0.78539816    -0.04957485697180569
       6.6422526       2.3561945    -0.04957485697184786

       6.6923828      0.78539816    -0.05080469641922463
       6.6923828       2.3561945    -0.05080469641925677

        6.742513      0.78539816    -0.05204748226325638
        6.742513       2.3561945    -0.05204748226327951

       6.7926432      0.78539816    -0.05330298257092527
       6.7926432       2.3561945    -0.05330298257094084

       6.8427734      0.78539816    -0.05457095930507508
       6.8427734       2.3561945     -0.0545709593050906

       6.8929036      0.78539816    -0.05585116845824749
       6.8929036       2.3561945    -0.05585116845827102

       6.9430339      0.78539816    -0.05714336018950906
       6.9430339       2.3561945    -0.05714336018954121

       6.9931641      0.78539816    -0.05844727896400673
       6.9931641       2.3561945     -0.0584472789640398

       7.0432943      0.78539816    -0.05976266369532062
       7.0432943       2.3561945    -0.05976266369534081

       7.0934245      0.78539816    -0.06108924789042125
       7.0934245       2.3561945    -0.06108924789042434

       7.1435547      0.78539816     -0.0624267597970609
       7.1435547       2.3561945     -0.0624267597970518

       7.1936849      0.78539816    -0.06377492255354436
       7.1936849       2.3561945    -0.06377492255352804

       7.2438151      0.78539816    -0.06513345434074896
       7.2438151       2.3561945    -0.06513345434072951

       7.2939453      0.78539816    -0.06650206853623003
       7.2939453       2.3561945    -0.06650206853620946

       7.3440755      0.78539816    -0.06788047387036393
       7.3440755       2.3561945    -0.06788047387034461

       7.3942057      0.78539816    -0.06926837458445709
       7.3942057       2.3561945    -0.06926837458443846

       7.4443359      0.78539816    -0.07066547059055471
       7.4443359       2.3561945    -0.07066547059053303

       7.4944661      0.78539816    -0.07207145763293236
       7.4944661       2.3561945    -0.07207145763290156

       7.5445964      0.78539816    -0.07348602745115514
       7.5445964       2.3561945    -0.07348602745110949

       7.5947266      0.78539816    -0.07490886794452088
       7.5947266       2.3561945    -0.07490886794447307

       7.6448568      0.78539816    -0.07633966333789824
       7.6448568       2.3561945    -0.07633966333785525

        7.694987      0.78539816    -0.07777809434875389
        7.694987       2.3561945    -0.07777809434871381

       7.7451172      0.78539816    -0.07922383835522448
       7.7451172       2.3561945    -0.07922383835518407

       7.7952474      0.78539816    -0.08067656956518678
       7.7952474       2.3561945    -0.08067656956514666

       7.8453776      0.78539816    -0.08213595918620964
       7.8453776       2.3561945    -0.08213595918617191

       7.8955078      0.78539816    -0.08360167559623007
       7.8955078       2.3561945    -0.08360167559619643

        7.945638      0.78539816     -0.0850733845148671
        7.945638       2.3561945    -0.08507338451482944

       7.9957682      0.78539816    -0.08655074917529348
       7.9957682       2.3561945    -0.08655074917524892

       8.0458984      0.78539816    -0.08803343049650827
       8.0458984       2.3561945    -0.08803343049646449

       8.0960286      0.78539816    -0.08952108725591172
       8.0960286       2.3561945    -0.08952108725587866

       8.1461589      0.78539816    -0.09101337626206867
       8.1461589       2.3561945    -0.09101337626205071

       8.1962891      0.78539816    -0.09250995252756199
       8.1962891       2.3561945    -0.09250995252755702

       8.2464193      0.78539816    -0.09401046944186066
       8.2464193       2.3561945    -0.09401046944186209

       8.2965495      0.78539816    -0.09551457894403706
       8.2965495       2.3561945    -0.09551457894403718

       8.3466797      0.78539816    -0.09702193169524517
       8.3466797       2.3561945    -0.09702193169523808

       8.3968099      0.78539816    -0.09853217725089131
       8.3968099       2.3561945    -0.09853217725087478

       8.4469401      0.78539816     -0.1000449642323747
       8.4469401       2.3561945     -0.1000449642323485

       8.4970703      0.78539816     -0.1015599404982669
       8.4970703       2.3561945     -0.1015599404982255

       8.5472005      0.78539816     -0.1030767533148864
       8.5472005       2.3561945     -0.1030767533148336

       8.5973307      0.78539816     -0.1045950495261145
       8.5973307       2.3561945     -0.1045950495260503

       8.6474609      0.78539816     -0.1061144757223875
       8.6474609       2.3561945     -0.1061144757223162

       8.6975911      0.78539816     -0.1076346784087656
       8.6975911       2.3561945     -0.1076346784087005

       8.7477214      0.78539816     -0.1091553041719763
       8.7477214       2.3561945     -0.1091553041719194

       8.7978516      0.78539816     -0.1106759998463635
       8.7978516       2.3561945     -0.1106759998463057

       8.8479818      0.78539816      -0.112196412678605
       8.8479818       2.3561945     -0.1121964126785445

        8.898112      0.78539816     -0.1137161904911362
        8.898112       2.3561945     -0.1137161904910765

       8.9482422      0.78539816     -0.1152349818442059
       8.9482422       2.3561945     -0.1152349818441503

       8.9983724      0.78539816     -0.1167524361964484
       8.9983724       2.3561945     -0.1167524361964011

       9.0485026      0.78539816     -0.1182682040638981
       9.0485026       2.3561945     -0.1182682040638658

       9.0986328      0.78539816     -0.1197819371774188
       9.0986328       2.3561945     -0.1197819371773968

        9.148763      0.78539816     -0.1212932886383703
        9.148763       2.3561945     -0.1212932886383419

       9.1988932      0.78539816     -0.1228019130724344
       9.1988932       2.3561945     -0.1228019130723861

       9.2490234      0.78539816     -0.1243074667816326
       9.2490234       2.3561945     -0.1243074667815628

       9.2991536      0.78539816     -0.1258096078943786
       9.2991536       2.3561945     -0.1258096078942963

       9.3492839      0.78539816     -0.1273079965134781
       9.3492839       2.3561945     -0.1273079965133956

       9.3994141      0.78539816     -0.1288022948620927
       9.3994141       2.3561945     -0.1288022948620089

       9.4495443      0.78539816     -0.1302921674274977
       9.4495443       2.3561945     -0.1302921674274217

       9.4996745      0.78539816     -0.1317772811025753
       9.4996745       2.3561945     -0.1317772811025103

       9.5498047      0.78539816     -0.1332573053250507
       9.5498047       2.3561945     -0.1332573053249916

       9.5999349      0.78539816     -0.1347319122143413
       9.5999349       2.3561945     -0.1347319122142845

       9.6500651      0.78539816     -0.1362007767059661
       9.6500651       2.3561945     -0.1362007767059112

       9.7001953      0.78539816     -0.1376635766835566
       9.7001953       2.3561945     -0.1376635766835014

       9.7503255      0.78539816     -0.1391199931082633
       9.7503255       2.3561945     -0.1391199931082054

       9.8004557      0.78539816     -0.1405697101455103
       9.8004557       2.3561945     -0.1405697101454504

       9.8505859      0.78539816     -0.1420124152891631
       9.8505859       2.3561945     -0.1420124152891031

       9.9007161      0.78539816     -0.1434477994829836
       9.9007161       2.3561945     -0.1434477994829248

       9.9508464      0.78539816     -0.1448755572393186
       9.9508464       2.3561945     -0.1448755572392603

       10.000977      0.78539816     -0.1462953867550435
       10.000977       2.3561945     -0.1462953867549838

       10.051107      0.78539816     -0.1477069900246072
       10.051107       2.3561945     -0.1477069900245429

       10.101237      0.78539816     -0.1491100729501662
       10.101237       2.3561945     -0.1491100729500912

       10.151367      0.78539816     -0.1505043454488435
       10.151367       2.3561945     -0.1505043454487618

       10.201497      0.78539816     -0.1518895215570093
       10.201497       2.3561945     -0.1518895215569372

       10.251628      0.78539816     -0.1532653195315477
       10.251628       2.3561945     -0.1532653195314921

       10.301758      0.78539816     -0.1546314619481438
       10.301758       2.3561945     -0.1546314619480978

       10.351888      0.78539816     -0.1559876757964549
       10.351888       2.3561945     -0.1559876757964223

       10.402018      0.78539816     -0.1573336925721666
       10.402018       2.3561945     -0.1573336925721447

       10.452148      0.78539816     -0.1586692483659687
       10.452148       2.3561945     -0.1586692483659525

       10.502279      0.78539816      -0.159994083949367
       10.502279       2.3561945      -0.159994083949359

       10.552409      0.78539816     -0.1613079448573171
       10.552409       2.3561945     -0.1613079448573182

       10.602539      0.78539816     -0.1626105814677415
       10.602539       2.3561945     -0.1626105814677574

       10.652669      0.78539816     -0.1639017490778055
       10.652669       2.3561945     -0.1639017490778298

       10.702799      0.78539816     -0.1651812079768574
       10.702799       2.3561945     -0.1651812079768782

        10.75293      0.78539816     -0.1664487235162583
        10.75293       2.3561945     -0.1664487235162678

        10.80306      0.78539816     -0.1677040661759517
        10.80306       2.3561945     -0.1677040661759487

        10.85319      0.78539816      -0.168947011627732
        10.85319       2.3561945     -0.1689470116277228

        10.90332      0.78539816     -0.1701773407953152
        10.90332       2.3561945     -0.1701773407953107

       10.953451      0.78539816     -0.1713948399111082
       10.953451       2.3561945     -0.1713948399111127

       11.003581      0.78539816      -0.172599300569648
       11.003581       2.3561945     -0.1725993005696602

       11.053711      0.78539816     -0.1737905197778346
       11.053711       2.3561945     -0.1737905197778503

       11.103841      0.78539816     -0.1749683000018763
       11.103841       2.3561945     -0.1749683000018912

       11.153971      0.78539816     -0.1761324492109565
       11.153971       2.3561945     -0.1761324492109673

       11.204102      0.78539816      -0.177282780917714
       11.204102       2.3561945     -0.1772827809177204

       11.254232      0.78539816     -0.1784191142153966
       11.254232       2.3561945     -0.1784191142153931

       11.304362      0.78539816     -0.1795412738117222
       11.304362       2.3561945     -0.1795412738117128

       11.354492      0.78539816     -0.1806490900596034
       11.354492       2.3561945     -0.1806490900595942

       11.404622      0.78539816     -0.1817423989846172
       11.404622       2.3561945     -0.1817423989846047

       11.454753      0.78539816     -0.1828210423092372
       11.454753       2.3561945     -0.1828210423092205

       11.504883      0.78539816     -0.1838848674739782
       11.504883       2.3561945     -0.1838848674739647

       11.555013      0.78539816     -0.1849337276552954
       11.555013       2.3561945     -0.1849337276552937

       11.605143      0.78539816     -0.1859674817803127
       11.605143       2.3561945     -0.1859674817803205

       11.655273      0.78539816     -0.1869859945384854
       11.655273       2.3561945     -0.1869859945384849

       11.705404      0.78539816     -0.1879891363901312
       11.705404       2.3561945      -0.187989136390103

       11.755534      0.78539816      -0.188976783571875
       11.755534       2.3561945     -0.1889767835718209

       11.805664      0.78539816     -0.1899488180991411
       11.805664       2.3561945     -0.1899488180990873

       11.855794      0.78539816     -0.1909051277655986
       11.855794       2.3561945     -0.1909051277655449

       11.905924      0.78539816     -0.1918456061395103
       11.905924       2.3561945      -0.191845606139441

       11.956055      0.78539816     -0.1927701525572124
       11.956055       2.3561945     -0.1927701525571301

       12.006185      0.78539816     -0.1936786721137093
       12.006185       2.3561945     -0.1936786721136322

       12.056315      0.78539816     -0.1945710756503717
       12.056315       2.3561945      -0.194571075650296

       12.106445      0.78539816     -0.1954472797397714
       12.106445       2.3561945     -0.1954472797396895

       12.156576      0.78539816     -0.1963072066677327
       12.156576       2.3561945     -0.1963072066676484

       12.206706      0.78539816     -0.1971507844125989
       12.206706       2.3561945     -0.1971507844125206

       12.256836      0.78539816      -0.197977946621807
       12.256836       2.3561945     -0.1979779466217393

       12.306966      0.78539816     -0.1987886325857559
       12.306966       2.3561945     -0.1987886325856981

       12.357096      0.78539816     -0.1995827872090377
       12.357096       2.3561945     -0.1995827872089839

       12.407227      0.78539816     -0.2003603609791514
       12.407227       2.3561945     -0.2003603609790958

       12.457357      0.78539816     -0.2011213099326218
       12.457357       2.3561945     -0.2011213099325552

       12.507487      0.78539816     -0.2018655956185726
       12.507487       2.3561945      -0.201865595618501

       12.557617      0.78539816     -0.2025931850599458
       12.557617       2.3561945     -0.2025931850598849

       12.607747      0.78539816     -0.2033040507123086
       12.607747       2.3561945     -0.2033040507122607

       12.657878      0.78539816     -0.2039981704202776
       12.657878       2.3561945      -0.203998170420227

       12.708008      0.78539816      -0.204675527371685
       12.708008       2.3561945     -0.2046755273716212

       12.758138      0.78539816     -0.2053361100495164
       12.758138       2.3561945     -0.2053361100494496

       12.808268      0.78539816     -0.2059799121816119
       12.808268       2.3561945     -0.2059799121815544

       12.858398      0.78539816     -0.2066069326883003
       12.858398       2.3561945     -0.2066069326882558

       12.908529      0.78539816     -0.2072171756279286
       12.908529       2.3561945     -0.2072171756278956

       12.958659      0.78539816     -0.2078106501403488
       12.958659       2.3561945     -0.2078106501403233

       13.008789      0.78539816     -0.2083873703885055
       13.008789       2.3561945     -0.2083873703884852

