# File created on Wed Jul  8 11:31:14 2026
# Data for Inflation GW initial data initial data at coord time 0.163788 and central proper time 0.163788
# Evolved with (264,10,9) gridpoints (including 4 ghosts)
# Evolution with geodesic slicing and constant shift shift condition 
# data for phi = 3.14159
#              r           theta                a_pp
#===============================================================
     0.025065104      0.78539816     0.00012281831310341
     0.025065104       2.3561945   0.0001228183136268449

     0.075195312      0.78539816   -9.54171929202031e-06
     0.075195312       2.3561945  -9.541719143537232e-06

      0.12532552      0.78539816  -0.0004868583745275834
      0.12532552       2.3561945  -0.0004868583749453419

      0.17545573      0.78539816  -0.0001561227228593421
      0.17545573       2.3561945  -0.0001561227232745926

      0.22558594      0.78539816   0.0004018040942342951
      0.22558594       2.3561945   0.0004018040942161978

      0.27571615      0.78539816   0.0007868805584030563
      0.27571615       2.3561945   0.0007868805585122291

      0.32584635      0.78539816    0.001082297603369675
      0.32584635       2.3561945    0.001082297603478391

      0.37597656      0.78539816    0.001341524091487467
      0.37597656       2.3561945    0.001341524091614616

      0.42610677      0.78539816    0.001585135759094167
      0.42610677       2.3561945     0.00158513575921386

      0.47623698      0.78539816    0.001826868073998488
      0.47623698       2.3561945    0.001826868074120711

      0.52636719      0.78539816    0.002074289472533356
      0.52636719       2.3561945     0.00207428947264004

       0.5764974      0.78539816    0.002331805703978129
       0.5764974       2.3561945    0.002331805704076094

       0.6266276      0.78539816     0.00260213414552833
       0.6266276       2.3561945    0.002602134145619708

      0.67675781      0.78539816    0.002886955236040079
      0.67675781       2.3561945    0.002886955236125761

      0.72688802      0.78539816    0.003187308358700122
      0.72688802       2.3561945    0.003187308358783354

      0.77701823      0.78539816    0.003503818699470479
      0.77701823       2.3561945    0.003503818699532796

      0.82714844      0.78539816    0.003836833204308741
      0.82714844       2.3561945    0.003836833204373918

      0.87727865      0.78539816    0.004186505560181268
      0.87727865       2.3561945    0.004186505560239502

      0.92740885      0.78539816    0.004552850714026845
      0.92740885       2.3561945    0.004552850714078858

      0.97753906      0.78539816    0.004935780836310417
      0.97753906       2.3561945    0.004935780836357492

       1.0276693      0.78539816    0.005335129643997159
       1.0276693       2.3561945    0.005335129644037058

       1.0777995      0.78539816    0.005750669233536281
       1.0777995       2.3561945    0.005750669233580023

       1.1279297      0.78539816    0.006182121986390256
       1.1279297       2.3561945    0.006182121986426222

       1.1780599      0.78539816    0.006629169167347465
       1.1780599       2.3561945    0.006629169167374431

       1.2281901      0.78539816    0.007091457262415297
       1.2281901       2.3561945    0.007091457262439055

       1.2783203      0.78539816    0.007568602745605417
       1.2783203       2.3561945    0.007568602745625068

       1.3284505      0.78539816    0.008060195737724983
       1.3284505       2.3561945    0.008060195737741345

       1.3785807      0.78539816    0.008565802873345253
       1.3785807       2.3561945    0.008565802873360789

       1.4287109      0.78539816     0.00908496959422569
       1.4287109       2.3561945    0.009084969594235756

       1.4788411      0.78539816    0.009617222023269258
       1.4788411       2.3561945    0.009617222023274802

       1.5289714      0.78539816     0.01016206852855057
       1.5289714       2.3561945      0.0101620685285569

       1.5791016      0.78539816     0.01071900105571566
       1.5791016       2.3561945     0.01071900105571725

       1.6292318      0.78539816     0.01128749628622028
       1.6292318       2.3561945     0.01128749628622137

        1.679362      0.78539816     0.01186701666351558
        1.679362       2.3561945     0.01186701666352448

       1.7294922      0.78539816     0.01245701131826955
       1.7294922       2.3561945     0.01245701131826792

       1.7796224      0.78539816     0.01305691691573981
       1.7796224       2.3561945     0.01305691691574271

       1.8297526      0.78539816     0.01366615844329246
       1.8297526       2.3561945     0.01366615844328756

       1.8798828      0.78539816     0.01428414995079318
       1.8798828       2.3561945     0.01428414995079376

        1.930013      0.78539816     0.01491029525416711
        1.930013       2.3561945     0.01491029525415477

       1.9801432      0.78539816     0.01554398860968928
       1.9801432       2.3561945     0.01554398860968503

       2.0302734      0.78539816     0.01618461536511318
       2.0302734       2.3561945     0.01618461536511337

       2.0804036      0.78539816     0.01683155259152804
       2.0804036       2.3561945     0.01683155259152372

       2.1305339      0.78539816     0.01748416970023349
       2.1305339       2.3561945     0.01748416970022973

       2.1806641      0.78539816     0.01814182904661279
       2.1806641       2.3561945     0.01814182904661661

       2.2307943      0.78539816     0.01880388652311933
       2.2307943       2.3561945     0.01880388652311881

       2.2809245      0.78539816     0.01946969214308828
       2.2809245       2.3561945     0.01946969214307984

       2.3310547      0.78539816     0.02013859061625184
       2.3310547       2.3561945     0.02013859061624001

       2.3811849      0.78539816     0.02080992191676086
       2.3811849       2.3561945     0.02080992191675493

       2.4313151      0.78539816     0.02148302184450955
       2.4313151       2.3561945     0.02148302184450426

       2.4814453      0.78539816     0.02215722257995345
       2.4814453       2.3561945     0.02215722257994713

       2.5315755      0.78539816     0.02283185323273865
       2.5315755       2.3561945     0.02283185323274899

       2.5817057      0.78539816     0.02350624038426441
       2.5817057       2.3561945     0.02350624038426247

       2.6318359      0.78539816     0.02417970862418197
       2.6318359       2.3561945     0.02417970862418754

       2.6819661      0.78539816     0.02485158108077811
       2.6819661       2.3561945     0.02485158108076935

       2.7320964      0.78539816     0.02552117994514369
       2.7320964       2.3561945     0.02552117994514964

       2.7822266      0.78539816     0.02618782698919754
       2.7822266       2.3561945     0.02618782698919739

       2.8323568      0.78539816     0.02685084407707151
       2.8323568       2.3561945     0.02685084407707283

        2.882487      0.78539816     0.02750955366994241
        2.882487       2.3561945     0.02750955366994019

       2.9326172      0.78539816     0.02816327932404719
       2.9326172       2.3561945     0.02816327932405208

       2.9827474      0.78539816     0.02881134618149432
       2.9827474       2.3561945     0.02881134618149385

       3.0328776      0.78539816        0.02945308145383
       3.0328776       2.3561945     0.02945308145383357

       3.0830078      0.78539816     0.03008781489819964
       3.0830078       2.3561945     0.03008781489820089

        3.133138      0.78539816     0.03071487928568248
        3.133138       2.3561945     0.03071487928568312

       3.1832682      0.78539816     0.03133361086179751
       3.1832682       2.3561945     0.03133361086180287

       3.2333984      0.78539816     0.03194334979889069
       3.2333984       2.3561945      0.0319433497988896

       3.2835286      0.78539816     0.03254344064013023
       3.2835286       2.3561945     0.03254344064013395

       3.3336589      0.78539816     0.03313323273488929
       3.3336589       2.3561945     0.03313323273488332

       3.3837891      0.78539816     0.03371208066561254
       3.3837891       2.3561945     0.03371208066560916

       3.4339193      0.78539816     0.03427934466577433
       3.4339193       2.3561945     0.03427934466577293

       3.4840495      0.78539816     0.03483439102870321
       3.4840495       2.3561945     0.03483439102869505

       3.5341797      0.78539816      0.0353765925074993
       3.5341797       2.3561945     0.03537659250749158

       3.5843099      0.78539816     0.03590532870545136
       3.5843099       2.3561945     0.03590532870543856

       3.6344401      0.78539816     0.03641998645692709
       3.6344401       2.3561945     0.03641998645690553

       3.6845703      0.78539816      0.0369199601990368
       3.6845703       2.3561945     0.03691996019902023

       3.7347005      0.78539816     0.03740465233346672
       3.7347005       2.3561945     0.03740465233344975

       3.7848307      0.78539816     0.03787347357863974
       3.7848307       2.3561945     0.03787347357861719

       3.8349609      0.78539816     0.03832584331233424
       3.8349609       2.3561945     0.03832584331230336

       3.8850911      0.78539816     0.03876118990415398
       3.8850911       2.3561945     0.03876118990411954

       3.9352214      0.78539816     0.03917895103824084
       3.9352214       2.3561945      0.0391789510381941

       3.9853516      0.78539816     0.03957857402602225
       3.9853516       2.3561945     0.03957857402598587

       4.0354818      0.78539816     0.03995951610917444
       4.0354818       2.3561945     0.03995951610913021

        4.085612      0.78539816     0.04032124475240205
        4.085612       2.3561945     0.04032124475235047

       4.1357422      0.78539816     0.04066323792654536
       4.1357422       2.3561945     0.04066323792649586

       4.1858724      0.78539816     0.04098498438160449
       4.1858724       2.3561945     0.04098498438155044

       4.2360026      0.78539816     0.04128598390957564
       4.2360026       2.3561945     0.04128598390952213

       4.2861328      0.78539816     0.04156574759769882
       4.2861328       2.3561945     0.04156574759762938

        4.336263      0.78539816     0.04182379807166777
        4.336263       2.3561945     0.04182379807159456

       4.3863932      0.78539816     0.04205966972899941
       4.3863932       2.3561945     0.04205966972891966

       4.4365234      0.78539816     0.04227290896274078
       4.4365234       2.3561945     0.04227290896266467

       4.4866536      0.78539816     0.04246307437535925
       4.4866536       2.3561945     0.04246307437529633

       4.5367839      0.78539816     0.04262973698274672
       4.5367839       2.3561945     0.04262973698267603

       4.5869141      0.78539816     0.04277248040876836
       4.5869141       2.3561945     0.04277248040869094

       4.6370443      0.78539816     0.04289090107032916
       4.6370443       2.3561945     0.04289090107024157

       4.6871745      0.78539816     0.04298460835279339
       4.6871745       2.3561945     0.04298460835270286

       4.7373047      0.78539816     0.04305322477624798
       4.7373047       2.3561945     0.04305322477615653

       4.7874349      0.78539816     0.04309638615238497
       4.7874349       2.3561945     0.04309638615228584

       4.8375651      0.78539816     0.04311374173189959
       4.8375651       2.3561945     0.04311374173181558

       4.8876953      0.78539816     0.04310495434306611
       4.8876953       2.3561945     0.04310495434298349

       4.9378255      0.78539816     0.04306970052121685
       4.9378255       2.3561945     0.04306970052113673

       4.9879557      0.78539816     0.04300767062917471
       4.9879557       2.3561945     0.04300767062910663

       5.0380859      0.78539816     0.04291856896909409
       5.0380859       2.3561945     0.04291856896902809

       5.0882161      0.78539816      0.0428021138855021
       5.0882161       2.3561945      0.0428021138854195

       5.1383464      0.78539816     0.04265803785944556
       5.1383464       2.3561945     0.04265803785936199

       5.1884766      0.78539816     0.04248608759445135
       5.1884766       2.3561945     0.04248608759437335

       5.2386068      0.78539816     0.04228602409394683
       5.2386068       2.3561945     0.04228602409388013

        5.288737      0.78539816     0.04205762273031752
        5.288737       2.3561945     0.04205762273025137

       5.3388672      0.78539816     0.04180067330592616
       5.3388672       2.3561945      0.0418006733058579

       5.3889974      0.78539816      0.0415149801060846
       5.3889974       2.3561945     0.04151498010603644

       5.4391276      0.78539816      0.0412003619438015
       5.4391276       2.3561945      0.0412003619437466

       5.4892578      0.78539816     0.04085665219667633
       5.4892578       2.3561945     0.04085665219662241

        5.539388      0.78539816     0.04048369883634811
        5.539388       2.3561945     0.04048369883629282

       5.5895182      0.78539816     0.04008136444983906
       5.5895182       2.3561945     0.04008136444976869

       5.6396484      0.78539816     0.03964952625370084
       5.6396484       2.3561945     0.03964952625362687

       5.6897786      0.78539816     0.03918807610072864
       5.6897786       2.3561945     0.03918807610066307

       5.7399089      0.78539816     0.03869692047901334
       5.7399089       2.3561945     0.03869692047894649

       5.7900391      0.78539816     0.03817598050385945
       5.7900391       2.3561945     0.03817598050379803

       5.8401693      0.78539816     0.03762519190271545
       5.8401693       2.3561945     0.03762519190265427

       5.8902995      0.78539816      0.0370445049928348
       5.8902995       2.3561945     0.03704450499275838

       5.9404297      0.78539816     0.03643388465211203
       5.9404297       2.3561945     0.03643388465202484

       5.9905599      0.78539816     0.03579331028321805
       5.9905599       2.3561945     0.03579331028314609

       6.0406901      0.78539816     0.03512277577065586
       6.0406901       2.3561945     0.03512277577059584

       6.0908203      0.78539816     0.03442228943120243
       6.0908203       2.3561945      0.0344222894311357

       6.1409505      0.78539816     0.03369187395794107
       6.1409505       2.3561945     0.03369187395786816

       6.1910807      0.78539816     0.03293156635756592
       6.1910807       2.3561945      0.0329315663574987

       6.2412109      0.78539816     0.03214141788145296
       6.2412109       2.3561945      0.0321414178813774

       6.2913411      0.78539816     0.03132149395052673
       6.2913411       2.3561945     0.03132149395045468

       6.3414714      0.78539816     0.03047187407356162
       6.3414714       2.3561945     0.03047187407350541

       6.3916016      0.78539816     0.02959265175940977
       6.3916016       2.3561945     0.02959265175935235

       6.4417318      0.78539816     0.02868393442333268
       6.4417318       2.3561945     0.02868393442327954

        6.491862      0.78539816     0.02774584328704299
        6.491862       2.3561945     0.02774584328698948

       6.5419922      0.78539816     0.02677851327304328
       6.5419922       2.3561945     0.02677851327299726

       6.5921224      0.78539816     0.02578209289318815
       6.5921224       2.3561945     0.02578209289315076

       6.6422526      0.78539816     0.02475674413128482
       6.6422526       2.3561945     0.02475674413124713

       6.6923828      0.78539816     0.02370264231984536
       6.6923828       2.3561945     0.02370264231981583

        6.742513      0.78539816     0.02261997601163978
        6.742513       2.3561945     0.02261997601159815

       6.7926432      0.78539816     0.02150894684520198
       6.7926432       2.3561945     0.02150894684516676

       6.8427734      0.78539816     0.02036976940522742
       6.8427734       2.3561945     0.02036976940519218

       6.8929036      0.78539816     0.01920267107751481
       6.8929036       2.3561945     0.01920267107749112

       6.9430339      0.78539816     0.01800789189840277
       6.9430339       2.3561945     0.01800789189840225

       6.9931641      0.78539816     0.01678568439896306
       6.9931641       2.3561945     0.01678568439895931

       7.0432943      0.78539816     0.01553631344401717
       7.0432943       2.3561945     0.01553631344401913

       7.0934245      0.78539816     0.01426005606599884
       7.0934245       2.3561945     0.01426005606599764

       7.1435547      0.78539816      0.0129572012936623
       7.1435547       2.3561945     0.01295720129364462

       7.1936849      0.78539816     0.01162804997619028
       7.1936849       2.3561945     0.01162804997619219

       7.2438151      0.78539816     0.01027291460193958
       7.2438151       2.3561945     0.01027291460194608

       7.2939453      0.78539816    0.008892119112348834
       7.2939453       2.3561945    0.008892119112362453

       7.3440755      0.78539816    0.007485998711406164
       7.3440755       2.3561945    0.007485998711432518

       7.3942057      0.78539816    0.006054899669961477
       7.3942057       2.3561945    0.006054899669991462

       7.4443359      0.78539816    0.004599179125640561
       7.4443359       2.3561945    0.004599179125675108

       7.4944661      0.78539816    0.003119204878436959
       7.4944661       2.3561945    0.003119204878468803

       7.5445964      0.78539816     0.00161535518143022
       7.5445964       2.3561945    0.001615355181460608

       7.5947266      0.78539816   8.801852716467206e-05
       7.5947266       2.3561945   8.801852718838956e-05

       7.6448568      0.78539816   -0.001462406570058135
       7.6448568       2.3561945   -0.001462406570024915

        7.694987      0.78539816   -0.003035511796418604
        7.694987       2.3561945   -0.003035511796378926

       7.7451172      0.78539816   -0.004630879264905921
       7.7451172       2.3561945   -0.004630879264871383

       7.7952474      0.78539816   -0.006248081745405161
       7.7952474       2.3561945   -0.006248081745364189

       7.8453776      0.78539816   -0.007886682899055726
       7.8453776       2.3561945   -0.007886682899001128

       7.8955078      0.78539816     -0.0095462375165825
       7.8955078       2.3561945   -0.009546237516552489

        7.945638      0.78539816    -0.01122629176017292
        7.945638       2.3561945    -0.01122629176013626

       7.9957682      0.78539816     -0.0129263834091594
       7.9957682       2.3561945    -0.01292638340912955

       8.0458984      0.78539816    -0.01464604210950476
       8.0458984       2.3561945    -0.01464604210949809

       8.0960286      0.78539816    -0.01638478962625782
       8.0960286       2.3561945    -0.01638478962624259

       8.1461589      0.78539816    -0.01814214009976464
       8.1461589       2.3561945     -0.0181421400997387

       8.1962891      0.78539816    -0.01991760030522194
       8.1962891       2.3561945    -0.01991760030520015

       8.2464193      0.78539816    -0.02171066991519905
       8.2464193       2.3561945    -0.02171066991517211

       8.2965495      0.78539816    -0.02352084176528517
       8.2965495       2.3561945    -0.02352084176525257

       8.3466797      0.78539816    -0.02534760212285181
       8.3466797       2.3561945    -0.02534760212283074

       8.3968099      0.78539816    -0.02719043095815401
       8.3968099       2.3561945    -0.02719043095812793

       8.4469401      0.78539816    -0.02904880221846996
       8.4469401       2.3561945    -0.02904880221843622

       8.4970703      0.78539816    -0.03092218410480487
       8.4970703       2.3561945    -0.03092218410476363

       8.5472005      0.78539816    -0.03281003935083179
       8.5472005       2.3561945    -0.03281003935079914

       8.5973307      0.78539816    -0.03471182550434891
       8.5973307       2.3561945    -0.03471182550431281

       8.6474609      0.78539816    -0.03662699521082888
       8.6474609       2.3561945    -0.03662699521077489

       8.6975911      0.78539816    -0.03855499649863944
       8.6975911       2.3561945    -0.03855499649859436

       8.7477214      0.78539816    -0.04049527306650392
       8.7477214       2.3561945    -0.04049527306643853

       8.7978516      0.78539816    -0.04244726457257331
       8.7978516       2.3561945    -0.04244726457251788

       8.8479818      0.78539816    -0.04441040692496752
       8.8479818       2.3561945    -0.04441040692490356

        8.898112      0.78539816    -0.04638413257380954
        8.898112       2.3561945    -0.04638413257376696

       8.9482422      0.78539816    -0.04836787080470246
       8.9482422       2.3561945    -0.04836787080466661

       8.9983724      0.78539816    -0.05036104803268271
       8.9983724       2.3561945    -0.05036104803264466

       9.0485026      0.78539816    -0.05236308809754125
       9.0485026       2.3561945    -0.05236308809747491

       9.0986328      0.78539816    -0.05437341255991401
       9.0986328       2.3561945    -0.05437341255984414

        9.148763      0.78539816    -0.05639144099769553
        9.148763       2.3561945    -0.05639144099762974

       9.1988932      0.78539816    -0.05841659130309008
       9.1988932       2.3561945    -0.05841659130302369

       9.2490234      0.78539816    -0.06044827997988843
       9.2490234       2.3561945    -0.06044827997983733

       9.2991536      0.78539816    -0.06248592244050463
       9.2991536       2.3561945    -0.06248592244046085

       9.3492839      0.78539816    -0.06452893330295166
       9.3492839       2.3561945    -0.06452893330290665

       9.3994141      0.78539816    -0.06657672668785777
       9.3994141       2.3561945    -0.06657672668778938

       9.4495443      0.78539816    -0.06862871651448026
       9.4495443       2.3561945    -0.06862871651440877

       9.4996745      0.78539816     -0.0706843167963588
       9.4996745       2.3561945    -0.07068431679629693

       9.5498047      0.78539816    -0.07274294193623412
       9.5498047       2.3561945    -0.07274294193615678

       9.5999349      0.78539816    -0.07480400701925782
       9.5999349       2.3561945    -0.07480400701918893

       9.6500651      0.78539816    -0.07686692810549574
       9.6500651       2.3561945    -0.07686692810543141

       9.7001953      0.78539816    -0.07893112252082014
       9.7001953       2.3561945    -0.07893112252076112

       9.7503255      0.78539816    -0.08099600914613803
       9.7503255       2.3561945    -0.08099600914608011

       9.8004557      0.78539816    -0.08306100870478046
       9.8004557       2.3561945    -0.08306100870471632

       9.8505859      0.78539816     -0.0851255440480583
       9.8505859       2.3561945    -0.08512554404800927

       9.9007161      0.78539816    -0.08718904043823236
       9.9007161       2.3561945    -0.08718904043816487

       9.9508464      0.78539816    -0.08925092582915364
       9.9508464       2.3561945    -0.08925092582908807

       10.000977      0.78539816    -0.09131063114462414
       10.000977       2.3561945    -0.09131063114454389

       10.051107      0.78539816    -0.09336759055348377
       10.051107       2.3561945    -0.09336759055342582

       10.101237      0.78539816    -0.09542124174213266
       10.101237       2.3561945    -0.09542124174206924

       10.151367      0.78539816    -0.09747102618370947
       10.151367       2.3561945    -0.09747102618365677

       10.201497      0.78539816    -0.09951638940376167
       10.201497       2.3561945    -0.09951638940371561

       10.251628      0.78539816      -0.101556781242393
       10.251628       2.3561945     -0.1015567812423515

       10.301758      0.78539816     -0.1035916561129506
       10.301758       2.3561945     -0.1035916561129012

       10.351888      0.78539816     -0.1056204732564099
       10.351888       2.3561945     -0.1056204732563623

       10.402018      0.78539816     -0.1076426969919443
       10.402018       2.3561945     -0.1076426969919191

       10.452148      0.78539816     -0.1096577969633284
       10.452148       2.3561945     -0.1096577969633168

       10.502279      0.78539816     -0.1116652483803767
       10.502279       2.3561945      -0.111665248380371

       10.552409      0.78539816     -0.1136645322561333
       10.552409       2.3561945     -0.1136645322561331

       10.602539      0.78539816     -0.1156551356393616
       10.602539       2.3561945     -0.1156551356393578

       10.652669      0.78539816      -0.117636551841836
       10.652669       2.3561945     -0.1176365518418223

       10.702799      0.78539816     -0.1196082806606778
       10.702799       2.3561945     -0.1196082806606668

        10.75293      0.78539816     -0.1215698285955368
        10.75293       2.3561945     -0.1215698285955468

        10.80306      0.78539816     -0.1235207090601433
        10.80306       2.3561945     -0.1235207090601602

        10.85319      0.78539816     -0.1254604425882932
        10.85319       2.3561945     -0.1254604425883147

        10.90332      0.78539816     -0.1273885570343893
        10.90332       2.3561945     -0.1273885570344083

       10.953451      0.78539816     -0.1293045877679722
       10.953451       2.3561945     -0.1293045877679793

       11.003581      0.78539816     -0.1312080778623672
       11.003581       2.3561945     -0.1312080778623616

       11.053711      0.78539816     -0.1330985782773642
       11.053711       2.3561945     -0.1330985782773652

       11.103841      0.78539816     -0.1349756480354713
       11.103841       2.3561945     -0.1349756480354641

       11.153971      0.78539816     -0.1368388543919077
       11.153971       2.3561945     -0.1368388543919123

       11.204102      0.78539816     -0.1386877729984274
       11.204102       2.3561945     -0.1386877729984369

       11.254232      0.78539816     -0.1405219880603424
       11.254232       2.3561945     -0.1405219880603373

       11.304362      0.78539816     -0.1423410924871155
       11.304362       2.3561945     -0.1423410924871128

       11.354492      0.78539816     -0.1441446880364158
       11.354492       2.3561945     -0.1441446880364123

       11.404622      0.78539816     -0.1459323854509983
       11.404622       2.3561945     -0.1459323854509964

       11.454753      0.78539816     -0.1477038045890329
       11.454753       2.3561945     -0.1477038045890413

       11.504883      0.78539816     -0.1494585745475692
       11.504883       2.3561945     -0.1494585745475626

       11.555013      0.78539816     -0.1511963337788781
       11.555013       2.3561945     -0.1511963337788465

       11.605143      0.78539816     -0.1529167301998412
       11.605143       2.3561945     -0.1529167301997969

       11.655273      0.78539816     -0.1546194212944847
       11.655273       2.3561945     -0.1546194212944548

       11.705404      0.78539816     -0.1563040742092031
       11.705404       2.3561945     -0.1563040742091712

       11.755534      0.78539816     -0.1579703658406656
       11.755534       2.3561945     -0.1579703658406182

       11.805664      0.78539816     -0.1596179829172767
       11.805664       2.3561945     -0.1596179829172397

       11.855794      0.78539816     -0.1612466220754356
       11.855794       2.3561945     -0.1612466220753874

       11.905924      0.78539816     -0.1628559898973322
       11.905924       2.3561945     -0.1628559898972639

       11.956055      0.78539816     -0.1644458030905502
       11.956055       2.3561945     -0.1644458030904657

       12.006185      0.78539816      -0.166015788641097
       12.006185       2.3561945     -0.1660157886410307

       12.056315      0.78539816     -0.1675656797417642
       12.056315       2.3561945     -0.1675656797416935

       12.106445      0.78539816     -0.1690952383611906
       12.106445       2.3561945     -0.1690952383611051

       12.156576      0.78539816     -0.1706042243628727
       12.156576       2.3561945     -0.1706042243627962

       12.206706      0.78539816     -0.1720920577750228
       12.206706       2.3561945     -0.1720920577749679

       12.256836      0.78539816      -0.173560254314397
       12.256836       2.3561945     -0.1735602543143182

       12.306966      0.78539816     -0.1750063455797747
       12.306966       2.3561945     -0.1750063455796847

       12.357096      0.78539816     -0.1764137710460431
       12.357096       2.3561945      -0.176413771045964

       12.407227      0.78539816     -0.1778834670684509
       12.407227       2.3561945     -0.1778834670683872

       12.457357      0.78539816     -0.1792097639285956
       12.457357       2.3561945     -0.1792097639285447

       12.507487      0.78539816      -0.180266437122662
       12.507487       2.3561945     -0.1802664371225983

       12.557617      0.78539816     -0.1825088539935018
       12.557617       2.3561945     -0.1825088539934312

       12.607747      0.78539816     -0.1824414363364909
       12.607747       2.3561945     -0.1824414363364232

       12.657878      0.78539816     -0.1839297901653277
       12.657878       2.3561945     -0.1839297901652553

       12.708008      0.78539816     -0.1263595929834546
       12.708008       2.3561945     -0.1263595929834082

       12.758138      0.78539816     -0.2574897831481415
       12.758138       2.3561945     -0.2574897831481026

       12.808268      0.78539816     -0.3091484402539752
       12.808268       2.3561945     -0.3091484402539589

       12.858398      0.78539816     -0.4426641542061201
       12.858398       2.3561945     -0.4426641542060937

       12.908529      0.78539816     -0.3732395226454585
       12.908529       2.3561945     -0.3732395226454188

       12.958659      0.78539816     -0.2128131763279315
       12.958659       2.3561945      -0.212813176327887

       13.008789      0.78539816     -0.1297641535024231
       13.008789       2.3561945     -0.1297641535023818

