# File created on Tue Jul  7 15:36:44 2026
# ======================================== 
# = Running code assuming AXISYMMETRY    = 
# ======================================== 
# Data for Inflation GW initial data initial data at coord. time 0 and proper central time 0
# Evolved with (136,10,9) gridpoints (including 4 ghosts)
# Evolution with geodesic slicing and constant shift
# using eighth-order spatial differencing with 4 ghost zones 
# data 1 at theta = 0 and phi = 3.14159
# data 2 at theta = 1.5708 and phi = 3.14159
#                      r                    a_pp                    a_pp
#                               (     0,3.14159)        (1.5708,3.14159)
#========================================================================
               -0.546875   0.0006008591522377152   0.0006008591522377059
               -0.390625   0.0007927878748885803   0.0007927878748885663
               -0.234375   0.0004628335972455099   0.0004628335972454796
               -0.078125   6.545919333168527e-05   6.545919333164798e-05
                0.078125   6.545919333161069e-05   6.545919333164797e-05
                0.234375   0.0004628335972454493   0.0004628335972454796
                0.390625   0.0007927878748885523   0.0007927878748885663
                0.546875   0.0006008591522376965   0.0006008591522377059
                0.703125  -0.0002328152133552503  -0.0002328152133552456
                0.859375   -0.001528310539005608   -0.001528310539005598
                1.015625   -0.002960353986454757   -0.002960353986454757
                1.171875   -0.004209496198120687   -0.004209496198120671
                1.328125   -0.005066179278218398   -0.005066179278218364
                1.484375   -0.005468158712806405     -0.0054681587128064
                1.640625   -0.005476991381952008   -0.005476991381952003
                1.796875   -0.005219482838550616     -0.0052194828385506
                1.953125   -0.004827158527659398   -0.004827158527659425
                2.109375   -0.004398404283917751   -0.004398404283917774
                2.265625   -0.003989193586085959   -0.003989193586085936
                2.421875   -0.003622422454740456   -0.003622422454740465
                2.578125   -0.003302100907777928   -0.003302100907777977
                2.734375   -0.003024214322824846   -0.003024214322824898
                2.890625   -0.002782609648828076   -0.002782609648828093
                3.046875   -0.002571386958027788   -0.002571386958027782
                3.203125   -0.002385561702845336   -0.002385561702845327
                3.359375   -0.002221080393288866   -0.002221080393288861
                3.515625   -0.002074667061743603   -0.002074667061743617
                3.671875   -0.001943661164034926   -0.001943661164034947
                3.828125   -0.001825884773820837   -0.001825884773820852
                3.984375    -0.00171954028249368   -0.001719540282493695
                4.140625   -0.001623132356462627   -0.001623132356462629
                4.296875   -0.001535408066964949    -0.00153540806696491
                4.453125   -0.001455310535787246   -0.001455310535787165
                4.609375   -0.001381942703142128   -0.001381942703142071
                4.765625   -0.001314538751379936    -0.00131453875137993
                4.921875   -0.001252441376916835   -0.001252441376916855
                5.078125   -0.001195083571600453   -0.001195083571600486
                5.234375   -0.001141973911769291   -0.001141973911769313
                5.390625   -0.001092684598201522   -0.001092684598201529
                5.546875   -0.001046841670024763    -0.00104684167002479
                5.703125    -0.00100411694905277   -0.001004116949052803
                5.859375  -0.0009642213708517239  -0.0009642213708517202
                6.015625  -0.0009268994342080827  -0.0009268994342080493
                6.171875  -0.0008919245580319935  -0.0008919245580319677
                6.328125  -0.0008590951787234003  -0.0008590951787234074
                6.484375  -0.0008282314550135453  -0.0008282314550135642
                6.640625  -0.0007991724737303574  -0.0007991724737303537
                6.796875  -0.0007717738706328358  -0.0007717738706327899
                6.953125  -0.0007459057967632671  -0.0007459057967632122
                7.109375  -0.0007214511736858625  -0.0007214511736858486
                7.265625  -0.0006983041912744741  -0.0006983041912744757
                7.421875  -0.0006763690099591888  -0.0006763690099591626
                7.578125  -0.0006555586359818701  -0.0006555586359818339
                7.734375  -0.0006357939435830754  -0.0006357939435830574
                7.890625  -0.0006170028224095835  -0.0006170028224095803
                8.046875  -0.0005991194319971952  -0.0005991194319971986
                8.203125   -0.000582083548107288   -0.000582083548107308
                8.359375  -0.0005658399881016872  -0.0005658399881017444
                8.515625  -0.0005503381045297464  -0.0005503381045298206
                8.671875  -0.0005355313377516629  -0.0005355313377517221
                8.828125  -0.0005213768197971571  -0.0005213768197971913
                8.984375  -0.0005078350228076361  -0.0005078350228076441
                9.140625  -0.0004948694463730446  -0.0004948694463730387
                9.296875  -0.0004824463388837196  -0.0004824463388837205
                9.453125  -0.0004705344486965389  -0.0004705344486965485
                9.609375  -0.0004591048014873715  -0.0004591048014873901
                9.765625  -0.0004481305006500583   -0.000448130500650098
                9.921875  -0.0004375865480248349  -0.0004375865480248831
               10.078125  -0.0004274496826107009  -0.0004274496826107281
               10.234375  -0.0004176982352409911  -0.0004176982352409932
               10.390625   -0.000408311997469381  -0.0004083119974693819
               10.546875  -0.0003992721031138962  -0.0003992721031139262
               10.703125  -0.0003905609210423852  -0.0003905609210424557
               10.859375  -0.0003821619578849939  -0.0003821619578850649
               11.015625  -0.0003740597694848326  -0.0003740597694848553
               11.171875  -0.0003662398801010363  -0.0003662398801010152
               11.328125  -0.0003586887086622111  -0.0003586887086621824
               11.484375  -0.0003513935016546107  -0.0003513935016545847
               11.640625  -0.0003443422723770997  -0.0003443422723770441
               11.796875  -0.0003375237461802593  -0.0003375237461801595
               11.953125  -0.0003309273109342978  -0.0003309273109341772
               12.109375   -0.000324542971532429  -0.0003245429715323306
               12.265625   -0.000318361307061341  -0.0003183613070612891
               12.421875  -0.0003123734296397947  -0.0003123734296397582
               12.578125  -0.0003065709448545136  -0.0003065709448544768
               12.734375   -0.000300945914848958  -0.0003009459148489413
               12.890625  -0.0002954908258184248  -0.0002954908258184522
               13.046875  -0.0002901985613753062  -0.0002901985613753691
               13.203125  -0.0002850623818568955  -0.0002850623818569522
               13.359375  -0.0002800759076726908  -0.0002800759076727182
               13.515625  -0.0002752331032207269  -0.0002752331032207097
               13.671875  -0.0002705282577187382   -0.000270528257718686
               13.828125  -0.0002659559608891941  -0.0002659559608891345
               13.984375  -0.0002615110742946623  -0.0002615110742946109
               14.140625   -0.000257188701991421  -0.0002571887019914002
               14.296875   -0.000252984165662928  -0.0002529841656629648
               14.453125  -0.0002488929886687912  -0.0002488929886688809
               14.609375  -0.0002449108906454582  -0.0002449108906455629
               14.765625  -0.0002410337905309301  -0.0002410337905310272
               14.921875  -0.0002372578127845978  -0.0002372578127846993
               15.078125  -0.0002335792904643124   -0.000233579290464413
               15.234375   -0.000229994760100908  -0.0002299947601009879
               15.390625  -0.0002265009462533495  -0.0002265009462533998
               15.546875  -0.0002230947373259729  -0.0002230947373259973
               15.703125  -0.0002197731572312816  -0.0002197731572313027
               15.859375   -0.000216533339317237  -0.0002165333393172778
               16.015625  -0.0002133725070825959  -0.0002133725070826422
               16.171875  -0.0002102879655339328  -0.0002102879655339509
               16.328125  -0.0002072771007343245  -0.0002072771007343066
               16.484375   -0.000204337392935158  -0.0002043373929351032
               16.640625  -0.0002014664239945232   -0.000201466423994453
               16.796875  -0.0001986619053171817  -0.0001986619053171315
               16.953125  -0.0001959216480323344  -0.0001959216480323349
               17.109375  -0.0001932436456356196  -0.0001932436456356755
               17.265625  -0.0001906258913925105  -0.0001906258913925881
               17.421875  -0.0001880667667971633  -0.0001880667667972192
               17.578125  -0.0001855641049064734  -0.0001855641049064931
               17.734375  -0.0001831172131818735  -0.0001831172131818751
               17.890625  -0.0001807222975428527  -0.0001807222975428396
               18.046875  -0.0001783827196881632  -0.0001783827196881391
               18.203125  -0.0001760858789835972  -0.0001760858789835767
               18.359375  -0.0001738549967716709  -0.0001738549967716636
               18.515625  -0.0001716329633834939  -0.0001716329633834908
               18.671875  -0.0001695432713374999  -0.0001695432713374973
               18.828125  -0.0001673041872749406  -0.0001673041872749434
               18.984375  -0.0001655435558485505  -0.0001655435558485428
               19.140625  -0.0001628468710761915  -0.0001628468710761582
               19.296875  -0.0001623749676691475  -0.0001623749676690862
               19.453125  -0.0001570116894919915  -0.0001570116894919243
               19.609375  -0.0001629802439729352  -0.0001629802439728887
               19.765625  -0.0001446591350469931  -0.0001446591350469627
               19.921875  -0.0001717430249321166  -0.0001717430249320899
               20.078125                       0                       0
               20.234375                       0                       0
               20.390625                       0                       0
               20.546875                       0                       0
