# File created on Wed Jul  8 11:31:11 2026
# ======================================== 
# = Running code assuming AXISYMMETRY    = 
# ======================================== 
# Data for Inflation GW initial data initial data at coord. time 0.0377973 and proper central time 0.0377973
# Evolved with (264,10,9) gridpoints (including 4 ghosts)
# Evolution with geodesic slicing and constant shift
# using eighth-order spatial differencing with 4 ghost zones 
# data 1 at theta = 0 and phi = 3.14159
# data 2 at theta = 1.5708 and phi = 3.14159
#                      r                    a_pp                    a_pp
#                               (     0,3.14159)        (1.5708,3.14159)
#========================================================================
            -0.210546875    1.51347085426825e-05   1.513470825592549e-05
            -0.150390625   7.750083593042072e-06   7.750083187489197e-06
    -0.09023437500000001   2.796824139977987e-06    2.79682364965597e-06
            -0.030078125   3.111357712903884e-07   3.111357221229252e-07
             0.030078125   3.111356729554619e-07   3.111357221229252e-07
     0.09023437500000001   2.796823159333954e-06    2.79682364965597e-06
             0.150390625   7.750082781936322e-06   7.750083187489197e-06
             0.210546875   1.513470796916849e-05   1.513470825592549e-05
             0.270703125   2.489645585008205e-05   2.489645607894696e-05
             0.330859375   3.696312647224802e-05   3.696312665597707e-05
             0.391015625   5.124466835393438e-05   5.124466850667382e-05
             0.451171875    6.76333103593212e-05   6.763331048667254e-05
             0.511328125   8.600371932062768e-05   8.600371942941647e-05
             0.571484375   0.0001062131832651258   0.0001062131833594331
      0.6316406250000001   0.0001281018198156011   0.0001281018198968752
             0.691796875    0.000151492809450769   0.0001514928095209143
             0.751953125   0.0001761926531828384   0.0001761926532447593
             0.812109375   0.0002019914542042062   0.0002019914542588872
             0.872265625   0.0002286632229773054   0.0002286632230267797
      0.9324218750000001   0.0002559662052385027   0.0002559662052814284
             0.992578125   0.0002836432323369117   0.0002836432323745575
             1.052734375   0.0003114220932769513   0.0003114220933091139
             1.112890625   0.0003390159278298667   0.0003390159278571363
             1.173046875    0.000366123639996427   0.0003661236400207287
             1.233203125   0.0003924303311374531   0.0003924303311595295
             1.293359375   0.0004176077519900771   0.0004176077520064873
             1.353515625   0.0004413147728081195   0.0004413147728217881
             1.413671875   0.0004631978708282412   0.0004631978708378646
             1.473828125   0.0004828916342135549   0.0004828916342199969
             1.533984375    0.000500019281648306   0.0005000192816513605
             1.594140625   0.0005141931967053165   0.0005141931967060039
             1.654296875   0.0005250154760788587    0.000525015476077645
             1.714453125   0.0005320784908186473    0.000532078490816606
             1.774609375   0.0005349654595972169   0.0005349654595970602
             1.834765625   0.0005332510331553046   0.0005332510331562433
             1.894921875   0.0005265018888913566   0.0005265018888914978
             1.955078125   0.0005142773347252708   0.0005142773347282016
             2.015234375    0.000496129921270572   0.0004961299212698726
             2.075390625    0.000471606061305332   0.0004716060613000105
             2.135546875   0.0004402466556992753   0.0004402466556928058
             2.195703125    0.000401587724696964   0.0004015877246918725
             2.255859375    0.000355161043751225   0.0003551610437482356
             2.316015625   0.0003004947828284663   0.0003004947828269488
             2.376171875   0.0002371141483331942   0.0002371141483354848
             2.436328125   0.0001645420266866451    0.000164542026685351
             2.496484375   8.229962861445558e-05   8.229962860813871e-05
             2.556640625  -1.009286672630803e-05  -1.009286673407701e-05
             2.616796875  -0.0001131156687154707   -0.000113115668718599
             2.676953125  -0.0002272487342072792  -0.0002272487342058976
             2.737109375  -0.0003529711292979701  -0.0003529711292947753
             2.797265625  -0.0004907603948201642  -0.0004907603948142028
             2.857421875  -0.0006410919163448441  -0.0006410919163389987
             2.917578125  -0.0008044382995309445  -0.0008044382995262183
             2.977734375  -0.0009812687516251059  -0.0009812687516220606
             3.037890625   -0.001172048469869578   -0.001172048469870097
             3.098046875   -0.001377238037598728   -0.001377238037600195
             3.158203125   -0.001597292828713682   -0.001597292828716337
             3.218359375   -0.001832662421253171   -0.001832662421254818
             3.278515625   -0.002083790020766126   -0.002083790020765231
             3.338671875   -0.002351111894103633   -0.002351111894101574
             3.398828125   -0.002635056814314392    -0.00263505681431182
             3.458984375   -0.002936045517137966   -0.002936045517137752
             3.519140625   -0.003254490169804641   -0.003254490169806105
             3.579296875   -0.003590793852579972   -0.003590793852584173
             3.639453125   -0.003945350053652799   -0.003945350053659445
             3.699609375   -0.004318542177795711   -0.004318542177810119
             3.759765625   -0.004710743069352075   -0.004710743069372626
             3.819921875   -0.005122314549857489    -0.00512231454987872
             3.880078125   -0.005553606970827862   -0.005553606970851655
             3.940234375   -0.006004958782046216   -0.006004958782074946
       4.000390625000001   -0.006476696115697256   -0.006476696115729328
             4.060546875   -0.006969132386689512   -0.006969132386725219
             4.120703125   -0.007482567909464699   -0.007482567909501254
             4.180859375   -0.008017289531550568   -0.008017289531590342
             4.241015625   -0.008573570284164852   -0.008573570284205696
       4.301171875000001   -0.009151669050000644   -0.009151669050041977
             4.361328125   -0.009751830248443031   -0.009751830248487992
             4.421484375    -0.01037428353841023    -0.01037428353846197
             4.481640625    -0.01101924353889925    -0.01101924353896307
             4.541796875    -0.01168690956741235     -0.0116869095674783
       4.601953125000001    -0.01237746539629632    -0.01237746539635774
             4.662109375    -0.01309107902713912    -0.01309107902719603
             4.722265625    -0.01382790248324377    -0.01382790248330204
             4.782421875    -0.01458807162019709    -0.01458807162025837
             4.842578125     -0.0153717059545098    -0.01537170595457467
       4.902734375000001    -0.01617890851037492     -0.0161789085104442
             4.962890625    -0.01700976568449822    -0.01700976568457035
             5.023046875    -0.01786434712886501    -0.01786434712893159
             5.083203125    -0.01874270565143041    -0.01874270565148612
             5.143359375    -0.01964487713464125    -0.01964487713468458
       5.203515625000001    -0.02057088047165851    -0.02057088047169667
             5.263671875    -0.02152071752016554    -0.02152071752020728
             5.323828125    -0.02249437307352585    -0.02249437307357139
             5.383984375    -0.02349181484923542    -0.02349181484928264
             5.444140625    -0.02451299349443636     -0.0245129934944854
       5.504296875000001      -0.025557842608315    -0.02555784260836233
             5.564453125    -0.02662627878107842    -0.02662627878111902
             5.624609375    -0.02771820164944275     -0.0277182016494763
             5.684765625     -0.0288334939682454    -0.02883349396828094
             5.744921875    -0.02997202169802081    -0.02997202169806819
       5.805078125000001    -0.03113363410825321    -0.03113363410830498
             5.865234375    -0.03231816389592536    -0.03231816389597721
             5.925390625    -0.03352542731925038     -0.0335254273193051
             5.985546875    -0.03475522434615813    -0.03475522434621649
             6.045703125    -0.03600733881728141    -0.03600733881734289
       6.105859375000001     -0.0372815386230881    -0.03728153862314816
             6.166015625    -0.03857757589483001    -0.03857757589488044
             6.226171875    -0.03989518720900265    -0.03989518720904413
             6.286328125    -0.04123409380494485    -0.04123409380498649
             6.346484375    -0.04259400181526409    -0.04259400181530881
       6.406640625000001    -0.04397460250865205    -0.04397460250869591
             6.466796875    -0.04537557254473342    -0.04537557254477448
             6.526953125    -0.04679657424068152    -0.04679657424071942
             6.587109375    -0.04823725584909883    -0.04823725584913849
             6.647265625    -0.04969725184683296    -0.04969725184686018
       6.707421875000001    -0.05117618323427912    -0.05117618323429922
             6.767578125     -0.0526736578448991    -0.05267365784491167
             6.827734375    -0.05418927066442377    -0.05418927066443346
             6.887890625    -0.05572260415943492    -0.05572260415945008
             6.948046875    -0.05727322861488451    -0.05727322861490648
       7.008203125000001    -0.05884070248008373    -0.05884070248010444
             7.068359375     -0.0604245727228589    -0.06042457272286629
             7.128515625     -0.0620243751913782     -0.0620243751913742
             7.188671875    -0.06363963498333529    -0.06363963498332467
             7.248828125    -0.06526986682196319    -0.06526986682194999
       7.308984375000001    -0.06691457543852211    -0.06691457543850837
             7.369140625    -0.06857325596080974    -0.06857325596079726
             7.429296875    -0.07024539430736942    -0.07024539430735571
             7.489453125    -0.07193046758684188    -0.07193046758682217
             7.549609375    -0.07362794450215215    -0.07362794450212076
       7.609765625000001    -0.07533728575904985     -0.0753372857590186
             7.669921875    -0.07705794447871211    -0.07705794447868469
             7.730078125    -0.07878936661383958     -0.0787893666138125
             7.790234375    -0.08053099136788178    -0.08053099136785476
             7.850390625    -0.08228225161706729    -0.08228225161704217
       7.910546875000001    -0.08404257433475727    -0.08404257433473478
             7.970703125    -0.08581138101770557    -0.08581138101767755
             8.030859375    -0.08758808811390266    -0.08758808811387227
       8.091015625000001    -0.08937210745156977    -0.08937210745154664
       8.151171875000001    -0.09116284666887257    -0.09116284666886151
             8.211328125    -0.09295970964399095    -0.09295970964398945
             8.271484375    -0.09476209692521483    -0.09476209692521598
             8.331640625    -0.09656940616060843    -0.09656940616060541
       8.391796875000001    -0.09838103252688143     -0.0983810325268709
       8.451953125000001     -0.1001963691571976     -0.1001963691571792
             8.512109375     -0.1020148075673858      -0.102014807567355
             8.572265625       -0.10383573808033     -0.1038357380802914
             8.632421875     -0.1056585502481482     -0.1056585502481004
       8.692578125000001     -0.1074826332717645     -0.1074826332717202
       8.752734375000001     -0.1093073764176289     -0.1093073764175909
             8.812890625     -0.1111321694311486     -0.1111321694311089
             8.873046875     -0.1129564029465327      -0.112956402946492
             8.933203125     -0.1147794688928084     -0.1147794688927702
       8.993359375000001     -0.1166007608955764     -0.1166007608955437
       9.053515625000001     -0.1184196746742684     -0.1184196746742476
             9.113671875     -0.1202356084346181     -0.1202356084346034
             9.173828125     -0.1220479632559799     -0.1220479632559547
             9.233984375     -0.1238561434732511     -0.1238561434732082
       9.294140625000001     -0.1256595570531795     -0.1256595570531245
       9.354296875000001     -0.1274576159647098     -0.1274576159646544
             9.414453125     -0.1292497365431337     -0.1292497365430778
             9.474609375     -0.1310353398477766     -0.1310353398477297
             9.534765625     -0.1328138520130366      -0.132813852012996
       9.594921875000001       -0.13458470459244     -0.1345847045924016
       9.655078125000001     -0.1363473348955602     -0.1363473348955234
             9.715234375     -0.1381011863176141     -0.1381011863175766
             9.775390625     -0.1398457086614492     -0.1398457086614094
             9.835546875      -0.141580358451748     -0.1415803584517076
       9.895703125000001     -0.1433045992412655     -0.1433045992412258
       9.955859375000001     -0.1450179019089637     -0.1450179019089244
            10.016015625     -0.1467197449497886     -0.1467197449497479
            10.076171875     -0.1484096147559592     -0.1484096147559131
            10.136328125     -0.1500870058896752     -0.1500870058896204
            10.196484375     -0.1517514213470009     -0.1517514213469515
            10.256640625     -0.1534023728129108     -0.1534023728128744
            10.316796875     -0.1550393809072384     -0.1550393809072093
            10.376953125     -0.1566619754214837     -0.1566619754214666
            10.437109375     -0.1582696955464566     -0.1582696955464443
            10.497265625      -0.159862090090465     -0.1598620900904592
            10.557421875     -0.1614387176881591     -0.1614387176881606
            10.617578125     -0.1629991469998385     -0.1629991469998519
            10.677734375     -0.1645429569012282     -0.1645429569012443
            10.737890625     -0.1660697366635298     -0.1660697366635388
            10.798046875     -0.1675790861239073      -0.167579086123906
            10.858203125     -0.1690706158462487     -0.1690706158462425
            10.918359375     -0.1705439472721297     -0.1705439472721285
            10.978515625     -0.1719987128620675     -0.1719987128620734
            11.038671875     -0.1734345562270017     -0.1734345562270118
            11.098828125     -0.1748511322499677     -0.1748511322499779
            11.158984375     -0.1762481071980656     -0.1762481071980725
            11.219140625     -0.1776251588246645     -0.1776251588246674
            11.279296875     -0.1789819764618675     -0.1789819764618619
            11.339453125     -0.1803182611033046     -0.1803182611032986
            11.399609375     -0.1816337254773213     -0.1816337254773133
            11.459765625     -0.1829280941105201     -0.1829280941105089
            11.519921875     -0.1842011033818083     -0.1842011033818011
            11.580078125     -0.1854525015669644     -0.1854525015669673
            11.640234375     -0.1866820488738622     -0.1866820488738654
            11.700390625     -0.1878895174683222     -0.1878895174683054
            11.760546875     -0.1890746914907606     -0.1890746914907233
            11.820703125     -0.1902373670637715     -0.1902373670637366
            11.880859375     -0.1913773522907459     -0.1913773522907062
            11.941015625     -0.1924944672454421     -0.1924944672453873
            12.001171875      -0.193588543952833     -0.1935885439527809
            12.061328125     -0.1946594263614614     -0.1946594263614104
            12.121484375     -0.1957069703070255     -0.1957069703069692
            12.181640625     -0.1967310434677165     -0.1967310434676613
            12.241796875      -0.197731525311384     -0.1977315253113363
            12.301953125     -0.1987083070345014      -0.198708307034462
            12.362109375     -0.1996612914932341     -0.1996612914931979
            12.422265625     -0.2005903931267585     -0.2005903931267197
            12.482421875     -0.2014955378729718     -0.2014955378729238
            12.542578125     -0.2023766630767551     -0.2023766630767112
            12.602734375     -0.2032337173910563     -0.2032337173910236
            12.662890625     -0.2040666606708518     -0.2040666606708171
            12.723046875     -0.2048754638601452     -0.2048754638601003
            12.783203125     -0.2056601088723722     -0.2056601088723299
            12.843359375     -0.2064205884642959     -0.2064205884642634
            12.903515625     -0.2071569061035758      -0.207156906103553
            12.963671875     -0.2078690758301887     -0.2078690758301719
            13.023828125     -0.2085571221119665     -0.2085571221119534
            13.083984375     -0.2092210796944688     -0.2092210796944543
            13.144140625      -0.209860993445294     -0.2098609934452844
            13.204296875     -0.2104769181931899     -0.2104769181931875
            13.264453125     -0.2110689185620265     -0.2110689185620213
            13.324609375     -0.2116370687999197     -0.2116370687999112
            13.384765625     -0.2121814526037272     -0.2121814526037137
            13.444921875     -0.2127021629391554     -0.2127021629391257
            13.505078125     -0.2131993018565904      -0.213199301856555
            13.565234375     -0.2136729803029339     -0.2136729803029113
            13.625390625     -0.2141233179298987     -0.2141233179298853
            13.685546875     -0.2145504428980905     -0.2145504428980665
            13.745703125     -0.2149544916794667      -0.214954491679434
            13.805859375     -0.2153356088521702      -0.215335608852144
            13.866015625     -0.2156939469044754     -0.2156939469044585
            13.926171875     -0.2160296660046488     -0.2160296660046346
            13.986328125      -0.216342933850222     -0.2163429338502014
            14.046484375     -0.2166339253020619     -0.2166339253020285
            14.106640625     -0.2169028225690012     -0.2169028225689585
            14.166796875     -0.2171498139610921     -0.2171498139610686
            14.226953125     -0.2173750963298391     -0.2173750963298388
            14.287109375     -0.2175788680158686     -0.2175788680158633
            14.347265625     -0.2177613461516871     -0.2177613461516715
            14.407421875     -0.2179227216252932     -0.2179227216252914
            14.467578125     -0.2180632731780461     -0.2180632731780662
            14.527734375     -0.2181830763133373     -0.2181830763133608
            14.587890625     -0.2182827412936498     -0.2182827412936641
            14.648046875     -0.2183615437713378     -0.2183615437713396
            14.708203125     -0.2184221461812565     -0.2184221461812501
            14.768359375      -0.218458709651119     -0.2184587096511046
            14.828515625     -0.2184865908694009     -0.2184865908693804
            14.888671875     -0.2184693537610292     -0.2184693537610098
            14.948828125     -0.2184968215195409      -0.218496821519514
            15.008984375     -0.2183140754634407     -0.2183140754634102
            15.069140625     -0.2189239470053203     -0.2189239470053035
            15.129296875      -0.214058650864234     -0.2140586508642242
            15.189453125     -0.2447553839466464     -0.2447553839466183
            15.249609375     -0.1006371212941341     -0.1006371212940939
            15.309765625     -0.4311104244009561     -0.4311104244009244
            15.369921875       2.063249863702168        2.06324986370218
            15.430078125       1.117322656845442       1.117322656845451
            15.490234375      0.1170237523149778      0.1170237523149794
            15.550390625    -0.08492032397625078    -0.08492032397625215
            15.610546875    -0.03381614418171836    -0.03381614418171904
