# File created on Wed Jul  8 11:31:11 2026
# ======================================== 
# = Running code assuming AXISYMMETRY    = 
# ======================================== 
# Data for Inflation GW initial data initial data at coord. time 0.0377973 and proper central time 0.0377973
# Evolved with (264,10,9) gridpoints (including 4 ghosts)
# Evolution with geodesic slicing and constant shift
# using eighth-order spatial differencing with 4 ghost zones 
# data 1 at theta = 0 and phi = 3.14159
# data 2 at theta = 1.5708 and phi = 3.14159
#                      r                    a_rr                    a_rr
#                               (     0,3.14159)        (1.5708,3.14159)
#========================================================================
            -0.210546875  -3.026933990092362e-05  -3.026933946189661e-05
            -0.150390625   -1.55001469766364e-05  -1.550014632346311e-05
    -0.09023437500000001  -5.593645600117767e-06  -5.593644702591713e-06
            -0.030078125  -6.222719328557294e-07  -6.222714113913056e-07
             0.030078125  -6.222708899268817e-07  -6.222714113913056e-07
     0.09023437500000001  -5.593643805065657e-06  -5.593644702591713e-06
             0.150390625  -1.550014567028982e-05  -1.550014632346311e-05
             0.210546875  -3.026933902286959e-05  -3.026933946189661e-05
             0.270703125  -4.979270119776689e-05  -4.979270153968492e-05
             0.330859375  -7.392578288524323e-05  -7.392578315462203e-05
             0.391015625  -0.0001024884193624372   -0.000102488419578858
             0.451171875  -0.0001352649942889846  -0.0001352649944665375
             0.511328125  -0.0001720047551953326  -0.0001720047553435858
             0.571484375  -0.0002124221802209733  -0.0002124221803449971
      0.6316406250000001   -0.000256197395502056   -0.000256197395606252
             0.691796875  -0.0003029766424887037  -0.0003029766425752238
             0.751953125  -0.0003523727944690162  -0.0003523727945428559
             0.812109375   -0.000403965921400643  -0.0004039659214628631
             0.872265625  -0.0004573039021518538  -0.0004573039022070238
      0.9324218750000001  -0.0005119030831008792  -0.0005119030831466613
             0.992578125  -0.0005672489820739144  -0.0005672489821100034
             1.052734375  -0.0006227970363955089   -0.000622797036422593
             1.112890625  -0.0006779733939265565  -0.0006779733939470437
             1.173046875  -0.0007321757456870919  -0.0007321757457023992
             1.233203125  -0.0007847741988003155  -0.0007847741988129264
             1.293359375   -0.000835112188313066  -0.0008351121883163107
             1.353515625  -0.0008825074263974132  -0.0008825074263947537
             1.413671875  -0.0009262528874562689  -0.0009262528874489505
             1.473828125  -0.0009656178275132094  -0.0009656178274996682
             1.533984375  -0.0009998488362653016  -0.0009998488362456476
             1.594140625   -0.001028170920179049   -0.001028170920156065
             1.654296875   -0.001049788614802754   -0.001049788614776552
             1.714453125   -0.001063887124668736   -0.001063887124643093
             1.774609375   -0.001069633488888154   -0.001069633488863928
             1.834765625   -0.001066177770722828    -0.00106617777070448
             1.894921875   -0.001052654269192067   -0.001052654269172886
             1.955078125   -0.001028182750865956   -0.001028182750849852
             2.015234375  -0.0009918697000135621  -0.0009918696999943969
             2.075390625  -0.0009428095850963648   -0.000942809585067072
             2.135546875  -0.0008800861397871524  -0.0008800861397557237
             2.195703125  -0.0008027736564600321  -0.0008027736564323396
             2.255859375  -0.0007099382903604185  -0.0007099382903372654
             2.316015625  -0.0006006393723306955  -0.0006006393723109161
             2.376171875  -0.0004739307282971704  -0.0004739307282856786
             2.436328125   -0.000328862003523314  -0.0003288620035048723
             2.496484375  -0.0001644799896493338    -0.00016447998962118
             2.556640625   2.017004730816614e-05   2.017004733834969e-05
             2.616796875   0.0002260430399814673   0.0002260430400029917
             2.676953125   0.0004540927955670172   0.0004540927955790685
             2.737109375   0.0007052706764778878   0.0007052706764844049
             2.797265625   0.0009805242876748835   0.0009805242876771147
             2.857421875    0.001280796172383962     0.00128079617238557
             2.917578125     0.00160702251805169    0.001607022518055137
             2.977734375    0.001960131874285711     0.00196013187429172
             3.037890625    0.002341043884519721    0.002341043884533531
             3.098046875    0.002750668033110598    0.002750668033125521
             3.158203125    0.003189902409459026    0.003189902409476105
             3.218359375    0.003659632490789884     0.00365963249080528
             3.278515625    0.004160729945203057    0.004160729945212147
             3.338671875    0.004694051456448542    0.004694051456455619
             3.398828125    0.005260437571981465    0.005260437571987306
             3.458984375    0.005860711575570475    0.005860711575580711
             3.519140625    0.006495678385975941    0.006495678385989939
             3.579296875    0.007166123482939273    0.007166123482956387
             3.639453125     0.00787281186176219    0.007872811861786566
             3.699609375    0.008616487017665311    0.008616487017703884
             3.759765625    0.009397869961147802     0.00939786996119856
             3.819921875     0.01021765826526623     0.01021765826531816
             3.880078125     0.01107652514603845     0.01107652514609515
             3.940234375     0.01197511857687092     0.01197511857693728
       4.000390625000001     0.01291406043789441      0.0129140604379673
             4.060546875     0.01389394570107601     0.01389394570115593
             4.120703125     0.01491534165188748     0.01491534165196942
             4.180859375     0.01597878714821505     0.01597878714830165
             4.241015625     0.01708479191728082     0.01708479191737153
       4.301171875000001     0.01823383589100585     0.01823383589109585
             4.361328125     0.01942636858041231     0.01942636858050938
             4.421484375     0.02066280848963686     0.02066280848974821
             4.481640625     0.02194354256978199      0.0219435425699166
             4.541796875     0.02326892571306217     0.02326892571320091
       4.601953125000001     0.02463928028743197     0.02463928028756142
             4.662109375     0.02605489571201192     0.02605489571213226
             4.722265625     0.02751602807343614     0.02751602807355899
             4.782421875     0.02902289978318782     0.02902289978331652
             4.842578125     0.03057569927590453     0.03057569927604023
       4.902734375000001     0.03217458074875409      0.0321745807488983
             4.962890625      0.0338196639417826     0.03381966394193225
             5.023046875     0.03551103395894138      0.0355110339590801
             5.083203125     0.03724874112972832     0.03724874112984425
             5.143359375     0.03903280091119041     0.03903280091128428
       5.203515625000001     0.04086319382999772     0.04086319383007925
             5.263671875      0.0427398654641736     0.04273986546426238
             5.323828125     0.04466272646405253     0.04466272646414915
             5.383984375     0.04663165261207834      0.0466316526121773
             5.444140625     0.04864648492094741     0.04864648492104945
       5.504296875000001     0.05070702976955556     0.05070702976965642
             5.564453125     0.05281305907598085     0.05281305907606618
             5.624609375     0.05496431050713779      0.0549643105072097
             5.684765625     0.05716048772425519     0.05716048772433094
             5.744921875         0.0594012606635     0.05940126066359929
       5.805078125000001     0.06168626585106429     0.06168626585117132
             5.865234375     0.06401510675169476     0.06401510675180172
             5.925390625     0.06638735415016084     0.06638735415027482
             5.985546875     0.06880254656462219     0.06880254656474175
             6.045703125     0.07126019069103137      0.0712601906911568
       6.105859375000001     0.07375976187770195     0.07375976187782599
             6.166015625     0.07630070462903037     0.07630070462913345
             6.226171875     0.07888243313746372      0.0788824331375502
             6.286328125     0.08150433184278763     0.08150433184287473
             6.346484375     0.08416575601765552     0.08416575601774846
       6.406640625000001     0.08686603237832988     0.08686603237842061
             6.466796875     0.08960445971951964     0.08960445971960443
             6.526953125     0.09238030957254302     0.09238030957262196
             6.587109375     0.09519282688544914     0.09519282688553085
             6.647265625     0.09804123072417499      0.0980412307242339
       6.707421875000001      0.1009247149935163      0.1009247149935591
             6.767578125      0.1038424491770573      0.1038424491770864
             6.827734375      0.1067935790947086      0.1067935790947331
             6.887890625      0.1097772276769489      0.1097772276769823
             6.948046875      0.1127924957545346      0.1127924957545823
       7.008203125000001      0.1158384628625633      0.1158384628626073
             7.068359375      0.1189141880578748      0.1189141880578936
             7.128515625      0.1220187107486152      0.1220187107486112
             7.188671875      0.1251510515350032      0.1251510515349873
             7.248828125      0.1283102130600419      0.1283102130600206
       7.308984375000001      0.1314951808691239      0.1314951808691014
             7.369140625      0.1347049242775117      0.1347049242774911
             7.429296875      0.1379383972446589      0.1379383972446375
             7.489453125      0.1411945392541777       0.141194539254143
             7.549609375      0.1444722761985333      0.1444722761984767
       7.609765625000001       0.147770521267355      0.1477705212672987
             7.669921875      0.1510881758385698      0.1510881758385209
             7.730078125      0.1544241303710457      0.1544241303709979
             7.790234375       0.157777265297901      0.1577772652978516
             7.850390625      0.1611464519196099      0.1611464519195665
       7.910546875000001      0.1645305532958958      0.1645305532958566
             7.970703125      0.1679284251353785      0.1679284251353285
             8.030859375      0.1713389166823097      0.1713389166822547
       8.091015625000001      0.1747608715993629      0.1747608715993217
       8.151171875000001      0.1781931288456164      0.1781931288455999
             8.211328125      0.1816345235489125      0.1816345235489127
             8.271484375      0.1850838878718538      0.1850838878718591
             8.331640625      0.1885400518705923      0.1885400518705905
       8.391796875000001       0.192001844345587      0.1920018443455707
       8.451953125000001      0.1954680936838245      0.1954680936837921
             8.512109375        0.19893762869147      0.1989376286914154
             8.572265625      0.2024092794165236       0.202409279416454
             8.632421875       0.205881877960746      0.2058818779606578
       8.692578125000001      0.2093542592801038      0.2093542592800229
       8.752734375000001      0.2128252619734021      0.2128252619733338
             8.812890625       0.216293729058203       0.216293729058131
             8.873046875       0.219758508733651       0.219758508733577
             8.933203125      0.2232184551297633      0.2232184551296939
       8.993359375000001      0.2266724290424863      0.2266724290424287
       9.053515625000001      0.2301192986541854      0.2301192986541481
             9.113671875      0.2335579402391112      0.2335579402390864
             9.173828125      0.2369872388533378      0.2369872388532941
             9.233984375      0.2404060890088152      0.2404060890087371
       9.294140625000001      0.2438133953312652      0.2438133953311647
       9.354296875000001      0.2472080732015025      0.2472080732014008
             9.414453125      0.2505890493798371       0.250589049379736
             9.474609375      0.2539552626132773      0.2539552626131917
             9.534765625      0.2573056642253659      0.2573056642252928
       9.594921875000001      0.2606392186882437      0.2606392186881748
       9.655078125000001      0.2639549041768164      0.2639549041767502
             9.715234375      0.2672517131049219      0.2672517131048544
             9.775390625       0.270528652643186      0.2705286526431143
             9.835546875      0.2737847452184298      0.2737847452183571
       9.895703125000001      0.2770190289945506      0.2770190289944792
       9.955859375000001      0.2802305583348464      0.2802305583347759
            10.016015625      0.2834184042455374      0.2834184042454639
            10.076171875      0.2865816548004842      0.2865816548004008
            10.136328125      0.2897194155471787      0.2897194155470788
            10.196484375      0.2928308098937994      0.2928308098937116
            10.256640625      0.2959149794775593       0.295914979477492
            10.316796875      0.2989710845140462      0.2989710845139969
            10.376953125      0.3019983041278785      0.3019983041278469
            10.437109375      0.3049958366646393      0.3049958366646203
            10.497265625      0.3079628999840743      0.3079628999840651
            10.557421875      0.3108987317347225      0.3108987317347289
            10.617578125      0.3138025896101233      0.3138025896101501
            10.677734375      0.3166737515866098      0.3166737515866421
            10.737890625      0.3195115161427894      0.3195115161428088
            10.798046875      0.3223152024610459      0.3223152024610452
            10.858203125      0.3250841506111211      0.3250841506111122
            10.918359375      0.3278177217158253      0.3278177217158264
            10.978515625      0.3305152980992491      0.3305152980992616
            11.038671875      0.3331762834175535      0.3331762834175757
            11.098828125      0.3358001027725777      0.3358001027725978
            11.158984375      0.3383862028084879      0.3383862028085039
            11.219140625      0.3409340517917573      0.3409340517917639
            11.279296875      0.3434431396745095      0.3434431396745022
            11.339453125      0.3459129781416946      0.3459129781416858
            11.399609375      0.3483431006422864      0.3483431006422736
            11.459765625      0.3507330624046514      0.3507330624046335
            11.519921875      0.3530824404365016      0.3530824404364898
            11.580078125      0.3553908335096183      0.3553908335096253
            11.640234375      0.3576578621297235      0.3576578621297319
            11.700390625      0.3598831684916309      0.3598831684916013
            11.760546875      0.3620664164200331      0.3620664164199676
            11.820703125      0.3642072912963827      0.3642072912963209
            11.880859375      0.3663054999720893      0.3663054999720177
            11.941015625       0.368360770668035      0.3683607706679373
            12.001171875      0.3703728528610756      0.3703728528609818
            12.061328125      0.3723415171579965      0.3723415171579062
            12.121484375      0.3742665551566028      0.3742665551565005
            12.181640625      0.3761477792948025       0.376147779294705
            12.241796875      0.3779850226880621      0.3779850226879766
            12.301953125      0.3797781389550547      0.3797781389549846
            12.362109375      0.3815270020322702       0.381527002032205
            12.422265625      0.3832315059777366      0.3832315059776684
            12.482421875      0.3848915647642651      0.3848915647641796
            12.542578125      0.3865071120624274      0.3865071120623492
            12.602734375      0.3880781010138553      0.3880781010137969
            12.662890625      0.3896045039948848      0.3896045039948238
            12.723046875      0.3910863123709337      0.3910863123708549
            12.783203125      0.3925235362421609      0.3925235362420845
            12.843359375      0.3939162041806268      0.3939162041805697
            12.903515625      0.3952643629592497      0.3952643629592099
            12.963671875      0.3965680772728093      0.3965680772727802
            13.023828125      0.3978274294515097      0.3978274294514884
            13.083984375      0.3990425191673863      0.3990425191673608
            13.144140625      0.4002134631337596      0.4002134631337446
            13.204296875      0.4013403947983006      0.4013403947982976
            13.264453125      0.4024234640297675      0.4024234640297597
            13.324609375      0.4034628367988945      0.4034628367988812
            13.384765625      0.4044586948537475      0.4044586948537242
            13.444921875      0.4054112353899079      0.4054112353898565
            13.505078125      0.4063206707156442      0.4063206707155812
            13.565234375      0.4071872279124295      0.4071872279123906
            13.625390625      0.4080111484916899       0.408011148491667
            13.685546875      0.4087926880461988      0.4087926880461569
            13.745703125      0.4095321159012945      0.4095321159012371
            13.805859375      0.4102297147536488      0.4102297147536034
            13.866015625       0.410885780331081      0.4108857803310511
            13.926171875      0.4115006209865903      0.4115006209865661
            13.986328125      0.4120745574542962      0.4120745574542599
            14.046484375      0.4126079221754898      0.4126079221754305
            14.106640625      0.4131010597331293      0.4131010597330542
            14.166796875      0.4135543244110596      0.4135543244110191
            14.226953125      0.4139680851699141      0.4139680851699146
            14.287109375      0.4143427115260734      0.4143427115260639
            14.347265625      0.4146786084557919      0.4146786084557666
            14.407421875      0.4149761257646736      0.4149761257646721
            14.467578125      0.4152357880583482      0.4152357880583848
            14.527734375      0.4154577080410963      0.4154577080411411
            14.587890625       0.415643074883943      0.4156430748839693
            14.648046875      0.4157903828189871      0.4157903828189922
            14.708203125      0.4159049606394241      0.4159049606394138
            14.768359375      0.4159749662842797      0.4159749662842553
            14.828515625      0.4160314019971922      0.4160314019971558
            14.888671875      0.4160003577176222      0.4160003577175885
            14.948828125      0.4160642393050322      0.4160642393049844
            15.008984375      0.4157090578953194      0.4157090578952667
            15.069140625      0.4169132984054197      0.4169132984053897
            15.129296875      0.4076224481543163      0.4076224481542993
            15.189453125      0.4657739468830304      0.4657739468829808
            15.249609375      0.1927243577497796      0.1927243577497069
            15.309765625      0.8190906204731627      0.8190906204731077
            15.369921875      -5.329668864823296      -5.329668864823345
            15.430078125      -2.441112042849885      -2.441112042849906
            15.490234375     -0.2346007251205778      -0.234600725120581
            15.550390625      0.1687318333665738      0.1687318333665764
            15.610546875     0.06753753602465638      0.0675375360246577
