# File created on Wed Jul  8 11:31:17 2026
# Data for Inflation GW initial data initial data at coord time 1.12447 and central proper time 1.12447
# Evolved with (264,10,9) gridpoints (including 4 ghosts)
# Evolution with geodesic slicing and constant shift shift condition 
# data for phi = 3.14159
#              r           theta                a_rr
#===============================================================
     0.025065104      0.78539816  -9.073131857009484e-07
     0.025065104       2.3561945  -9.073132025813284e-07

     0.075195312      0.78539816  -8.661525902844313e-05
     0.075195312       2.3561945   -8.66152590224193e-05

      0.12532552      0.78539816  -0.0002892035321166933
      0.12532552       2.3561945  -0.0002892035321098547

      0.17545573      0.78539816  -0.0005478425677905519
      0.17545573       2.3561945  -0.0005478425678087868

      0.22558594      0.78539816  -0.0009152508918579592
      0.22558594       2.3561945  -0.0009152508918515999

      0.27571615      0.78539816   -0.001362347566044913
      0.27571615       2.3561945   -0.001362347566027534

      0.32584635      0.78539816   -0.001907443306984858
      0.32584635       2.3561945   -0.001907443306990201

      0.37597656      0.78539816   -0.002537741730710805
      0.37597656       2.3561945   -0.002537741730708976

      0.42610677      0.78539816   -0.003263859167680728
      0.42610677       2.3561945   -0.003263859167658081

      0.47623698      0.78539816   -0.004077796970863233
      0.47623698       2.3561945   -0.004077796970857731

      0.52636719      0.78539816   -0.004984562694205719
      0.52636719       2.3561945    -0.00498456269418329

       0.5764974      0.78539816   -0.005985040258144611
       0.5764974       2.3561945   -0.005985040258142518

       0.6266276      0.78539816   -0.007069869943275352
       0.6266276       2.3561945   -0.007069869943260534

      0.67675781      0.78539816   -0.008258091512662708
      0.67675781       2.3561945   -0.008258091512640071

      0.72688802      0.78539816   -0.009522056112188981
      0.72688802       2.3561945   -0.009522056112160556

      0.77701823      0.78539816    -0.01088174486941617
      0.77701823       2.3561945     -0.0108817448693975

      0.82714844      0.78539816    -0.01233792015644829
      0.82714844       2.3561945     -0.0123379201564242

      0.87727865      0.78539816    -0.01381937367474552
      0.87727865       2.3561945    -0.01381937367469316

      0.92740885      0.78539816    -0.01537090831272818
      0.92740885       2.3561945    -0.01537090831263921

      0.97753906      0.78539816    -0.01710461462122422
      0.97753906       2.3561945    -0.01710461462115317

       1.0276693      0.78539816     -0.0190260301146165
       1.0276693       2.3561945    -0.01902603011456948

       1.0777995      0.78539816    -0.02108164183547199
       1.0777995       2.3561945    -0.02108164183545876

       1.1279297      0.78539816    -0.02324968614832099
       1.1279297       2.3561945    -0.02324968614828225

       1.1780599      0.78539816    -0.02552997359457112
       1.1780599       2.3561945    -0.02552997359454023

       1.2281901      0.78539816    -0.02792095420441258
       1.2281901       2.3561945      -0.027920954204398

       1.2783203      0.78539816    -0.03042110552825894
       1.2783203       2.3561945    -0.03042110552823111

       1.3284505      0.78539816    -0.03303091271701853
       1.3284505       2.3561945     -0.0330309127169933

       1.3785807      0.78539816    -0.03575145485697087
       1.3785807       2.3561945    -0.03575145485693991

       1.4287109      0.78539816     -0.0385839922984441
       1.4287109       2.3561945    -0.03858399229843913

       1.4788411      0.78539816    -0.04153004361876751
       1.4788411       2.3561945    -0.04153004361874491

       1.5289714      0.78539816    -0.04459129787221269
       1.5289714       2.3561945    -0.04459129787219399

       1.5791016      0.78539816    -0.04776954721829819
       1.5791016       2.3561945    -0.04776954721826762

       1.6292318      0.78539816      -0.051066665256215
       1.6292318       2.3561945    -0.05106666525619762

        1.679362      0.78539816    -0.05448458920471586
        1.679362       2.3561945    -0.05448458920468779

       1.7294922      0.78539816     -0.0580253064185856
       1.7294922       2.3561945    -0.05802530641858381

       1.7796224      0.78539816    -0.06169084609957359
       1.7796224       2.3561945    -0.06169084609956274

       1.8297526      0.78539816    -0.06548327343091359
       1.8297526       2.3561945    -0.06548327343090066

       1.8798828      0.78539816    -0.06940468517448782
       1.8798828       2.3561945    -0.06940468517446741

        1.930013      0.78539816    -0.07345720626597055
        1.930013       2.3561945    -0.07345720626596816

       1.9801432      0.78539816    -0.07764298697209421
       1.9801432       2.3561945    -0.07764298697207968

       2.0302734      0.78539816    -0.08196420033796731
       2.0302734       2.3561945    -0.08196420033796833

       2.0804036      0.78539816    -0.08642303975068422
       2.0804036       2.3561945    -0.08642303975065226

       2.1305339      0.78539816    -0.09102171649661349
       2.1305339       2.3561945    -0.09102171649658793

       2.1806641      0.78539816    -0.09576245722999026
       2.1806641       2.3561945     -0.0957624572299887

       2.2307943      0.78539816     -0.1006475012944131
       2.2307943       2.3561945     -0.1006475012943957

       2.2809245      0.78539816     -0.1056790978573496
       2.2809245       2.3561945     -0.1056790978573313

       2.3310547      0.78539816     -0.1108595028288737
       2.3310547       2.3561945     -0.1108595028288406

       2.3811849      0.78539816     -0.1161909755430797
       2.3811849       2.3561945     -0.1161909755430839

       2.4313151      0.78539816     -0.1216757751865967
       2.4313151       2.3561945       -0.12167577518657

       2.4814453      0.78539816     -0.1273161569617306
       2.4814453       2.3561945     -0.1273161569616985

       2.5315755      0.78539816     -0.1331143679743836
       2.5315755       2.3561945      -0.133114367974355

       2.5817057      0.78539816     -0.1390726428380994
       2.5817057       2.3561945     -0.1390726428380843

       2.6318359      0.78539816     -0.1451931989877842
       2.6318359       2.3561945     -0.1451931989877565

       2.6819661      0.78539816     -0.1514782316961418
       2.6819661       2.3561945      -0.151478231696111

       2.7320964      0.78539816      -0.157929908787377
       2.7320964       2.3561945     -0.1579299087873421

       2.7822266      0.78539816     -0.1645503650433928
       2.7822266       2.3561945      -0.164550365043341

       2.8323568      0.78539816     -0.1713416962973371
       2.8323568       2.3561945     -0.1713416962972778

        2.882487      0.78539816       -0.17830595321066
        2.882487       2.3561945     -0.1783059532106168

       2.9326172      0.78539816     -0.1854451347305283
       2.9326172       2.3561945      -0.185445134730501

       2.9827474      0.78539816     -0.1927611812239642
       2.9827474       2.3561945     -0.1927611812239083

       3.0328776      0.78539816     -0.2002559672872332
       3.0328776       2.3561945     -0.2002559672871687

       3.0830078      0.78539816     -0.2079312942289918
       3.0830078       2.3561945     -0.2079312942289476

        3.133138      0.78539816     -0.2157888822261164
        3.133138       2.3561945     -0.2157888822260519

       3.1832682      0.78539816     -0.2238303621532011
       3.1832682       2.3561945     -0.2238303621531584

       3.2333984      0.78539816     -0.2320572670875042
       3.2333984       2.3561945     -0.2320572670874276

       3.2835286      0.78539816     -0.2404710234917711
       3.2835286       2.3561945     -0.2404710234917057

       3.3336589      0.78539816     -0.2490729420795049
       3.3336589       2.3561945     -0.2490729420794468

       3.3837891      0.78539816     -0.2578642083683835
       3.3837891       2.3561945     -0.2578642083683266

       3.4339193      0.78539816     -0.2668458729289124
       3.4339193       2.3561945     -0.2668458729288538

       3.4840495      0.78539816     -0.2760188413374073
       3.4840495       2.3561945     -0.2760188413373111

       3.5341797      0.78539816      -0.285383863844543
       3.5341797       2.3561945      -0.285383863844446

       3.5843099      0.78539816     -0.2949415247722665
       3.5843099       2.3561945     -0.2949415247721668

       3.6344401      0.78539816     -0.3046922316541256
       3.6344401       2.3561945     -0.3046922316540246

       3.6845703      0.78539816     -0.3146362041363013
       3.6845703       2.3561945     -0.3146362041362025

       3.7347005      0.78539816     -0.3247734626590206
       3.7347005       2.3561945     -0.3247734626589452

       3.7848307      0.78539816     -0.3351038169405135
       3.7848307       2.3561945     -0.3351038169404418

       3.8349609      0.78539816     -0.3456268542879728
       3.8349609       2.3561945     -0.3456268542878844

       3.8850911      0.78539816     -0.3563419277635844
       3.8850911       2.3561945     -0.3563419277634891

       3.9352214      0.78539816     -0.3672481442352174
       3.9352214       2.3561945     -0.3672481442351235

       3.9853516      0.78539816     -0.3783443523451347
       3.9853516       2.3561945     -0.3783443523450144

       4.0354818      0.78539816     -0.3896291304323514
       4.0354818       2.3561945     -0.3896291304322317

        4.085612      0.78539816     -0.4011007744477044
        4.085612       2.3561945      -0.401100774447573

       4.1357422      0.78539816     -0.4127572859034842
       4.1357422       2.3561945     -0.4127572859033843

       4.1858724      0.78539816     -0.4245963599026311
       4.1858724       2.3561945     -0.4245963599025503

       4.2360026      0.78539816     -0.4366153732956184
       4.2360026       2.3561945     -0.4366153732955305

       4.2861328      0.78539816     -0.4488113730155532
       4.2861328       2.3561945     -0.4488113730154803

        4.336263      0.78539816     -0.4611810646455038
        4.336263       2.3561945     -0.4611810646454345

       4.3863932      0.78539816     -0.4737208012748393
       4.3863932       2.3561945     -0.4737208012747429

       4.4365234      0.78539816     -0.4864265727037778
       4.4365234       2.3561945     -0.4864265727036763

       4.4866536      0.78539816     -0.4992939950588626
       4.4866536       2.3561945     -0.4992939950587764

       4.5367839      0.78539816     -0.5123183008835617
       4.5367839       2.3561945      -0.512318300883461

       4.5869141      0.78539816     -0.5254943297710347
       4.5869141       2.3561945     -0.5254943297709536

       4.6370443      0.78539816     -0.5388165196080994
       4.6370443       2.3561945     -0.5388165196079757

       4.6871745      0.78539816     -0.5522788985002923
       4.6871745       2.3561945     -0.5522788985001943

       4.7373047      0.78539816     -0.5658750774517247
       4.7373047       2.3561945     -0.5658750774516487

       4.7874349      0.78539816     -0.5795982438718003
       4.7874349       2.3561945     -0.5795982438716761

       4.8375651      0.78539816     -0.5934411559840879
       4.8375651       2.3561945     -0.5934411559839242

       4.8876953      0.78539816     -0.6073961382115182
       4.8876953       2.3561945     -0.6073961382113505

       4.9378255      0.78539816     -0.6214550776122817
       4.9378255       2.3561945     -0.6214550776121445

       4.9879557      0.78539816     -0.6356094214406257
       4.9879557       2.3561945     -0.6356094214404959

       5.0380859      0.78539816     -0.6498501759056085
       5.0380859       2.3561945     -0.6498501759054275

       5.0882161      0.78539816     -0.6641679061994177
       5.0882161       2.3561945     -0.6641679061991981

       5.1383464      0.78539816      -0.678552737865146
       5.1383464       2.3561945     -0.6785527378649251

       5.1884766      0.78539816     -0.6929943595698903
       5.1884766       2.3561945     -0.6929943595697104

       5.2386068      0.78539816     -0.7074820273471919
       5.2386068       2.3561945     -0.7074820273470377

        5.288737      0.78539816      -0.722004570367585
        5.288737       2.3561945     -0.7220045703674466

       5.3388672      0.78539816     -0.7365503982926697
       5.3388672       2.3561945     -0.7365503982924895

       5.3889974      0.78539816     -0.7511075102624386
       5.3889974       2.3561945     -0.7511075102622402

       5.4391276      0.78539816     -0.7656635055599671
       5.4391276       2.3561945     -0.7656635055597586

       5.4892578      0.78539816     -0.7802055959898846
       5.4892578       2.3561945     -0.7802055959896879

        5.539388      0.78539816     -0.7947206200014945
        5.539388       2.3561945     -0.7947206200013298

       5.5895182      0.78539816     -0.8091950585782436
       5.5895182       2.3561945     -0.8091950585780706

       5.6396484      0.78539816     -0.8236150529077051
       5.6396484       2.3561945     -0.8236150529074928

       5.6897786      0.78539816     -0.8379664238378119
       5.6897786       2.3561945     -0.8379664238376284

       5.7399089      0.78539816     -0.8522346931147737
       5.7399089       2.3561945     -0.8522346931145917

       5.7900391      0.78539816     -0.8664051063871975
       5.7900391       2.3561945     -0.8664051063870077

       5.8401693      0.78539816     -0.8804626579535625
       5.8401693       2.3561945     -0.8804626579533246

       5.8902995      0.78539816      -0.894392117215984
       5.8902995       2.3561945     -0.8943921172157701

       5.9404297      0.78539816     -0.9081780567948778
       5.9404297       2.3561945     -0.9081780567946705

       5.9905599      0.78539816     -0.9218048822470295
       5.9905599       2.3561945     -0.9218048822468552

       6.0406901      0.78539816     -0.9352568633182757
       6.0406901       2.3561945     -0.9352568633181138

       6.0908203      0.78539816     -0.9485181666500038
       6.0908203       2.3561945     -0.9485181666498492

       6.1409505      0.78539816     -0.9615728898490677
       6.1409505       2.3561945     -0.9615728898489398

       6.1910807      0.78539816     -0.9744050968166621
       6.1910807       2.3561945     -0.9744050968165759

       6.2412109      0.78539816     -0.9869988542245173
       6.2412109       2.3561945     -0.9869988542244225

       6.2913411      0.78539816     -0.9993382690136371
       6.2913411       2.3561945     -0.9993382690135317

       6.3414714      0.78539816      -1.011407526781629
       6.3414714       2.3561945      -1.011407526781552

       6.3916016      0.78539816      -1.023190930915287
       6.3916016       2.3561945      -1.023190930915193

       6.4417318      0.78539816      -1.034672942315841
       6.4417318       2.3561945      -1.034672942315744

        6.491862      0.78539816      -1.045838219556402
        6.491862       2.3561945      -1.045838219556338

       6.5419922      0.78539816      -1.056671659304465
       6.5419922       2.3561945      -1.056671659304424

       6.5921224      0.78539816       -1.06715843683629
       6.5921224       2.3561945      -1.067158436836342

       6.6422526      0.78539816      -1.077284046464206
       6.6422526       2.3561945      -1.077284046464244

       6.6923828      0.78539816      -1.087034341693616
       6.6923828       2.3561945      -1.087034341693553

        6.742513      0.78539816      -1.096395574925548
        6.742513       2.3561945      -1.096395574925487

       6.7926432      0.78539816      -1.105354436516049
       6.7926432       2.3561945      -1.105354436516028

       6.8427734      0.78539816      -1.113898093007111
       6.8427734       2.3561945       -1.11389809300704

       6.8929036      0.78539816      -1.122014224342271
       6.8929036       2.3561945       -1.12201422434224

       6.9430339      0.78539816      -1.129691059883615
       6.9430339       2.3561945      -1.129691059883555

       6.9931641      0.78539816      -1.136917413050508
       6.9931641       2.3561945      -1.136917413050414

       7.0432943      0.78539816      -1.143682714405687
       7.0432943       2.3561945      -1.143682714405639

       7.0934245      0.78539816      -1.149977043020273
       7.0934245       2.3561945      -1.149977043020259

       7.1435547      0.78539816      -1.155791155958743
       7.1435547       2.3561945        -1.1557911559587

       7.1936849      0.78539816      -1.161116515732309
       7.1936849       2.3561945      -1.161116515732238

       7.2438151      0.78539816      -1.165945315580282
       7.2438151       2.3561945      -1.165945315580108

       7.2939453      0.78539816       -1.17027050244979
       7.2939453       2.3561945       -1.17027050244965

       7.3440755      0.78539816      -1.174085797557739
       7.3440755       2.3561945      -1.174085797557667

       7.3942057      0.78539816       -1.17738571442994
       7.3942057       2.3561945      -1.177385714429876

       7.4443359      0.78539816      -1.180165574329561
       7.4443359       2.3561945      -1.180165574329507

       7.4944661      0.78539816       -1.18242151900021
       7.4944661       2.3561945      -1.182421519000178

       7.5445964      0.78539816      -1.184150520663005
       7.5445964       2.3561945      -1.184150520662977

       7.5947266      0.78539816      -1.185350389225574
       7.5947266       2.3561945      -1.185350389225626

       7.6448568      0.78539816      -1.186019776674386
       7.6448568       2.3561945        -1.1860197766745

        7.694987      0.78539816      -1.186158178639408
        7.694987       2.3561945      -1.186158178639504

       7.7451172      0.78539816      -1.185765933136806
       7.7451172       2.3561945      -1.185765933136881

       7.7952474      0.78539816      -1.184844216510255
       7.7952474       2.3561945      -1.184844216510322

       7.8453776      0.78539816      -1.183395036606962
       7.8453776       2.3561945      -1.183395036607084

       7.8955078      0.78539816      -1.181421223241656
       7.8955078       2.3561945      -1.181421223241699

        7.945638      0.78539816      -1.178926416013913
        7.945638       2.3561945      -1.178926416013924

       7.9957682      0.78539816      -1.175915049561626
       7.9957682       2.3561945      -1.175915049561669

       8.0458984      0.78539816      -1.172392336344729
       8.0458984       2.3561945      -1.172392336344765

       8.0960286      0.78539816      -1.168364247065417
       8.0960286       2.3561945      -1.168364247065431

       8.1461589      0.78539816      -1.163837488844816
       8.1461589       2.3561945      -1.163837488844863

       8.1962891      0.78539816      -1.158819481284059
       8.1962891       2.3561945      -1.158819481284177

       8.2464193      0.78539816      -1.153318330548152
       8.2464193       2.3561945      -1.153318330548333

       8.2965495      0.78539816      -1.147342801620784
       8.2965495       2.3561945       -1.14734280162092

       8.3466797      0.78539816        -1.1409022888834
       8.3466797       2.3561945      -1.140902288883576

       8.3968099      0.78539816      -1.134006785177849
       8.3968099       2.3561945      -1.134006785178009

       8.4469401      0.78539816      -1.126666849517112
       8.4469401       2.3561945      -1.126666849517241

       8.4970703      0.78539816      -1.118893573611621
       8.4970703       2.3561945      -1.118893573611766

       8.5472005      0.78539816       -1.11069854738038
       8.5472005       2.3561945       -1.11069854738053

       8.5973307      0.78539816      -1.102093823618049
       8.5973307       2.3561945      -1.102093823618222

       8.6474609      0.78539816      -1.093091881988757
       8.6474609       2.3561945      -1.093091881988888

       8.6975911      0.78539816      -1.083705592514087
       8.6975911       2.3561945      -1.083705592514203

       8.7477214      0.78539816      -1.073948178722526
       8.7477214       2.3561945      -1.073948178722688

       8.7978516      0.78539816      -1.063833180622783
       8.7978516       2.3561945      -1.063833180622973

       8.8479818      0.78539816      -1.053374417658243
       8.8479818       2.3561945      -1.053374417658379

        8.898112      0.78539816      -1.042585951797004
        8.898112       2.3561945      -1.042585951797122

       8.9482422      0.78539816      -1.031482050904135
       8.9482422       2.3561945      -1.031482050904271

       8.9983724      0.78539816       -1.02007715253511
       8.9983724       2.3561945      -1.020077152535281

       9.0485026      0.78539816      -1.008385828283282
       9.0485026       2.3561945      -1.008385828283505

       9.0986328      0.78539816     -0.9964227488053511
       9.0986328       2.3561945     -0.9964227488055464

        9.148763      0.78539816     -0.9842026496408913
        9.148763       2.3561945     -0.9842026496410569

       9.1988932      0.78539816     -0.9717402979334082
       9.1988932       2.3561945      -0.971740297933492

       9.2490234      0.78539816     -0.9590504601504839
       9.2490234       2.3561945     -0.9590504601505127

       9.2991536      0.78539816     -0.9461478708924064
       9.2991536       2.3561945     -0.9461478708924209

       9.3492839      0.78539816     -0.9330472028671842
       9.3492839       2.3561945     -0.9330472028671939

       9.3994141      0.78539816     -0.9197630381027667
       9.3994141       2.3561945     -0.9197630381027502

       9.4495443      0.78539816     -0.9063098404566728
       9.4495443       2.3561945     -0.9063098404566976

       9.4996745      0.78539816     -0.8927019294742135
       9.4996745       2.3561945     -0.8927019294742211

       9.5498047      0.78539816     -0.8789534556377023
       9.5498047       2.3561945      -0.878953455637683

       9.5999349      0.78539816     -0.8650783770401962
       9.5999349       2.3561945     -0.8650783770401861

       9.6500651      0.78539816     -0.8510904375078714
       9.6500651       2.3561945      -0.851090437507935

       9.7001953      0.78539816     -0.8370031461871904
       9.7001953       2.3561945     -0.8370031461872628

       9.7503255      0.78539816     -0.8228297586064471
       9.7503255       2.3561945     -0.8228297586065841

       9.8004557      0.78539816     -0.8085832592122687
       9.8004557       2.3561945     -0.8085832592123212

       9.8505859      0.78539816     -0.7942763453751127
       9.8505859       2.3561945     -0.7942763453751065

       9.9007161      0.78539816     -0.7799214128523928
       9.9007161       2.3561945     -0.7799214128524627

       9.9508464      0.78539816     -0.7655305426891402
       9.9508464       2.3561945     -0.7655305426891884

       10.000977      0.78539816     -0.7511154895324734
       10.000977       2.3561945     -0.7511154895324665

       10.051107      0.78539816     -0.7366876713314495
       10.051107       2.3561945     -0.7366876713314809

       10.101237      0.78539816     -0.7222581603872145
       10.101237       2.3561945     -0.7222581603872602

       10.151367      0.78539816     -0.7078376757159434
       10.151367       2.3561945     -0.7078376757159934

       10.201497      0.78539816     -0.6934365766830842
       10.201497       2.3561945     -0.6934365766830769

       10.251628      0.78539816     -0.6790648578632027
       10.251628       2.3561945     -0.6790648578632213

       10.301758      0.78539816     -0.6647321450783338
       10.301758       2.3561945     -0.6647321450784002

       10.351888      0.78539816     -0.6504476925648417
       10.351888       2.3561945     -0.6504476925649346

       10.402018      0.78539816     -0.6362203812166641
       10.402018       2.3561945     -0.6362203812167213

       10.452148      0.78539816     -0.6220587178518774
       10.452148       2.3561945      -0.622058717851901

       10.502279      0.78539816     -0.6079708354424177
       10.502279       2.3561945     -0.6079708354424732

       10.552409      0.78539816     -0.5939644942837154
       10.552409       2.3561945     -0.5939644942838027

       10.602539      0.78539816     -0.5800470839996804
       10.602539       2.3561945     -0.5800470839998022

       10.652669      0.78539816     -0.5662256261425372
       10.652669       2.3561945     -0.5662256261426021

       10.702799      0.78539816     -0.5525067784223238
       10.702799       2.3561945     -0.5525067784224228

        10.75293      0.78539816     -0.5388968391585889
        10.75293       2.3561945     -0.5388968391587239

        10.80306      0.78539816     -0.5254017449082083
        10.80306       2.3561945      -0.525401744908283

        10.85319      0.78539816     -0.5120270939376086
        10.85319       2.3561945     -0.5120270939377146

        10.90332      0.78539816     -0.4987781728809398
        10.90332       2.3561945     -0.4987781728810638

       10.953451      0.78539816     -0.4856597472227961
       10.953451       2.3561945     -0.4856597472229076

       11.003581      0.78539816     -0.4726764122418725
       11.003581       2.3561945       -0.47267641224198

       11.053711      0.78539816     -0.4598336370254588
       11.053711       2.3561945      -0.459833637025548

       11.103841      0.78539816     -0.4471326585695681
       11.103841       2.3561945     -0.4471326585696678

       11.153971      0.78539816      -0.434573021445802
       11.153971       2.3561945     -0.4345730214459142

       11.204102      0.78539816     -0.4221864309038477
       11.204102       2.3561945     -0.4221864309038991

       11.254232      0.78539816      -0.409955244709705
       11.254232       2.3561945     -0.4099552447097848

       11.304362      0.78539816     -0.3977162040148803
       11.304362       2.3561945     -0.3977162040150432

       11.354492      0.78539816     -0.3858544584702439
       11.354492       2.3561945     -0.3858544584703527

       11.404622      0.78539816     -0.3748912572531795
       11.404622       2.3561945     -0.3748912572532315

       11.454753      0.78539816     -0.3619023862691137
       11.454753       2.3561945     -0.3619023862691806

       11.504883      0.78539816     -0.3472800619520464
       11.504883       2.3561945     -0.3472800619521502

       11.555013      0.78539816     -0.3479757126710349
       11.555013       2.3561945     -0.3479757126710968

       11.605143      0.78539816     -0.3596897171490808
       11.605143       2.3561945     -0.3596897171490929

       11.655273      0.78539816     -0.3359655577271263
       11.655273       2.3561945     -0.3359655577271966

       11.705404      0.78539816     -0.3376809285507165
       11.705404       2.3561945     -0.3376809285506251

       11.755534      0.78539816     -0.5250131633159043
       11.755534       2.3561945     -0.5250131633155835

       11.805664      0.78539816       -0.79824077273882
       11.805664       2.3561945     -0.7982407727385606

       11.855794      0.78539816     -0.9511536940773022
       11.855794       2.3561945     -0.9511536940772658

       11.905924      0.78539816       -1.04011387293595
       11.905924       2.3561945       -1.04011387293588

       11.956055      0.78539816      -1.189898116973019
       11.956055       2.3561945      -1.189898116972894

       12.006185      0.78539816      -1.401630520484322
       12.006185       2.3561945      -1.401630520484209

       12.056315      0.78539816      -1.619943356422791
       12.056315       2.3561945      -1.619943356422766

       12.106445      0.78539816      -1.850706248746324
       12.106445       2.3561945      -1.850706248746275

       12.156576      0.78539816      -2.147441395747999
       12.156576       2.3561945      -2.147441395747911

       12.206706      0.78539816      -2.549389429297719
       12.206706       2.3561945      -2.549389429297557

       12.256836      0.78539816      -3.076043477805046
       12.256836       2.3561945      -3.076043477804927

       12.306966      0.78539816      -3.775346084315984
       12.306966       2.3561945      -3.775346084315958

       12.357096      0.78539816      -4.738801836219799
       12.357096       2.3561945      -4.738801836219626

       12.407227      0.78539816      -6.176933560477431
       12.407227       2.3561945      -6.176933560477274

       12.457357      0.78539816      -8.323568526221779
       12.457357       2.3561945      -8.323568526221953

       12.507487      0.78539816         -12.00590630489
       12.507487       2.3561945      -12.00590630489035

       12.557617      0.78539816      -18.14930118231245
       12.557617       2.3561945      -18.14930118231289

       12.607747      0.78539816      -21.39375924218505
       12.607747       2.3561945      -21.39375924213483

       12.657878      0.78539816      -59.53185025801822
       12.657878       2.3561945      -59.53185025784813

       12.708008      0.78539816       1761.706870279373
       12.708008       2.3561945       1761.706870293348

       12.758138      0.78539816       3579.698480455158
       12.758138       2.3561945       3579.698480482421

       12.808268      0.78539816       23797939.82893043
       12.808268       2.3561945       23797939.83013684

       12.858398      0.78539816      -68313.26231665284
       12.858398       2.3561945      -68313.26231694715

       12.908529      0.78539816       6926.091010843998
       12.908529       2.3561945       6926.091010885566

       12.958659      0.78539816                    -nan
       12.958659       2.3561945                    -nan

       13.008789      0.78539816       116.9285037968716
       13.008789       2.3561945       116.9285037969332

