# File created on Wed Jul  8 11:31:12 2026
# Data for Inflation GW initial data initial data at coord time 0.0377973 and central proper time 0.0377973
# Evolved with (264,10,9) gridpoints (including 4 ghosts)
# Evolution with geodesic slicing and constant shift shift condition 
# data for phi = 3.14159
#              r           theta                a_rr
#===============================================================
     0.025065104      0.78539816   -4.32151764357893e-07
     0.025065104       2.3561945  -4.321523902429191e-07

     0.075195312      0.78539816   -3.88609803262792e-06
     0.075195312       2.3561945  -3.886099379558133e-06

      0.12532552      0.78539816   -1.07765061600728e-05
      0.12532552       2.3561945  -1.077650730853834e-05

      0.17545573      0.78539816  -2.106843421941106e-05
      0.17545573       2.3561945  -2.106843503311312e-05

      0.22558594      0.78539816  -3.470950653833741e-05
      0.22558594       2.3561945  -3.470950714317758e-05

      0.27571615      0.78539816  -5.162997534681856e-05
      0.27571615       2.3561945  -5.162997584592826e-05

      0.32584635      0.78539816  -7.174278849799984e-05
      0.32584635       2.3561945  -7.174278890707293e-05

      0.37597656      0.78539816  -9.494367816137672e-05
      0.37597656       2.3561945  -9.494367850091917e-05

      0.42610677      0.78539816  -0.0001211112668690297
      0.42610677       2.3561945   -0.000121111267155298

      0.47623698      0.78539816  -0.0001501071911757077
      0.47623698       2.3561945  -0.0001501071914205186

      0.52636719      0.78539816  -0.0001817762420731339
      0.52636719       2.3561945  -0.0001817762422841412

       0.5764974      0.78539816  -0.0002159465226012366
       0.5764974       2.3561945  -0.0002159465227831787

       0.6266276      0.78539816  -0.0002524296224588827
       0.6266276       2.3561945  -0.0002524296226162787

      0.67675781      0.78539816  -0.0002910208088372785
      0.67675781       2.3561945  -0.0002910208089720615

      0.72688802      0.78539816  -0.0003314992340401432
      0.72688802       2.3561945  -0.0003314992341573992

      0.77701823      0.78539816  -0.0003736281595790578
      0.77701823       2.3561945  -0.0003736281596812211

      0.82714844      0.78539816  -0.0004171551958061358
      0.82714844       2.3561945  -0.0004171551958958398

      0.87727865      0.78539816   -0.000461812557352085
      0.87727865       2.3561945  -0.0004618125574331722

      0.92740885      0.78539816  -0.0005073173340651158
      0.92740885       2.3561945  -0.0005073173341345107

      0.97753906      0.78539816  -0.0005533717766612841
      0.97753906       2.3561945  -0.0005533717767185646

       1.0276693      0.78539816  -0.0005996635973894033
       1.0276693       2.3561945  -0.0005996635974349747

       1.0777995      0.78539816   -0.000645866285391454
       1.0777995       2.3561945  -0.0006458662854273095

       1.1279297      0.78539816  -0.0006916394357108299
       1.1279297       2.3561945  -0.0006916394357390471

       1.1780599      0.78539816  -0.0007366290921077828
       1.1780599       2.3561945  -0.0007366290921302982

       1.2281901      0.78539816  -0.0007804681032842389
       1.2281901       2.3561945  -0.0007804681033036033

       1.2783203      0.78539816  -0.0008227764916739731
       1.2783203       2.3561945  -0.0008227764916824416

       1.3284505      0.78539816  -0.0008631618349700452
       1.3284505       2.3561945  -0.0008631618349691218

       1.3785807      0.78539816  -0.0009012196599109476
       1.3785807       2.3561945  -0.0009012196599041775

       1.4287109      0.78539816    -0.00093653384736765
       1.4287109       2.3561945   -0.000936533847354637

       1.4788411      0.78539816  -0.0009686770486988165
       1.4788411       2.3561945  -0.0009686770486778267

       1.5289714      0.78539816  -0.0009972111128959535
       1.5289714       2.3561945  -0.0009972111128673296

       1.5791016      0.78539816   -0.001021687523730337
       1.5791016       2.3561945   -0.001021687523697225

       1.6292318      0.78539816   -0.001041647846827228
       1.6292318       2.3561945   -0.001041647846789844

        1.679362      0.78539816   -0.001056624186191144
        1.679362       2.3561945    -0.00105662418615205

       1.7294922      0.78539816   -0.001066139649228416
       1.7294922       2.3561945    -0.00106613964919037

       1.7796224      0.78539816   -0.001069708820128109
       1.7796224       2.3561945   -0.001069708820092762

       1.8297526      0.78539816   -0.001066838241061764
       1.8297526       2.3561945   -0.001066838241033942

       1.8798828      0.78539816   -0.001057026900419491
       1.8798828       2.3561945   -0.001057026900391285

        1.930013      0.78539816   -0.001039766727920512
        1.930013       2.3561945   -0.001039766727894709

       1.9801432      0.78539816   -0.001014543096002417
       1.9801432       2.3561945   -0.001014543095978159

       2.0302734      0.78539816  -0.0009808353266798505
       2.0302734       2.3561945  -0.0009808353266476948

       2.0804036      0.78539816  -0.0009381172035867526
       2.0804036       2.3561945  -0.0009381172035423677

       2.1305339      0.78539816    -0.00088585748862306
       2.1305339       2.3561945  -0.0008858574885760827

       2.1806641      0.78539816  -0.0008235204425102102
       2.1806641       2.3561945  -0.0008235204424672064

       2.2307943      0.78539816  -0.0007505663490063642
       2.2307943       2.3561945  -0.0007505663489693228

       2.2809245      0.78539816  -0.0006664520420273426
       2.2809245       2.3561945  -0.0006664520419943779

       2.3310547      0.78539816   -0.000570631435121251
       2.3310547       2.3561945  -0.0005706314350953878

       2.3811849      0.78539816  -0.0004625560528453581
       2.3811849       2.3561945  -0.0004625560528281812

       2.4313151      0.78539816  -0.0003416755634572002
       2.4313151       2.3561945  -0.0003416755634311494

       2.4814453      0.78539816  -0.0002074383123791158
       2.4814453       2.3561945  -0.0002074383123402342

       2.5315755      0.78539816  -5.929185597086459e-05
       2.5315755       2.3561945  -5.929185592517583e-05

       2.5817057      0.78539816   0.0001033165050325058
       2.5817057       2.3561945   0.0001033165050732914

       2.6318359      0.78539816   0.0002809391928894627
       2.6318359       2.3561945   0.0002809391929176544

       2.6819661      0.78539816   0.0004741278215409451
       2.6819661       2.3561945    0.000474127821558005

       2.7320964      0.78539816   0.0006834326671830205
       2.7320964       2.3561945   0.0006834326671932791

       2.7822266      0.78539816   0.0009094021411619046
       2.7822266       2.3561945   0.0009094021411664576

       2.8323568      0.78539816    0.001152582265734328
       2.8323568       2.3561945    0.001152582265736491

        2.882487      0.78539816    0.001413516153307467
        2.882487       2.3561945    0.001413516153310796

       2.9326172      0.78539816     0.00169274348945846
       2.9326172       2.3561945    0.001692743489464079

       2.9827474      0.78539816    0.001990800020333117
       2.9827474       2.3561945     0.00199080002034296

       3.0328776      0.78539816    0.002308217044932497
       3.0328776       2.3561945    0.002308217044952263

       3.0830078      0.78539816    0.002645520912552457
       3.0830078       2.3561945    0.002645520912574605

        3.133138      0.78539816    0.003003232526049215
        3.133138       2.3561945    0.003003232526073439

       3.1832682      0.78539816    0.003381866851441936
       3.1832682       2.3561945    0.003381866851467304

       3.2333984      0.78539816    0.003781932434022132
       3.2333984       2.3561945    0.003781932434042821

       3.2835286      0.78539816    0.004203930921581134
       3.2835286       2.3561945    0.004203930921594204

       3.3336589      0.78539816    0.004648356595198194
       3.3336589       2.3561945    0.004648356595208861

       3.3837891      0.78539816    0.005115695907731181
       3.3837891       2.3561945     0.00511569590773977

       3.4339193      0.78539816    0.005606427030678184
       3.4339193       2.3561945      0.0056064270306902

       3.4840495      0.78539816    0.006121019409930924
       3.4840495       2.3561945    0.006121019409948796

       3.5341797      0.78539816    0.006659933330340165
       3.5341797       2.3561945    0.006659933330362014

       3.5843099      0.78539816    0.007223619489748794
       3.5843099       2.3561945    0.007223619489774817

       3.6344401      0.78539816    0.007812518582855175
       3.6344401       2.3561945    0.007812518582890143

       3.6845703      0.78539816    0.008427060894870084
       3.6845703       2.3561945    0.008427060894921843

       3.7347005      0.78539816    0.009067665905779296
       3.7347005       2.3561945    0.009067665905848921

       3.7848307      0.78539816     0.00973474190545703
       3.7848307       2.3561945    0.009734741905534241

       3.8349609      0.78539816     0.01042868561951599
       3.8349609       2.3561945     0.01042868561959418

       3.8850911      0.78539816     0.01114988184651209
       3.8850911       2.3561945     0.01114988184659755

       3.9352214      0.78539816     0.01189870310676418
       3.9352214       2.3561945     0.01189870310686178

       3.9853516      0.78539816     0.01267550930262475
       3.9853516       2.3561945     0.01267550930273096

       4.0354818      0.78539816     0.01348064739096569
       4.0354818       2.3561945     0.01348064739108079

        4.085612      0.78539816     0.01431445106812277
        4.085612       2.3561945     0.01431445106824327

       4.1357422      0.78539816     0.01517724046692898
       4.1357422       2.3561945     0.01517724046705233

       4.1858724      0.78539816     0.01606932186648038
       4.1858724       2.3561945     0.01606932186660996

       4.2360026      0.78539816     0.01699098741481002
       4.2360026       2.3561945     0.01699098741494481

       4.2861328      0.78539816     0.01794251486413043
       4.2861328       2.3561945     0.01794251486426429

        4.336263      0.78539816      0.0189241673193953
        4.336263       2.3561945     0.01892416731953385

       4.3863932      0.78539816      0.0199361930003836
       4.3863932       2.3561945     0.01993619300053503

       4.4365234      0.78539816     0.02097882501674194
       4.4365234       2.3561945     0.02097882501691668

       4.4866536      0.78539816     0.02205228115657059
       4.4866536       2.3561945     0.02205228115677265

       4.5367839      0.78539816     0.02315676368865256
       4.5367839       2.3561945     0.02315676368885961

       4.5869141      0.78539816     0.02429245917790402
       4.5869141       2.3561945     0.02429245917810097

       4.6370443      0.78539816     0.02545953831473882
       4.6370443       2.3561945     0.02545953831492206

       4.6871745      0.78539816     0.02665815575839236
       4.6871745       2.3561945     0.02665815575857138

       4.7373047      0.78539816     0.02788844999360879
       4.7373047       2.3561945      0.0278884499937936

       4.7874349      0.78539816     0.02915054320116139
       4.7874349       2.3561945     0.02915054320135373

       4.8375651      0.78539816     0.03044454114221953
       4.8375651       2.3561945     0.03044454114242053

       4.8876953      0.78539816     0.03177053305610774
       4.8876953       2.3561945     0.03177053305631919

       4.9378255      0.78539816     0.03312859157204882
       4.9378255       2.3561945     0.03312859157227017

       4.9879557      0.78539816     0.03451877263476071
       4.9879557       2.3561945     0.03451877263497969

       5.0380859      0.78539816     0.03594111544331856
       5.0380859       2.3561945     0.03594111544351754

       5.0882161      0.78539816      0.0373956424036832
       5.0882161       2.3561945     0.03739564240385276

       5.1383464      0.78539816      0.0388823590948137
       5.1383464       2.3561945     0.03888235909495576

       5.1884766      0.78539816      0.0404012542478229
       5.1884766       2.3561945     0.04040125424794627

       5.2386068      0.78539816     0.04195229973865524
       5.2386068       2.3561945     0.04195229973878091

        5.288737      0.78539816     0.04353545059413504
        5.288737       2.3561945     0.04353545059427288

       5.3388672      0.78539816     0.04515064501072263
       5.3388672       2.3561945     0.04515064501086776

       5.3889974      0.78539816     0.04679780438629247
       5.3889974       2.3561945     0.04679780438644011

       5.4391276      0.78539816     0.04847683336477747
       5.4391276       2.3561945     0.04847683336492901

       5.4892578      0.78539816     0.05018761989309988
       5.4892578       2.3561945     0.05018761989325217

        5.539388      0.78539816     0.05193003529069436
        5.539388       2.3561945     0.05193003529083245

       5.5895182      0.78539816     0.05370393433158564
       5.5895182       2.3561945     0.05370393433170242

       5.6396484      0.78539816     0.05550915533818702
       5.6396484       2.3561945     0.05550915533829232

       5.6897786      0.78539816     0.05734552028706157
       5.6897786       2.3561945      0.0573455202871768

       5.7399089      0.78539816     0.05921283492645463
       5.7399089       2.3561945     0.05921283492659976

       5.7900391      0.78539816     0.06111088890501281
       5.7900391       2.3561945     0.06111088890517136

       5.8401693      0.78539816     0.06303945591187128
       5.8401693       2.3561945     0.06303945591203021

       5.8902995      0.78539816     0.06499829382800798
       5.8902995       2.3561945     0.06499829382817073

       5.9404297      0.78539816      0.0669871448880586
       5.9404297       2.3561945     0.06698714488823045

       5.9905599      0.78539816     0.06900573585274056
       5.9905599       2.3561945      0.0690057358529193

       6.0406901      0.78539816       0.071053778191632
       6.0406901       2.3561945     0.07105377819181813

       6.0908203      0.78539816     0.07313096827571529
       6.0908203       2.3561945      0.0731309682759029

       6.1409505      0.78539816     0.07523698757984794
       6.1409505       2.3561945     0.07523698758001601

       6.1910807      0.78539816     0.07737150289488109
       6.1910807       2.3561945     0.07737150289502173

       6.2412109      0.78539816      0.0795341665487551
       6.2412109       2.3561945     0.07953416654888197

       6.2913411      0.78539816     0.08172461663661197
       6.2913411       2.3561945     0.08172461663674235

       6.3414714      0.78539816     0.08394247725961859
       6.3414714       2.3561945     0.08394247725975651

       6.3916016      0.78539816     0.08618735877194113
       6.3916016       2.3561945     0.08618735877207798

       6.4417318      0.78539816     0.08845885803589512
       6.4417318       2.3561945     0.08845885803602541

        6.491862      0.78539816     0.09075655868510414
        6.491862       2.3561945     0.09075655868522535

       6.5419922      0.78539816     0.09308003139488621
       6.5419922       2.3561945     0.09308003139500569

       6.5921224      0.78539816     0.09542883415988253
       6.5921224       2.3561945     0.09542883416000236

       6.6422526      0.78539816     0.09780251257861924
       6.6422526       2.3561945     0.09780251257871009

       6.6923828      0.78539816      0.1002006001444548
       6.6923828       2.3561945      0.1002006001445237

        6.742513      0.78539816      0.1026226185429897
        6.742513       2.3561945      0.1026226185430406

       6.7926432      0.78539816      0.1050680779554781
       6.7926432       2.3561945      0.1050680779555162

       6.8427734      0.78539816      0.1075364773677714
       6.8427734       2.3561945      0.1075364773678094

       6.8929036      0.78539816      0.1100273048846641
       6.8929036       2.3561945      0.1100273048847158

       6.9430339      0.78539816      0.1125400380492905
       6.9430339       2.3561945      0.1125400380493604

       6.9931641      0.78539816      0.1150741441671204
       6.9931641       2.3561945      0.1150741441671907

       7.0432943      0.78539816       0.117629080634512
       7.0432943       2.3561945      0.1176290806345574

       7.0934245      0.78539816      0.1202042952714003
       7.0934245       2.3561945      0.1202042952714125

       7.1435547      0.78539816      0.1227992266577256
       7.1435547       2.3561945      0.1227992266577139

       7.1936849      0.78539816      0.1254133044734019
       7.1936849       2.3561945      0.1254133044733772

       7.2438151      0.78539816      0.1280459498414802
       7.2438151       2.3561945      0.1280459498414488

       7.2939453      0.78539816      0.1306965756741379
       7.2939453       2.3561945      0.1306965756741042

       7.3440755      0.78539816      0.1333645870213401
       7.3440755       2.3561945      0.1333645870213082

       7.3942057      0.78539816      0.1360493814218582
       7.3942057       2.3561945      0.1360493814218285

       7.4443359      0.78539816      0.1387503492561968
       7.4443359       2.3561945       0.138750349256162

       7.4944661      0.78539816      0.1414668741012599
       7.4944661       2.3561945      0.1414668741012054

       7.5445964      0.78539816      0.1441983330864547
       7.5445964       2.3561945      0.1441983330863724

       7.5947266      0.78539816      0.1469440972508908
       7.5947266       2.3561945      0.1469440972508045

       7.6448568      0.78539816      0.1497035319015607
       7.6448568       2.3561945      0.1497035319014836

        7.694987      0.78539816      0.1524759969720255
        7.694987       2.3561945      0.1524759969719547

       7.7451172      0.78539816      0.1552608473813828
       7.7451172       2.3561945      0.1552608473813109

       7.7952474      0.78539816      0.1580574333932965
       7.7952474       2.3561945      0.1580574333932233

       7.8453776      0.78539816      0.1608651009748135
       7.8453776       2.3561945      0.1608651009747479

       7.8955078      0.78539816      0.1636831921547132
       7.8955078       2.3561945       0.163683192154655

        7.945638      0.78539816      0.1665110453810566
        7.945638       2.3561945      0.1665110453809901

       7.9957682      0.78539816       0.169347995877787
       7.9957682       2.3561945       0.169347995877707

       8.0458984      0.78539816      0.1721933760000965
       8.0458984       2.3561945      0.1721933760000172

       8.0960286      0.78539816      0.1750465155882922
       8.0960286       2.3561945      0.1750465155882337

       8.1461589      0.78539816      0.1779067423199196
       8.1461589       2.3561945       0.177906742319892

       8.1962891      0.78539816      0.1807733820599944
       8.1962891       2.3561945      0.1807733820599899

       8.2464193      0.78539816      0.1836457592090668
       8.2464193       2.3561945      0.1836457592090738

       8.2965495      0.78539816      0.1865231970488326
       8.2965495       2.3561945       0.186523197048838

       8.3466797      0.78539816      0.1894050180851613
       8.3466797       2.3561945      0.1894050180851538

       8.3968099      0.78539816      0.1922905443883411
       8.3968099       2.3561945      0.1922905443883151

       8.4469401      0.78539816      0.1951790979303023
       8.4469401       2.3561945      0.1951790979302563

       8.4970703      0.78539816      0.1980700009186434
       8.4970703       2.3561945        0.19807000091857

       8.5472005      0.78539816      0.2009625761272781
       8.5472005       2.3561945      0.2009625761271837

       8.5973307      0.78539816      0.2038561472234178
       8.5973307       2.3561945      0.2038561472233006

       8.6474609      0.78539816      0.2067500390908507
       8.6474609       2.3561945       0.206750039090719

       8.6975911      0.78539816      0.2096435781492939
       8.6975911       2.3561945      0.2096435781491753

       8.7477214      0.78539816      0.2125360926696359
       8.7477214       2.3561945      0.2125360926695333

       8.7978516      0.78539816       0.215426913084986
       8.7978516       2.3561945      0.2154269130848813

       8.8479818      0.78539816      0.2183153722972585
       8.8479818       2.3561945      0.2183153722971485

        8.898112      0.78539816      0.2212008059791534
        8.898112       2.3561945      0.2212008059790449

       8.9482422      0.78539816       0.224082552871529
       8.9482422       2.3561945      0.2240825528714289

       8.9983724      0.78539816      0.2269599550759072
       8.9983724       2.3561945      0.2269599550758237

       9.0485026      0.78539816      0.2298323583419987
       9.0485026       2.3561945      0.2298323583419407

       9.0986328      0.78539816      0.2326991123502948
       9.0986328       2.3561945      0.2326991123502568

        9.148763      0.78539816      0.2355595709893526
        9.148763       2.3561945      0.2355595709893045

       9.1988932      0.78539816      0.2384130926276663
       9.1988932       2.3561945      0.2384130926275803

       9.2490234      0.78539816      0.2412590403802939
       9.2490234       2.3561945      0.2412590403801664

       9.2991536      0.78539816      0.2440967823699454
       9.2991536       2.3561945      0.2440967823697949

       9.3492839      0.78539816      0.2469256919824212
       9.3492839       2.3561945      0.2469256919822695

       9.3994141      0.78539816      0.2497451481165111
       9.3994141       2.3561945       0.249745148116359

       9.4495443      0.78539816      0.2525545354280296
       9.4495443       2.3561945      0.2525545354278913

       9.4996745      0.78539816      0.2553532445679305
       9.4996745       2.3561945      0.2553532445678122

       9.5498047      0.78539816      0.2581406724146498
       9.5498047       2.3561945      0.2581406724145432

       9.5999349      0.78539816      0.2609162223004196
       9.5999349       2.3561945      0.2609162223003174

       9.6500651      0.78539816      0.2636793042315217
       9.6500651       2.3561945      0.2636793042314228

       9.7001953      0.78539816       0.266429335102664
       9.7001953       2.3561945      0.2664293351025646

       9.7503255      0.78539816      0.2691657389051021
       9.7503255       2.3561945       0.269165738904998

       9.8004557      0.78539816      0.2718879469284663
       9.8004557       2.3561945      0.2718879469283583

       9.8505859      0.78539816      0.2745953979565489
       9.8505859       2.3561945      0.2745953979564409

       9.9007161      0.78539816      0.2772875384568419
       9.9007161       2.3561945      0.2772875384567359

       9.9508464      0.78539816      0.2799638227637791
       9.9508464       2.3561945      0.2799638227636742

       10.000977      0.78539816      0.2826237132558318
       10.000977       2.3561945      0.2826237132557244

       10.051107      0.78539816      0.2852666805261866
       10.051107       2.3561945      0.2852666805260705

       10.101237      0.78539816      0.2878922035470606
       10.101237       2.3561945      0.2878922035469241

       10.151367      0.78539816      0.2904997698278297
       10.151367       2.3561945       0.290499769827682

       10.201497      0.78539816      0.2930888755668174
       10.201497       2.3561945       0.293088875566689

       10.251628      0.78539816      0.2956590257967356
       10.251628       2.3561945      0.2956590257966327

       10.301758      0.78539816      0.2982097345239244
       10.301758       2.3561945      0.2982097345238445

       10.351888      0.78539816      0.3007405248612398
       10.351888       2.3561945      0.3007405248611824

       10.402018      0.78539816      0.3032509291545524
       10.402018       2.3561945      0.3032509291545141

       10.452148      0.78539816      0.3057404891031297
       10.452148       2.3561945       0.305740489103105

       10.502279      0.78539816      0.3082087558737243
       10.502279       2.3561945       0.308208755873712

       10.552409      0.78539816      0.3106552902084138
       10.552409       2.3561945      0.3106552902084209

       10.602539      0.78539816      0.3130796625264453
       10.602539       2.3561945      0.3130796625264784

       10.652669      0.78539816      0.3154814530197941
       10.652669       2.3561945      0.3154814530198423

       10.702799      0.78539816      0.3178602517424653
       10.702799       2.3561945      0.3178602517425081

        10.75293      0.78539816      0.3202156586939243
        10.75293       2.3561945      0.3202156586939455

        10.80306      0.78539816      0.3225472838964724
        10.80306       2.3561945      0.3225472838964694

        10.85319      0.78539816      0.3248547474665742
        10.85319       2.3561945      0.3248547474665608

        10.90332      0.78539816      0.3271376796803594
        10.90332       2.3561945       0.327137679680356

       10.953451      0.78539816       0.329395721033187
       10.953451       2.3561945      0.3293957210331986

       11.003581      0.78539816       0.331628522293258
       11.003581       2.3561945      0.3316285222932839

       11.053711      0.78539816      0.3338357445496051
       11.053711       2.3561945      0.3338357445496384

       11.103841      0.78539816      0.3360170592543223
       11.103841       2.3561945      0.3360170592543519

       11.153971      0.78539816      0.3381721482591127
       11.153971       2.3561945      0.3381721482591373

       11.204102      0.78539816      0.3403007038464185
       11.204102       2.3561945      0.3403007038464328

       11.254232      0.78539816      0.3424024287548523
       11.254232       2.3561945      0.3424024287548489

       11.304362      0.78539816      0.3444770361991355
       11.304362       2.3561945      0.3444770361991224

       11.354492      0.78539816      0.3465242498848063
       11.354492       2.3561945      0.3465242498847922

       11.404622      0.78539816      0.3485438040175551
       11.404622       2.3561945      0.3485438040175352

       11.454753      0.78539816      0.3505354433072734
       11.454753       2.3561945      0.3505354433072469

       11.504883      0.78539816      0.3524989229671006
       11.504883       2.3561945      0.3524989229670786

       11.555013      0.78539816      0.3544340087072622
       11.555013       2.3561945      0.3544340087072613

       11.605143      0.78539816        0.35634047672386
       11.605143       2.3561945      0.3563404767238776

       11.655273      0.78539816      0.3582181136828436
       11.655273       2.3561945       0.358218113682846

       11.705404      0.78539816       0.360066716699075
       11.705404       2.3561945      0.3600667166990252

       11.755534      0.78539816      0.3618860933106069
       11.755534       2.3561945       0.361886093310512

       11.805664      0.78539816      0.3636760614484463
       11.805664       2.3561945      0.3636760614483512

       11.855794      0.78539816      0.3654364494016654
       11.855794       2.3561945      0.3654364494015693

       11.905924      0.78539816      0.3671670957778291
       11.905924       2.3561945       0.367167095777705

       11.956055      0.78539816      0.3688678494591285
       11.956055       2.3561945      0.3688678494589812

       12.006185      0.78539816      0.3705385695542356
       12.006185       2.3561945       0.370538569554097

       12.056315      0.78539816      0.3721791253458949
       12.056315       2.3561945       0.372179125345761

       12.106445      0.78539816      0.3737893962343209
       12.106445       2.3561945      0.3737893962341726

       12.156576      0.78539816      0.3753692716765363
       12.156576       2.3561945      0.3753692716763856

       12.206706      0.78539816      0.3769186511217678
       12.206706       2.3561945      0.3769186511216291

       12.256836      0.78539816      0.3784374439429516
       12.256836       2.3561945      0.3784374439428305

       12.306966      0.78539816      0.3799255693644129
       12.306966       2.3561945      0.3799255693643099

       12.357096      0.78539816      0.3813829563858643
       12.357096       2.3561945      0.3813829563857672

       12.407227      0.78539816      0.3828095437028671
       12.407227       2.3561945       0.382809543702769

       12.457357      0.78539816      0.3842052796237332
       12.457357       2.3561945      0.3842052796236155

       12.507487      0.78539816      0.3855701219829032
       12.507487       2.3561945      0.3855701219827758

       12.557617      0.78539816      0.3869040380511506
       12.557617       2.3561945       0.386904038051042

       12.607747      0.78539816       0.388207004442517
       12.607747       2.3561945      0.3882070044424314

       12.657878      0.78539816      0.3894790070180368
       12.657878       2.3561945      0.3894790070179477

       12.708008      0.78539816        0.39072004078647
       12.708008       2.3561945      0.3907200407863583

       12.758138      0.78539816      0.3919301098020834
       12.758138       2.3561945       0.391930109801964

       12.808268      0.78539816      0.3931092270595127
       12.808268       2.3561945      0.3931092270594095

       12.858398      0.78539816      0.3942574143859436
       12.858398       2.3561945      0.3942574143858658

       12.908529      0.78539816      0.3953747023305625
       12.908529       2.3561945      0.3953747023305047

       12.958659      0.78539816      0.3964611300513864
       12.958659       2.3561945       0.396461130051342

       13.008789      0.78539816      0.3975167451997018
       13.008789       2.3561945      0.3975167451996687

