# File created on Wed Jul  8 11:31:12 2026
# ======================================== 
# = Running code assuming AXISYMMETRY    = 
# ======================================== 
# Data for Inflation GW initial data initial data at coord. time 0.0377973 and proper central time 0.0377973
# Evolved with (264,10,9) gridpoints (including 4 ghosts)
# Evolution with geodesic slicing and constant shift
# using eighth-order spatial differencing with 4 ghost zones 
# data 1 at theta = 0 and phi = 3.14159
# data 2 at theta = 1.5708 and phi = 3.14159
#                      r                    a_rr                    a_rr
#                               (     0,3.14159)        (1.5708,3.14159)
#========================================================================
     -0.1754557291666667  -2.106843517296816e-05  -2.106843462626209e-05
     -0.1253255208333333  -1.077650750593085e-05  -1.077650673430557e-05
           -0.0751953125  -3.886099611061763e-06  -3.886098706093027e-06
    -0.02506510416666667   -4.32152497816908e-07   -4.32152077300406e-07
     0.02506510416666667  -4.321516567839042e-07   -4.32152077300406e-07
            0.0751953125   -3.88609780112429e-06  -3.886098706093027e-06
      0.1253255208333333  -1.077650596268029e-05  -1.077650673430557e-05
      0.1754557291666667  -2.106843407955602e-05  -2.106843462626209e-05
            0.2255859375  -3.470950643438051e-05   -3.47095068407575e-05
      0.2757161458333334  -5.162997526103408e-05  -5.162997559637341e-05
      0.3258463541666667   -7.17427884276904e-05  -7.174278870253638e-05
            0.3759765625  -9.494367810301787e-05  -9.494367833114795e-05
      0.4261067708333334  -0.0001211112668198274  -0.0001211112670121639
      0.4762369791666667  -0.0001501071911336308  -0.0001501071912981132
            0.5263671875  -0.0001817762420368671  -0.0001817762421786376
      0.5764973958333334  -0.0002159465225699653  -0.0002159465226922076
      0.6266276041666667  -0.0002524296224318303  -0.0002524296225375807
            0.6767578125  -0.0002910208088141127    -0.00029102080890467
      0.7268880208333334  -0.0003314992340199899  -0.0003314992340987713
      0.7770182291666667  -0.0003736281595614984  -0.0003736281596301394
            0.8271484375   -0.000417155195790718  -0.0004171551958509878
      0.8772786458333334  -0.0004618125573381482  -0.0004618125573926286
      0.9274088541666667  -0.0005073173340531885  -0.0005073173340998133
            0.9775390625   -0.000553371776651439  -0.0005533717766899244
       1.027669270833333  -0.0005996635973815707   -0.000599663597412189
       1.077799479166667  -0.0006458662853852913  -0.0006458662854093818
            1.1279296875  -0.0006916394357059801  -0.0006916394357249385
       1.178059895833333   -0.000736629092103913  -0.0007366290921190404
       1.228190104166667  -0.0007804681032809106   -0.000780468103293921
            1.2783203125  -0.0008227764916725176  -0.0008227764916782074
       1.328450520833333   -0.000863161834970204  -0.0008631618349695836
       1.378580729166667  -0.0009012196599121112  -0.0009012196599075626
            1.4287109375  -0.0009365338473698866  -0.0009365338473611435
       1.478841145833333  -0.0009686770487024242  -0.0009686770486883216
       1.528971354166667  -0.0009972111129008731  -0.0009972111128816416
            1.5791015625   -0.001021687523736029   -0.001021687523713781
       1.629231770833333   -0.001041647846833653   -0.001041647846808536
       1.679361979166667   -0.001056624186197864   -0.001056624186171597
            1.7294921875   -0.001066139649234955   -0.001066139649209393
       1.779622395833333   -0.001069708820134185   -0.001069708820110436
       1.829752604166667   -0.001066838241066545   -0.001066838241047853
            1.8798828125   -0.001057026900424339   -0.001057026900405388
       1.930013020833333   -0.001039766727924947   -0.001039766727907611
       1.980143229166667   -0.001014543096006586   -0.001014543095990288
            2.0302734375  -0.0009808353266853771  -0.0009808353266637726
       2.080403645833333  -0.0009381172035943813  -0.0009381172035645602
       2.130533854166667  -0.0008858574886311341  -0.0008858574885995713
            2.1806640625  -0.0008235204425176014  -0.0008235204424887083
       2.230794270833333  -0.0007505663490127308  -0.0007505663489878434
       2.280924479166667  -0.0006664520420330085  -0.0006664520420108603
            2.3310546875  -0.0005706314351256963  -0.0005706314351083194
       2.381184895833333  -0.0004625560528483104  -0.0004625560528367696
       2.431315104166667  -0.0003416755634616777  -0.0003416755634441748
            2.4814453125  -0.0002074383123857986   -0.000207438312359675
       2.531575520833333  -5.929185597871734e-05  -5.929185594802021e-05
       2.581705729166667   0.0001033165050254958   0.0001033165050528986
            2.6318359375   0.0002809391928846173   0.0002809391929035586
       2.681966145833333   0.0004741278215380129   0.0004741278215494751
       2.732096354166667   0.0006834326671812574   0.0006834326671881499
            2.7822265625   0.0009094021411611221   0.0009094021411641811
       2.832356770833333    0.001152582265733956     0.00115258226573541
       2.882486979166667    0.001413516153306895    0.001413516153309132
            2.9326171875    0.001692743489457494     0.00169274348946127
       2.982747395833333    0.001990800020331425    0.001990800020338039
       3.032877604166667    0.002308217044929099     0.00230821704494238
            3.0830078125     0.00264552091254865    0.002645520912563531
       3.133138020833333    0.003003232526045051    0.003003232526061327
       3.183268229166667    0.003381866851437576     0.00338186685145462
            3.2333984375    0.003781932434018576    0.003781932434032476
       3.283528645833333    0.004203930921578888    0.004203930921587669
       3.333658854166667    0.004648356595196361    0.004648356595203527
            3.3837890625    0.005115695907729705    0.005115695907735475
       3.433919270833333    0.005606427030676119    0.005606427030684192
       3.484049479166667    0.006121019409927851     0.00612101940993986
            3.5341796875    0.006659933330336409     0.00665993333035109
       3.584309895833333    0.007223619489744322    0.007223619489761805
       3.634440104166667    0.007812518582849164    0.007812518582872659
            3.6845703125    0.008427060894861187    0.008427060894895963
       3.734700520833333     0.00906766590576733    0.009067665905814109
       3.784830729166667     0.00973474190544376    0.009734741905495635
            3.8349609375     0.01042868561950255     0.01042868561955508
       3.885091145833333      0.0111498818464974     0.01114988184655482
       3.935221354166667     0.01189870310674741     0.01189870310681298
            3.9853515625      0.0126755093026065     0.01267550930267786
       4.035481770833334      0.0134806473909459     0.01348064739102324
       4.085611979166667     0.01431445106810206     0.01431445106818302
            4.1357421875     0.01517724046690778     0.01517724046699066
       4.185872395833334      0.0160693218664581     0.01606932186654517
       4.236002604166667     0.01699098741478685     0.01699098741487741
            4.2861328125     0.01794251486410742     0.01794251486419736
       4.336263020833334     0.01892416731937148     0.01892416731946458
       4.386393229166667     0.01993619300035758     0.01993619300045932
            4.4365234375     0.02097882501671191     0.02097882501682931
       4.486653645833334     0.02205228115653586     0.02205228115667162
       4.536783854166667     0.02315676368861697     0.02315676368875608
            4.5869140625     0.02429245917787017      0.0242924591780025
       4.637044270833334     0.02545953831470732     0.02545953831483044
       4.687174479166667     0.02665815575836159     0.02665815575848187
            4.7373046875     0.02788844999357703     0.02788844999370119
       4.787434895833334     0.02915054320112833     0.02915054320125756
       4.837565104166667     0.03044454114218498     0.03044454114232003
            4.8876953125      0.0317705330560714     0.03177053305621347
       4.937825520833334     0.03312859157201077      0.0331285915721595
       4.987955729166667     0.03451877263472307      0.0345187726348702
            5.0380859375     0.03594111544328436     0.03594111544341805
       5.088216145833334     0.03739564240365407     0.03739564240376798
       5.138346354166667     0.03888235909478928     0.03888235909488473
            5.1884765625      0.0404012542478017     0.04040125424788459
       5.238606770833334     0.04195229973863364     0.04195229973871807
       5.288736979166667     0.04353545059411135     0.04353545059420397
            5.3388671875     0.04515064501069768     0.04515064501079519
       5.388997395833334     0.04679780438626709     0.04679780438636629
       5.439127604166667     0.04847683336475142     0.04847683336485324
            5.4892578125     0.05018761989307371     0.05018761989317602
       5.539388020833334     0.05193003529067062      0.0519300352907634
       5.589518229166667     0.05370393433156557     0.05370393433164403
            5.6396484375     0.05550915533816893     0.05550915533823968
       5.689778645833334     0.05734552028704176     0.05734552028711919
       5.739908854166667      0.0592128349264297     0.05921283492652719
            5.7900390625     0.06111088890498556     0.06111088890509209
       5.840169270833334     0.06303945591184397     0.06303945591195076
       5.890299479166667        0.06499829382798     0.06499829382808936
            5.9404296875     0.06698714488802907     0.06698714488814453
       5.990559895833334     0.06900573585270983     0.06900573585282993
       6.040690104166667         0.0710537781916     0.07105377819172506
            6.0908203125     0.07313096827568304     0.07313096827580909
       6.140950520833334     0.07523698757981905     0.07523698757993197
       6.191080729166667     0.07737150289485692     0.07737150289495141
            6.2412109375     0.07953416654873328     0.07953416654881854
       6.291341145833334     0.08172461663658957     0.08172461663667716
       6.341471354166667     0.08394247725959489     0.08394247725968755
            6.3916015625      0.0861873587719176     0.08618735877200956
       6.441731770833334     0.08845885803587272     0.08845885803596026
       6.491861979166667     0.09075655868508331     0.09075655868516475
            6.5419921875     0.09308003139486568     0.09308003139494594
       6.592122395833334     0.09542883415986193     0.09542883415994244
       6.642252604166667     0.09780251257860363     0.09780251257866467
            6.6923828125      0.1002006001444429      0.1002006001444892
       6.742513020833334       0.102622618542981      0.1026226185430152
       6.792643229166667      0.1050680779554715      0.1050680779554971
            6.8427734375      0.1075364773677648      0.1075364773677904
       6.892903645833334      0.1100273048846553      0.1100273048846899
       6.943033854166667      0.1125400380492785      0.1125400380493254
            6.9931640625      0.1150741441671083      0.1150741441671556
       7.043294270833334      0.1176290806345042      0.1176290806345347
       7.093424479166667      0.1202042952713982      0.1202042952714064
            7.1435546875      0.1227992266577276      0.1227992266577197
       7.193684895833334      0.1254133044734061      0.1254133044733895
       7.243815104166667      0.1280459498414856      0.1280459498414644
            7.2939453125      0.1306965756741437      0.1306965756741211
       7.344075520833334      0.1333645870213456      0.1333645870213241
       7.394205729166667      0.1360493814218632      0.1360493814218434
            7.4443359375      0.1387503492562027      0.1387503492561794
       7.494466145833334      0.1414668741012692      0.1414668741012327
       7.544596354166667      0.1441983330864688      0.1441983330864136
            7.5947265625      0.1469440972509056      0.1469440972508477
       7.644856770833334      0.1497035319015739      0.1497035319015221
       7.694986979166667      0.1524759969720377      0.1524759969719901
            7.7451171875      0.1552608473813952      0.1552608473813469
       7.795247395833334      0.1580574333933091      0.1580574333932599
       7.845377604166667      0.1608651009748248      0.1608651009747807
            7.8955078125      0.1636831921547232      0.1636831921546841
       7.945638020833334       0.166511045381068      0.1665110453810233
       7.995768229166667      0.1693479958778007       0.169347995877747
            8.0458984375      0.1721933760001101      0.1721933760000569
       8.096028645833334      0.1750465155883022      0.1750465155882629
       8.146158854166668      0.1779067423199244      0.1779067423199058
            8.1962890625      0.1807733820599951      0.1807733820599921
       8.246419270833334      0.1836457592090656      0.1836457592090703
       8.296549479166668      0.1865231970488316      0.1865231970488352
            8.3466796875      0.1894050180851626      0.1894050180851575
       8.396809895833334      0.1922905443883456      0.1922905443883281
       8.446940104166668      0.1951790979303102      0.1951790979302793
            8.4970703125       0.198070000918656      0.1980700009186067
       8.547200520833334      0.2009625761272943      0.2009625761272309
       8.597330729166668      0.2038561472234379      0.2038561472233592
            8.6474609375      0.2067500390908733      0.2067500390907848
       8.697591145833334      0.2096435781493142      0.2096435781492346
       8.747721354166668      0.2125360926696535      0.2125360926695846
            8.7978515625      0.2154269130850041      0.2154269130849337
       8.847981770833334      0.2183153722972774      0.2183153722972035
       8.898111979166668      0.2212008059791721      0.2212008059790992
            8.9482421875      0.2240825528715462      0.2240825528714789
       8.998372395833334      0.2269599550759215      0.2269599550758654
       9.048502604166668      0.2298323583420087      0.2298323583419697
            9.0986328125      0.2326991123503013      0.2326991123502758
       9.148763020833334      0.2355595709893609      0.2355595709893286
       9.198893229166668      0.2384130926276811      0.2384130926276233
            9.2490234375      0.2412590403803158      0.2412590403802302
       9.299153645833334      0.2440967823699713      0.2440967823698702
       9.349283854166668      0.2469256919824472      0.2469256919823454
            9.3994140625      0.2497451481165373      0.2497451481164351
       9.449544270833334      0.2525545354280533      0.2525545354279605
       9.499674479166668      0.2553532445679508      0.2553532445678713
            9.5498046875      0.2581406724146681      0.2581406724145965
       9.599934895833334      0.2609162223004371      0.2609162223003685
       9.650065104166668      0.2636793042315387      0.2636793042314722
            9.7001953125      0.2664293351026811      0.2664293351026143
       9.750325520833334        0.26916573890512        0.26916573890505
       9.800455729166668      0.2718879469284848      0.2718879469284123
            9.8505859375      0.2745953979565675      0.2745953979564949
       9.900716145833334      0.2772875384568601      0.2772875384567889
       9.950846354166668      0.2799638227637971      0.2799638227637266
           10.0009765625      0.2826237132558503      0.2826237132557781
       10.05110677083333      0.2852666805262065      0.2852666805261286
       10.10123697916667       0.287892203547084      0.2878922035469923
           10.1513671875       0.290499769827855      0.2904997698277558
       10.20149739583333      0.2930888755668394      0.2930888755667532
       10.25162760416667      0.2956590257967533      0.2956590257966842
           10.3017578125      0.2982097345239382      0.2982097345238844
       10.35188802083333      0.3007405248612497      0.3007405248612111
       10.40201822916667      0.3032509291545589      0.3032509291545332
           10.4521484375       0.305740489103134      0.3057404891031174
       10.50227864583333      0.3082087558737264      0.3082087558737182
       10.55240885416667      0.3106552902084126      0.3106552902084173
           10.6025390625      0.3130796625264396      0.3130796625264618
       10.65266927083333      0.3154814530197859      0.3154814530198182
       10.70279947916667       0.317860251742458      0.3178602517424867
           10.7529296875      0.3202156586939207      0.3202156586939349
       10.80305989583333       0.322547283896473      0.3225472838964709
       10.85319010416667      0.3248547474665765      0.3248547474665675
           10.9033203125        0.32713767968036      0.3271376796803577
       10.95345052083333       0.329395721033185      0.3293957210331928
       11.00358072916667      0.3316285222932535      0.3316285222932709
           11.0537109375      0.3338357445495994      0.3338357445496217
       11.10384114583333      0.3360170592543172      0.3360170592543371
       11.15397135416667      0.3381721482591085       0.338172148259125
           11.2041015625      0.3403007038464161      0.3403007038464256
       11.25423177083333      0.3424024287548529      0.3424024287548506
       11.30436197916667      0.3444770361991378      0.3444770361991289
           11.3544921875      0.3465242498848087      0.3465242498847992
       11.40462239583333      0.3485438040175585      0.3485438040175451
       11.45475260416667      0.3505354433072779      0.3505354433072602
           11.5048828125      0.3524989229671043      0.3524989229670895
       11.55501302083333      0.3544340087072623      0.3544340087072617
       11.60514322916667       0.356340476723857      0.3563404767238688
           11.6552734375      0.3582181136828432      0.3582181136828448
       11.70540364583333      0.3600667166990835        0.36006671669905
       11.75553385416667      0.3618860933106233      0.3618860933105595
           11.8056640625      0.3636760614484626      0.3636760614483988
       11.85579427083333      0.3654364494016819      0.3654364494016173
       11.90592447916667      0.3671670957778505      0.3671670957777671
           11.9560546875      0.3688678494591539      0.3688678494590549
       12.00618489583333      0.3705385695542594      0.3705385695541663
       12.05631510416667      0.3721791253459178      0.3721791253458279
           12.1064453125      0.3737893962343464      0.3737893962342468
       12.15657552083333      0.3753692716765621      0.3753692716764609
       12.20670572916667      0.3769186511217916      0.3769186511216985
           12.2568359375      0.3784374439429725      0.3784374439428911
       12.30696614583333      0.3799255693644306      0.3799255693643614
       12.35709635416667       0.381382956385881      0.3813829563858158
           12.4072265625      0.3828095437028839      0.3828095437028181
       12.45735677083333      0.3842052796237534      0.3842052796236743
       12.50748697916667      0.3855701219829251      0.3855701219828395
           12.5576171875      0.3869040380511692      0.3869040380510963
       12.60774739583333      0.3882070044425318      0.3882070044424742
       12.65787760416667      0.3894790070180521      0.3894790070179923
           12.7080078125      0.3907200407864893      0.3907200407864141
       12.75813802083333       0.391930109802104      0.3919301098020237
       12.80826822916667      0.3931092270595304      0.3931092270594611
           12.8583984375       0.394257414385957      0.3942574143859047
       12.90852864583333      0.3953747023305724      0.3953747023305336
       12.95865885416667      0.3964611300513941      0.3964611300513642
           13.0087890625      0.3975167451997075      0.3975167451996853
