# File created on Tue Jul  7 16:46:47 2026
# Data for Inflation GW initial data initial data at coord time 0 and central proper time 0
# Evolved with (264,10,9) gridpoints (including 4 ghosts)
# Evolution with geodesic slicing and constant shift shift condition 
# data for phi = 3.14159
#              r           theta                a_rr
#===============================================================
       0.0390625      0.78539816   -0.004652554969770376
       0.0390625       2.3561945    -0.00465255496976935

       0.1171875      0.78539816    -0.02890627805271934
       0.1171875       2.3561945    -0.02890627805271942

       0.1953125      0.78539816    -0.04681308394173597
       0.1953125       2.3561945    -0.04681308394173572

       0.2734375      0.78539816    -0.04526259421289945
       0.2734375       2.3561945    -0.04526259421289917

       0.3515625      0.78539816    -0.02779493628085042
       0.3515625       2.3561945    -0.02779493628085039

       0.4296875      0.78539816   0.0008261727775537088
       0.4296875       2.3561945   0.0008261727775541802

       0.5078125      0.78539816     0.03307278743683795
       0.5078125       2.3561945     0.03307278743683879

       0.5859375      0.78539816     0.06186000733426401
       0.5859375       2.3561945     0.06186000733426494

       0.6640625      0.78539816     0.08259258310368868
       0.6640625       2.3561945     0.08259258310368932

       0.7421875      0.78539816     0.09376616453978612
       0.7421875       2.3561945     0.09376616453978608

       0.8203125      0.78539816     0.09649590930927696
       0.8203125       2.3561945     0.09649590930927676

       0.8984375      0.78539816     0.09332718763673081
       0.8984375       2.3561945     0.09332718763673105

       0.9765625      0.78539816     0.08698406911288162
       0.9765625       2.3561945     0.08698406911288181

       1.0546875      0.78539816      0.0795571021494528
       1.0546875       2.3561945     0.07955710214945179

       1.1328125      0.78539816      0.0722745991551362
       1.1328125       2.3561945     0.07227459915513439

       1.2109375      0.78539816     0.06567199099323852
       1.2109375       2.3561945     0.06567199099323719

       1.2890625      0.78539816     0.05987839668705893
       1.2890625       2.3561945     0.05987839668705819

       1.3671875      0.78539816     0.05484346701653825
       1.3671875       2.3561945     0.05484346701653872

       1.4453125      0.78539816     0.05046332724567188
       1.4453125       2.3561945     0.05046332724567303

       1.5234375      0.78539816     0.04663329866685369
       1.5234375       2.3561945     0.04663329866685499

       1.6015625      0.78539816     0.04326360719466293
       1.6015625       2.3561945     0.04326360719466486

       1.6796875      0.78539816     0.04028089791998027
       1.6796875       2.3561945     0.04028089791998161

       1.7578125      0.78539816     0.03762580237901021
       1.7578125       2.3561945     0.03762580237901077

       1.8359375      0.78539816     0.03525008661824162
       1.8359375       2.3561945     0.03525008661824285

       1.9140625      0.78539816     0.03311426232272562
       1.9140625       2.3561945      0.0331142623227273

       1.9921875      0.78539816     0.03118573576005407
       1.9921875       2.3561945     0.03118573576005521

       2.0703125      0.78539816     0.02943739351563509
       2.0703125       2.3561945     0.02943739351563576

       2.1484375      0.78539816     0.02784651716407865
       2.1484375       2.3561945     0.02784651716407946

       2.2265625      0.78539816     0.02639394289052353
       2.2265625       2.3561945     0.02639394289052487

       2.3046875      0.78539816     0.02506340460377346
       2.3046875       2.3561945     0.02506340460377526

       2.3828125      0.78539816     0.02384101584070265
       2.3828125       2.3561945     0.02384101584070404

       2.4609375      0.78539816     0.02271485769416647
       2.4609375       2.3561945     0.02271485769416688

       2.5390625      0.78539816     0.02167464849485254
       2.5390625       2.3561945     0.02167464849485249

       2.6171875      0.78539816     0.02071147708689425
       2.6171875       2.3561945     0.02071147708689474

       2.6953125      0.78539816     0.01981758597728168
       2.6953125       2.3561945     0.01981758597728339

       2.7734375      0.78539816     0.01898619389985213
       2.7734375       2.3561945     0.01898619389985431

       2.8515625      0.78539816     0.01821134975285248
       2.8515625       2.3561945     0.01821134975285467

       2.9296875      0.78539816     0.01748781167896881
       2.9296875       2.3561945     0.01748781167897093

       3.0078125      0.78539816      0.0168109464230601
       3.0078125       2.3561945     0.01681094642306152

       3.0859375      0.78539816      0.0161766451427492
       3.0859375       2.3561945     0.01617664514274956

       3.1640625      0.78539816     0.01558125264460065
       3.1640625       2.3561945     0.01558125264460018

       3.2421875      0.78539816     0.01502150763475599
       3.2421875       2.3561945     0.01502150763475483

       3.3203125      0.78539816     0.01449449205216482
       3.3203125       2.3561945     0.01449449205216297

       3.3984375      0.78539816     0.01399758792777981
       3.3984375       2.3561945      0.0139975879277779

       3.4765625      0.78539816     0.01352844050868474
       3.4765625       2.3561945     0.01352844050868305

       3.5546875      0.78539816     0.01308492662034744
       3.5546875       2.3561945     0.01308492662034576

       3.6328125      0.78539816     0.01266512742684184
       3.6328125       2.3561945     0.01266512742684031

       3.7109375      0.78539816     0.01226730489840505
       3.7109375       2.3561945     0.01226730489840382

       3.7890625      0.78539816     0.01188988141608283
       3.7890625       2.3561945      0.0118898814160819

       3.8671875      0.78539816     0.01153142204062799
       3.8671875       2.3561945     0.01153142204062783

       3.9453125      0.78539816     0.01119061905199562
       3.9453125       2.3561945     0.01119061905199658

       4.0234375      0.78539816     0.01086627843042207
       4.0234375       2.3561945     0.01086627843042346

       4.1015625      0.78539816     0.01055730800307998
       4.1015625       2.3561945     0.01055730800308126

       4.1796875      0.78539816     0.01026270702394312
       4.1796875       2.3561945     0.01026270702394442

       4.2578125      0.78539816    0.009981556990564395
       4.2578125       2.3561945    0.009981556990565441

       4.3359375      0.78539816    0.009713013531389042
       4.3359375       2.3561945    0.009713013531389552

       4.4140625      0.78539816    0.009456299222148648
       4.4140625       2.3561945    0.009456299222149009

       4.4921875      0.78539816     0.00921069721069101
       4.4921875       2.3561945    0.009210697210691076

       4.5703125      0.78539816    0.008975545547054584
       4.5703125       2.3561945    0.008975545547053515

       4.6484375      0.78539816    0.008750232130279546
       4.6484375       2.3561945    0.008750232130277175

       4.7265625      0.78539816    0.008534190195823231
       4.7265625       2.3561945     0.00853419019582009

       4.8046875      0.78539816    0.008326894277927937
       4.8046875       2.3561945     0.00832689427792521

       4.8828125      0.78539816    0.008127856590181556
       4.8828125       2.3561945    0.008127856590180036

       4.9609375      0.78539816    0.007936623775077355
       4.9609375       2.3561945    0.007936623775076855

       5.0390625      0.78539816    0.007752773979835734
       5.0390625       2.3561945    0.007752773979835944

       5.1171875      0.78539816    0.007575914221281021
       5.1171875       2.3561945    0.007575914221281312

       5.1953125      0.78539816    0.007405678007293089
       5.1953125       2.3561945    0.007405678007293363

       5.2734375      0.78539816    0.007241723186435906
       5.2734375       2.3561945    0.007241723186437575

       5.3515625      0.78539816    0.007083730000876582
       5.3515625       2.3561945    0.007083730000879539

       5.4296875      0.78539816    0.006931399320732549
       5.4296875       2.3561945    0.006931399320735397

       5.5078125      0.78539816    0.006784451040620366
       5.5078125       2.3561945    0.006784451040621814

       5.5859375      0.78539816    0.006642622621452034
       5.5859375       2.3561945    0.006642622621451342

       5.6640625      0.78539816    0.006505667762504806
       5.6640625       2.3561945    0.006505667762503391

       5.7421875      0.78539816    0.006373355190519982
       5.7421875       2.3561945    0.006373355190519235

       5.8203125      0.78539816    0.006245467554088766
       5.8203125       2.3561945    0.006245467554089047

       5.8984375      0.78539816    0.006121800412900223
       5.8984375       2.3561945    0.006121800412900929

       5.9765625      0.78539816    0.006002161312582574
       5.9765625       2.3561945     0.00600216131258252

       6.0546875      0.78539816     0.00588636893688568
       6.0546875       2.3561945    0.005886368936883447

       6.1328125      0.78539816    0.005774252329834574
       6.1328125       2.3561945    0.005774252329830158

       6.2109375      0.78539816    0.005665650181275956
       6.2109375       2.3561945    0.005665650181271136

       6.2890625      0.78539816    0.005560410169932381
       6.2890625       2.3561945    0.005560410169928678

       6.3671875      0.78539816    0.005458388358686654
       6.3671875       2.3561945     0.00545838835868459

       6.4453125      0.78539816    0.005359448637363431
       6.4453125       2.3561945    0.005359448637362273

       6.5234375      0.78539816     0.00526346220875202
       6.5234375       2.3561945    0.005263462208751054

       6.6015625      0.78539816    0.005170307114048079
       6.6015625       2.3561945    0.005170307114046746

       6.6796875      0.78539816    0.005079867794264914
       6.6796875       2.3561945    0.005079867794263147

       6.7578125      0.78539816    0.004992034684506491
       6.7578125       2.3561945    0.004992034684505297

       6.8359375      0.78539816    0.004906703838292379
       6.8359375       2.3561945    0.004906703838292801

       6.9140625      0.78539816     0.00482377657939427
       6.9140625       2.3561945    0.004823776579395527

       6.9921875      0.78539816    0.004743159178885135
       6.9921875       2.3561945    0.004743159178886013

       7.0703125      0.78539816    0.004664762555318889
       7.0703125       2.3561945    0.004664762555319105

       7.1484375      0.78539816    0.004588501996151706
       7.1484375       2.3561945    0.004588501996151488

       7.2265625      0.78539816    0.004514296898682847
       7.2265625       2.3561945    0.004514296898682571

       7.3046875      0.78539816    0.004442070528956166
       7.3046875       2.3561945    0.004442070528955332

       7.3828125      0.78539816    0.004371749797200487
       7.3828125       2.3561945    0.004371749797199295

       7.4609375      0.78539816    0.004303265048514922
       7.4609375       2.3561945    0.004303265048514681

       7.5390625      0.78539816    0.004236549867615447
       7.5390625       2.3561945    0.004236549867616758

       7.6171875      0.78539816    0.004171540896562685
       7.6171875       2.3561945    0.004171540896565354

       7.6953125      0.78539816    0.004108177664486973
       7.6953125       2.3561945     0.00410817766449018

       7.7734375      0.78539816    0.004046402428408745
       7.7734375       2.3561945    0.004046402428411294

       7.8515625      0.78539816    0.003986160024328405
       7.8515625       2.3561945    0.003986160024329487

       7.9296875      0.78539816    0.003927397727828723
       7.9296875       2.3561945    0.003927397727828738

       8.0078125      0.78539816    0.003870065123496228
       8.0078125       2.3561945    0.003870065123496062

       8.0859375      0.78539816    0.003814113982522485
       8.0859375       2.3561945    0.003814113982522873

       8.1640625      0.78539816    0.003759498147899596
       8.1640625       2.3561945    0.003759498147900981

       8.2421875      0.78539816    0.003706173426671291
       8.2421875       2.3561945    0.003706173426673495

       8.3203125      0.78539816    0.003654097488744434
       8.3203125       2.3561945     0.00365409748874724

       8.3984375      0.78539816    0.003603229771803707
       8.3984375       2.3561945    0.003603229771806782

       8.4765625      0.78539816    0.003553531391906655
       8.4765625       2.3561945    0.003553531391909585

       8.5546875      0.78539816     0.00350496505937356
       8.5546875       2.3561945    0.003504965059376095

       8.6328125      0.78539816    0.003457494999617672
       8.6328125       2.3561945    0.003457494999620085

       8.7109375      0.78539816    0.003411086878584808
       8.7109375       2.3561945    0.003411086878587276

       8.7890625      0.78539816    0.003365707732495947
       8.7890625       2.3561945    0.003365707732497854

       8.8671875      0.78539816    0.003321325901605652
       8.8671875       2.3561945    0.003321325901606621

       8.9453125      0.78539816    0.003277910967709075
       8.9453125       2.3561945    0.003277910967709385

       9.0234375      0.78539816    0.003235433695147887
       9.0234375       2.3561945    0.003235433695147748

       9.1015625      0.78539816    0.003193865975084291
       9.1015625       2.3561945    0.003193865975083698

       9.1796875      0.78539816    0.003153180772838561
       9.1796875       2.3561945    0.003153180772837769

       9.2578125      0.78539816    0.003113352078108766
       9.2578125       2.3561945    0.003113352078108447

       9.3359375      0.78539816    0.003074354857910103
       9.3359375       2.3561945    0.003074354857910791

       9.4140625      0.78539816    0.003036165012078533
       9.4140625       2.3561945    0.003036165012079969

       9.4921875      0.78539816    0.002998759331186459
       9.4921875       2.3561945    0.002998759331188133

       9.5703125      0.78539816    0.002962115456715392
       9.5703125       2.3561945    0.002962115456716538

       9.6484375      0.78539816    0.002926211843316186
       9.6484375       2.3561945    0.002926211843316039

       9.7265625      0.78539816    0.002891027722991115
       9.7265625       2.3561945    0.002891027722989211

       9.8046875      0.78539816    0.002856543071049781
       9.8046875       2.3561945     0.00285654307104603

       9.8828125      0.78539816    0.002822738573726085
       9.8828125       2.3561945     0.00282273857372165

       9.9609375      0.78539816    0.002789595597389797
       9.9609375       2.3561945    0.002789595597386391

       10.039062      0.78539816    0.002757096159321584
       10.039062       2.3561945    0.002757096159319844

       10.117188      0.78539816    0.002725222900041684
       10.117188       2.3561945    0.002725222900041028

       10.195312      0.78539816    0.002693959057168131
       10.195312       2.3561945    0.002693959057167934

       10.273438      0.78539816     0.00266328844073134
       10.273438       2.3561945    0.002663288440731412

       10.351562      0.78539816    0.002633195409811645
       10.351562       2.3561945    0.002633195409812395

       10.429688      0.78539816    0.002603664850312958
       10.429688       2.3561945    0.002603664850314451

       10.507812      0.78539816    0.002574682153669624
       10.507812       2.3561945    0.002574682153671091

       10.585938      0.78539816    0.002546233196322793
       10.585938       2.3561945    0.002546233196323564

       10.664062      0.78539816    0.002518304319882232
       10.664062       2.3561945    0.002518304319882634

       10.742188      0.78539816    0.002490882311995333
       10.742188       2.3561945    0.002490882311995921

       10.820312      0.78539816    0.002463954388037242
       10.820312       2.3561945    0.002463954388038073

       10.898438      0.78539816    0.002437508173786671
       10.898438       2.3561945    0.002437508173787496

       10.976562      0.78539816    0.002411531689224458
       10.976562       2.3561945     0.00241153168922484

       11.054688      0.78539816    0.002386013333504413
       11.054688       2.3561945    0.002386013333504343

       11.132812      0.78539816    0.002360941871015274
       11.132812       2.3561945     0.00236094187101478

       11.210938      0.78539816    0.002336306418322652
       11.210938       2.3561945    0.002336306418322172

       11.289062      0.78539816    0.002312096431698823
       11.289062       2.3561945    0.002312096431699094

       11.367188      0.78539816    0.002288301694937766
       11.367188       2.3561945    0.002288301694938333

       11.445312      0.78539816    0.002264912307223148
       11.445312       2.3561945    0.002264912307223128

       11.523438      0.78539816    0.002241918670956137
       11.523438       2.3561945    0.002241918670955475

       11.601562      0.78539816    0.002219311479609725
       11.601562       2.3561945    0.002219311479609193

       11.679688      0.78539816    0.002197081705812821
       11.679688       2.3561945    0.002197081705813216

       11.757812      0.78539816     0.00217522058995102
       11.757812       2.3561945     0.00217522058995319

       11.835938      0.78539816    0.002153719629571096
       11.835938       2.3561945     0.00215371962957481

       11.914062      0.78539816    0.002132570569790446
       11.914062       2.3561945    0.002132570569794286

       11.992188      0.78539816    0.002111765394777766
       11.992188       2.3561945    0.002111765394780924

       12.070312      0.78539816    0.002091296320214351
       12.070312       2.3561945    0.002091296320216742

       12.148438      0.78539816    0.002071155786496498
       12.148438       2.3561945    0.002071155786498457

       12.226562      0.78539816     0.00205133645235407
       12.226562       2.3561945    0.002051336452355618

       12.304688      0.78539816    0.002031831188540894
       12.304688       2.3561945    0.002031831188542056

       12.382812      0.78539816    0.002012633071308612
       12.382812       2.3561945    0.002012633071309893

       12.460938      0.78539816     0.00199373537548682
       12.460938       2.3561945      0.0019937353754885

       12.539062      0.78539816    0.001975131567135549
       12.539062       2.3561945    0.001975131567137172

       12.617188      0.78539816    0.001956815295881676
       12.617188       2.3561945    0.001956815295882724

       12.695312      0.78539816    0.001938780387165839
       12.695312       2.3561945     0.00193878038716643

       12.773438      0.78539816     0.00192102083469285
       12.773438       2.3561945    0.001921020834693401

       12.851562      0.78539816    0.001903530793377224
       12.851562       2.3561945    0.001903530793377864

       12.929688      0.78539816    0.001886304573026044
       12.929688       2.3561945    0.001886304573026281

       13.007812      0.78539816    0.001869336632905843
       13.007812       2.3561945    0.001869336632905536

       13.085938      0.78539816    0.001852621577215581
       13.085938       2.3561945    0.001852621577215364

       13.164062      0.78539816    0.001836154151367717
       13.164062       2.3561945     0.00183615415136787

       13.242188      0.78539816    0.001819929238877314
       13.242188       2.3561945     0.00181992923887787

       13.320312      0.78539816    0.001803941858596826
       13.320312       2.3561945    0.001803941858597793

       13.398438      0.78539816    0.001788187162010247
       13.398438       2.3561945     0.00178818716201136

       13.476562      0.78539816    0.001772660430331122
       13.476562       2.3561945    0.001772660430332191

       13.554688      0.78539816    0.001757357071211176
       13.554688       2.3561945    0.001757357071211892

       13.632812      0.78539816    0.001742272614953363
       13.632812       2.3561945    0.001742272614953469

       13.710938      0.78539816    0.001727402710225597
       13.710938       2.3561945    0.001727402710225362

       13.789062      0.78539816    0.001712743119364661
       13.789062       2.3561945    0.001712743119364792

       13.867188      0.78539816    0.001698289713434812
       13.867188       2.3561945     0.00169828971343562

       13.945312      0.78539816    0.001684038467251666
       13.945312       2.3561945    0.001684038467252513

       14.023438      0.78539816    0.001669985454598624
       14.023438       2.3561945    0.001669985454599064

       14.101562      0.78539816    0.001656126843843548
       14.101562       2.3561945    0.001656126843843669

       14.179688      0.78539816    0.001642458894116084
       14.179688       2.3561945    0.001642458894116372

       14.257812      0.78539816    0.001628977952141259
       14.257812       2.3561945    0.001628977952141911

       14.335938      0.78539816    0.001615680449750934
       14.335938       2.3561945    0.001615680449751909

       14.414062      0.78539816    0.001602562902022776
       14.414062       2.3561945    0.001602562902024207

       14.492188      0.78539816     0.00158962190592968
       14.492188       2.3561945    0.001589621905931322

       14.570312      0.78539816    0.001576854139337358
       14.570312       2.3561945    0.001576854139338991

       14.648438      0.78539816    0.001564256360167432
       14.648438       2.3561945    0.001564256360168847

       14.726562      0.78539816    0.001551825405538207
       14.726562       2.3561945    0.001551825405538685

       14.804688      0.78539816    0.001539558190716359
       14.804688       2.3561945    0.001539558190715383

       14.882812      0.78539816    0.001527451707751596
       14.882812       2.3561945    0.001527451707749111

       14.960938      0.78539816    0.001515503023716134
       14.960938       2.3561945     0.00151550302371326

       15.039062      0.78539816    0.001503709278526958
       15.039062       2.3561945    0.001503709278525619

       15.117188      0.78539816    0.001492067682377599
       15.117188       2.3561945    0.001492067682378668

       15.195312      0.78539816    0.001480575512855099
       15.195312       2.3561945    0.001480575512858022

       15.273438      0.78539816    0.001469230111857826
       15.273438       2.3561945    0.001469230111860923

       15.351562      0.78539816    0.001458028882449265
       15.351562       2.3561945    0.001458028882451048

       15.429688      0.78539816    0.001446969285789448
       15.429688       2.3561945    0.001446969285789556

       15.507812      0.78539816    0.001436048838274746
       15.507812       2.3561945    0.001436048838273675

       15.585938      0.78539816    0.001425265108995674
       15.585938       2.3561945     0.00142526510899418

       15.664062      0.78539816    0.001414615717594099
       15.664062       2.3561945     0.00141461571759242

       15.742188      0.78539816    0.001404098332561867
       15.742188       2.3561945    0.001404098332559906

       15.820312      0.78539816    0.001393710669988105
       15.820312       2.3561945    0.001393710669985574

       15.898438      0.78539816    0.001383450492721393
       15.898438       2.3561945    0.001383450492718009

       15.976562      0.78539816    0.001373315609879946
       15.976562       2.3561945    0.001373315609876537

       16.054688      0.78539816    0.001363303876624458
       16.054688       2.3561945     0.00136330387662183

       16.132812      0.78539816    0.001353413194087821
       16.132812       2.3561945    0.001353413194085931

       16.210938      0.78539816    0.001343641509354582
       16.210938       2.3561945    0.001343641509352956

       16.289062      0.78539816    0.001333986815385567
       16.289062       2.3561945    0.001333986815383616

       16.367188      0.78539816    0.001324447150795308
       16.367188       2.3561945    0.001324447150792835

       16.445312      0.78539816    0.001315020599413231
       16.445312       2.3561945    0.001315020599410727

       16.523438      0.78539816    0.001305705289580055
       16.523438       2.3561945    0.001305705289578269

       16.601562      0.78539816     0.00129649939315954
       16.601562       2.3561945    0.001296499393158367

       16.679688      0.78539816    0.001287401124270116
       16.679688       2.3561945    0.001287401124268863

       16.757812      0.78539816    0.001278408737766141
       16.757812       2.3561945    0.001278408737764358

       16.835938      0.78539816    0.001269520527520406
       16.835938       2.3561945     0.00126952052751844

       16.914062      0.78539816    0.001260734824570373
       16.914062       2.3561945    0.001260734824569173

       16.992188      0.78539816    0.001252049995203016
       16.992188       2.3561945    0.001252049995203253

       17.070312      0.78539816    0.001243464439059105
       17.070312       2.3561945    0.001243464439060754

       17.148438      0.78539816    0.001234976587328839
       17.148438       2.3561945    0.001234976587331633

       17.226562      0.78539816    0.001226584901095384
       17.226562       2.3561945    0.001226584901098798

       17.304688      0.78539816    0.001218287869885708
       17.304688       2.3561945    0.001218287869888438

       17.382812      0.78539816    0.001210084010475645
       17.382812       2.3561945     0.00121008401047661

       17.460938      0.78539816    0.001201971865978921
       17.460938       2.3561945    0.001201971865977439

       17.539062      0.78539816    0.001193950005154468
       17.539062       2.3561945    0.001193950005150768

       17.617188      0.78539816    0.001186017021991867
       17.617188       2.3561945    0.001186017021986762

       17.695312      0.78539816    0.001178171535467897
       17.695312       2.3561945    0.001178171535462218

       17.773438      0.78539816    0.001170412189777662
       17.773438       2.3561945    0.001170412189772287

       17.851562      0.78539816    0.001162737654090882
       17.851562       2.3561945    0.001162737654086338

       17.929688      0.78539816     0.00115514662341663
       17.929688       2.3561945    0.001155146623413296

       18.007812      0.78539816    0.001147637817005059
       18.007812       2.3561945    0.001147637817002997

       18.085938      0.78539816    0.001140209982906703
       18.085938       2.3561945    0.001140209982905443

       18.164062      0.78539816     0.00113286188901828
       18.164062       2.3561945    0.001132861889017195

       18.242188      0.78539816    0.001125592343057979
       18.242188       2.3561945    0.001125592343056849

       18.320312      0.78539816    0.001118400146138242
       18.320312       2.3561945    0.001118400146136606

       18.398438      0.78539816    0.001111284196810109
       18.398438       2.3561945    0.001111284196807739

       18.476562      0.78539816    0.001104243259486418
       18.476562       2.3561945    0.001104243259483533

       18.554688      0.78539816    0.001097276481946611
       18.554688       2.3561945    0.001097276481943477

       18.632812      0.78539816    0.001090382225704847
       18.632812       2.3561945    0.001090382225701537

       18.710938      0.78539816    0.001083560686951076
       18.710938       2.3561945    0.001083560686947728

       18.789062      0.78539816    0.001076808024877006
       18.789062       2.3561945    0.001076808024874071

       18.867188      0.78539816    0.001070129536923978
       18.867188       2.3561945    0.001070129536921805

       18.945312      0.78539816    0.001063510070134171
       18.945312       2.3561945    0.001063510070133217

       19.023438      0.78539816    0.001056980394189901
       19.023438       2.3561945     0.00105698039419036

       19.101562      0.78539816    0.001050468317596945
       19.101562       2.3561945    0.001050468317598199

       19.179688      0.78539816    0.001044132772773249
       19.179688       2.3561945    0.001044132772774254

       19.257812      0.78539816    0.001037614131157617
       19.257812       2.3561945    0.001037614131157889

       19.335938      0.78539816    0.001031716188998986
       19.335938       2.3561945    0.001031716188998848

       19.414062      0.78539816    0.001024632575496391
       19.414062       2.3561945    0.001024632575496231

       19.492188      0.78539816    0.001020414845691554
       19.492188       2.3561945    0.001020414845691195

       19.570312      0.78539816    0.001009966426740989
       19.570312       2.3561945    0.001009966426740222

       19.648438      0.78539816    0.001013626439830404
       19.648438       2.3561945    0.001013626439828749

       19.726562      0.78539816   0.0009856401129896839
       19.726562       2.3561945   0.0009856401129865091

       19.804688      0.78539816    0.001030305142658195
       19.804688       2.3561945    0.001030305142654529

       19.882812      0.78539816   0.0009187619116875429
       19.882812       2.3561945   0.0009187619116856863

       19.960938      0.78539816     0.00109843195002982
       19.960938       2.3561945    0.001098431950029575

       20.039062      0.78539816                       0
       20.039062       2.3561945                       0

       20.117188      0.78539816                       0
       20.117188       2.3561945                       0

       20.195312      0.78539816                       0
       20.195312       2.3561945                       0

       20.273438      0.78539816                       0
       20.273438       2.3561945                       0

