# File created on Tue Jul  7 15:36:44 2026
# Data for Inflation GW initial data initial data at coord time 0 and central proper time 0
# Evolved with (136,10,9) gridpoints (including 4 ghosts)
# Evolution with geodesic slicing and constant shift shift condition 
# data for phi = 3.14159
#              r           theta                a_rr
#===============================================================
        0.078125      0.78539816  -0.0001309183866632994
        0.078125       2.3561945  -0.0001309183866633063

        0.234375      0.78539816  -0.0009256671944909315
        0.234375       2.3561945   -0.000925667194490987

        0.390625      0.78539816   -0.001585575749777126
        0.390625       2.3561945   -0.001585575749777153

        0.546875      0.78539816   -0.001201718304475405
        0.546875       2.3561945   -0.001201718304475429

        0.703125      0.78539816   0.0004656304267104877
        0.703125       2.3561945   0.0004656304267104773

        0.859375      0.78539816    0.003056621078011207
        0.859375       2.3561945    0.003056621078011183

        1.015625      0.78539816      0.0059207079729095
        1.015625       2.3561945    0.005920707972909518

        1.171875      0.78539816    0.008418992396241359
        1.171875       2.3561945    0.008418992396241325

        1.328125      0.78539816     0.01013235855643677
        1.328125       2.3561945     0.01013235855643668

        1.484375      0.78539816      0.0109363174256128
        1.484375       2.3561945      0.0109363174256128

        1.640625      0.78539816     0.01095398276390401
        1.640625       2.3561945       0.010953982763904

        1.796875      0.78539816     0.01043896567710122
        1.796875       2.3561945     0.01043896567710118

        1.953125      0.78539816    0.009654317055318808
        1.953125       2.3561945      0.0096543170553189

        2.109375      0.78539816    0.008796808567835509
        2.109375       2.3561945    0.008796808567835579

        2.265625      0.78539816    0.007978387172171902
        2.265625       2.3561945    0.007978387172171839

        2.421875      0.78539816    0.007244844909480914
        2.421875       2.3561945    0.007244844909480942

        2.578125      0.78539816    0.006604201815555877
        2.578125       2.3561945    0.006604201815556032

        2.734375      0.78539816    0.006048428645649718
        2.734375       2.3561945    0.006048428645649874

        2.890625      0.78539816     0.00556521929765616
        2.890625       2.3561945    0.005565219297656213

        3.046875      0.78539816     0.00514277391605557
        3.046875       2.3561945    0.005142773916055555

        3.203125      0.78539816    0.004771123405690662
        3.203125       2.3561945    0.004771123405690641

        3.359375      0.78539816    0.004442160786577726
        3.359375       2.3561945    0.004442160786577716

        3.515625      0.78539816    0.004149334123487211
        3.515625       2.3561945    0.004149334123487258

        3.671875      0.78539816    0.003887322328069861
        3.671875       2.3561945    0.003887322328069927

        3.828125      0.78539816     0.00365176954764168
        3.828125       2.3561945    0.003651769547641727

        3.984375      0.78539816    0.003439080564987367
        3.984375       2.3561945    0.003439080564987414

        4.140625      0.78539816    0.003246264712925253
        4.140625       2.3561945    0.003246264712925264

        4.296875      0.78539816    0.003070816133929879
        4.296875       2.3561945    0.003070816133929763

        4.453125      0.78539816    0.002910621071574448
        4.453125       2.3561945    0.002910621071574211

        4.609375      0.78539816    0.002763885406284225
        4.609375       2.3561945    0.002763885406284057

        4.765625      0.78539816    0.002629077502759868
        4.765625       2.3561945    0.002629077502759851

        4.921875      0.78539816    0.002504882753833679
        4.921875       2.3561945    0.002504882753833741

        5.078125      0.78539816    0.002390167143200921
        5.078125       2.3561945    0.002390167143201023

        5.234375      0.78539816    0.002283947823538592
        5.234375       2.3561945    0.002283947823538658

        5.390625      0.78539816    0.002185369196403045
        5.390625       2.3561945    0.002185369196403069

        5.546875      0.78539816    0.002093683340049539
        5.546875       2.3561945    0.002093683340049621

        5.703125      0.78539816    0.002008233898105554
        5.703125       2.3561945    0.002008233898105658

        5.859375      0.78539816    0.001928442741703445
        5.859375       2.3561945    0.001928442741703435

        6.015625      0.78539816    0.001853798868416147
        6.015625       2.3561945    0.001853798868416049

        6.171875      0.78539816    0.001783849116063973
        6.171875       2.3561945    0.001783849116063898

        6.328125      0.78539816    0.001718190357446803
        6.328125       2.3561945    0.001718190357446826

        6.484375      0.78539816    0.001656462910027098
        6.484375       2.3561945    0.001656462910027157

        6.640625      0.78539816    0.001598344947460712
        6.640625       2.3561945    0.001598344947460703

        6.796875      0.78539816    0.001543547741265647
        6.796875       2.3561945    0.001543547741265512

        6.953125      0.78539816    0.001491811593526505
        6.953125       2.3561945    0.001491811593526343

        7.109375      0.78539816    0.001442902347371717
        7.109375       2.3561945    0.001442902347371676

        7.265625      0.78539816    0.001396608382548948
        7.265625       2.3561945    0.001396608382548954

        7.421875      0.78539816    0.001352738019918363
        7.421875       2.3561945    0.001352738019918287

        7.578125      0.78539816    0.001311117271963721
        7.578125       2.3561945    0.001311117271963615

        7.734375      0.78539816     0.00127158788716614
        7.734375       2.3561945    0.001271587887166089

        7.890625      0.78539816    0.001234005644819165
        7.890625       2.3561945    0.001234005644819156

        8.046875      0.78539816    0.001198238863994391
        8.046875       2.3561945    0.001198238863994403

        8.203125      0.78539816    0.001164167096214586
        8.203125       2.3561945    0.001164167096214646

        8.359375      0.78539816    0.001131679976203403
        8.359375       2.3561945    0.001131679976203575

        8.515625      0.78539816     0.00110067620905953
        8.515625       2.3561945    0.001100676209059752

        8.671875      0.78539816    0.001071062675503355
        8.671875       2.3561945    0.001071062675503533

        8.828125      0.78539816    0.001042753639594331
        8.828125       2.3561945    0.001042753639594434

        8.984375      0.78539816    0.001015670045615276
        8.984375       2.3561945    0.001015670045615301

        9.140625      0.78539816   0.0009897388927460852
        9.140625       2.3561945   0.0009897388927460691

        9.296875      0.78539816   0.0009648926777674389
        9.296875       2.3561945   0.0009648926777674433

        9.453125      0.78539816   0.0009410688973930818
        9.453125       2.3561945   0.0009410688973931124

        9.609375      0.78539816   0.0009182096029747519
        9.609375       2.3561945   0.0009182096029748087

        9.765625      0.78539816   0.0008962610013001362
        9.765625       2.3561945   0.0008962610013002559

        9.921875      0.78539816   0.0008751730960496936
        9.921875       2.3561945   0.0008751730960498385

       10.078125      0.78539816   0.0008548993652214153
       10.078125       2.3561945   0.0008548993652214971

       10.234375      0.78539816   0.0008353964704819823
       10.234375       2.3561945   0.0008353964704819904

       10.390625      0.78539816   0.0008166239949387616
       10.390625       2.3561945   0.0008166239949387655

       10.546875      0.78539816    0.000798544206227807
       10.546875       2.3561945   0.0007985442062278981

       10.703125      0.78539816   0.0007811218420848058
       10.703125       2.3561945   0.0007811218420850168

       10.859375      0.78539816   0.0007643239157700235
       10.859375       2.3561945   0.0007643239157702362

       11.015625      0.78539816   0.0007481195389696761
       11.015625       2.3561945   0.0007481195389697456

       11.171875      0.78539816   0.0007324797602020613
       11.171875       2.3561945   0.0007324797602019991

       11.328125      0.78539816   0.0007173774173244072
       11.328125       2.3561945   0.0007173774173243227

       11.484375      0.78539816   0.0007027870033092075
       11.484375       2.3561945   0.0007027870033091311

       11.640625      0.78539816   0.0006886845447541704
       11.640625       2.3561945   0.0006886845447540054

       11.796875      0.78539816   0.0006750474923604669
       11.796875       2.3561945   0.0006750474923601709

       11.953125      0.78539816   0.0006618546218685331
       11.953125       2.3561945   0.0006618546218681758

       12.109375      0.78539816   0.0006490859430648073
       12.109375       2.3561945   0.0006490859430645157

       12.265625      0.78539816   0.0006367226141226549
       12.265625       2.3561945   0.0006367226141225012

       12.421875      0.78539816   0.0006247468592795704
       12.421875       2.3561945   0.0006247468592794626

       12.578125      0.78539816   0.0006131418897090078
       12.578125       2.3561945   0.0006131418897088992

       12.734375      0.78539816    0.000601891829697907
       12.734375       2.3561945   0.0006018918296978584

       12.890625      0.78539816   0.0005909816516368629
       12.890625       2.3561945   0.0005909816516369455

       13.046875      0.78539816    0.000580397122750644
       13.046875       2.3561945   0.0005803971227508323

       13.203125      0.78539816   0.0005701247637138195
       13.203125       2.3561945   0.0005701247637139891

       13.359375      0.78539816   0.0005601518153453951
       13.359375       2.3561945   0.0005601518153454777

       13.515625      0.78539816   0.0005504662064414447
       13.515625       2.3561945   0.0005504662064413941

       13.671875      0.78539816   0.0005410565154374492
       13.671875       2.3561945    0.000541056515437295

       13.828125      0.78539816    0.000531911921778357
       13.828125       2.3561945   0.0005319119217781811

       13.984375      0.78539816   0.0005230221485892977
       13.984375       2.3561945   0.0005230221485891458

       14.140625      0.78539816   0.0005143774039828307
       14.140625       2.3561945   0.0005143774039827702

       14.296875      0.78539816   0.0005059683313258744
       14.296875       2.3561945   0.0005059683313259847

       14.453125      0.78539816   0.0004977859773376279
       14.453125       2.3561945   0.0004977859773378959

       14.609375      0.78539816   0.0004898217812909696
       14.609375       2.3561945   0.0004898217812912818

       14.765625      0.78539816   0.0004820675810619094
       14.765625       2.3561945   0.0004820675810621994

       14.921875      0.78539816   0.0004745156255692471
       14.921875       2.3561945     0.00047451562556955

       15.078125      0.78539816   0.0004671585809286758
       15.078125       2.3561945   0.0004671585809289759

       15.234375      0.78539816   0.0004599895202018564
       15.234375       2.3561945    0.000459989520202095

       15.390625      0.78539816   0.0004530018925067241
       15.390625       2.3561945   0.0004530018925068749

       15.546875      0.78539816   0.0004461894746519579
       15.546875       2.3561945   0.0004461894746520312

       15.703125      0.78539816   0.0004395463144625736
       15.703125       2.3561945   0.0004395463144626369

       15.859375      0.78539816   0.0004330666786344944
       15.859375       2.3561945   0.0004330666786346169

       16.015625      0.78539816   0.0004267450141652151
       16.015625       2.3561945   0.0004267450141653534

       16.171875      0.78539816   0.0004205759310678744
       16.171875       2.3561945   0.0004205759310679293

       16.328125      0.78539816   0.0004145542014686394
       16.328125       2.3561945   0.0004145542014685867

       16.484375      0.78539816   0.0004086747858702876
       16.484375       2.3561945   0.0004086747858701253

       16.640625      0.78539816   0.0004029328479890101
       16.640625       2.3561945   0.0004029328479888017

       16.796875      0.78539816   0.0003973238106343374
       16.796875       2.3561945   0.0003973238106341887

       16.953125      0.78539816   0.0003918432960646687
       16.953125       2.3561945   0.0003918432960646709

       17.109375      0.78539816   0.0003864872912712674
       17.109375       2.3561945   0.0003864872912714348

       17.265625      0.78539816   0.0003812517827850604
       17.265625       2.3561945   0.0003812517827852922

       17.421875      0.78539816   0.0003761335335943547
       17.421875       2.3561945    0.000376133533594522

       17.578125      0.78539816   0.0003711282098129566
       17.578125       2.3561945   0.0003711282098130159

       17.734375      0.78539816   0.0003662344263637474
       17.734375       2.3561945   0.0003662344263637531

       17.890625      0.78539816   0.0003614445950856985
       17.890625       2.3561945   0.0003614445950856599

       18.046875      0.78539816   0.0003567654393763139
       18.046875       2.3561945   0.0003567654393762426

       18.203125      0.78539816   0.0003521717579671837
       18.203125       2.3561945    0.000352171757967123

       18.359375      0.78539816   0.0003477099935433377
       18.359375       2.3561945   0.0003477099935433167

       18.515625      0.78539816    0.000343265926766986
       18.515625       2.3561945   0.0003432659267669771

       18.671875      0.78539816   0.0003390865426749982
       18.671875       2.3561945   0.0003390865426749909

       18.828125      0.78539816   0.0003346083745498824
       18.828125       2.3561945   0.0003346083745498912

       18.984375      0.78539816   0.0003310871116970968
       18.984375       2.3561945   0.0003310871116970744

       19.140625      0.78539816   0.0003256937421523657
       19.140625       2.3561945   0.0003256937421522669

       19.296875      0.78539816   0.0003247499353382634
       19.296875       2.3561945   0.0003247499353380811

       19.453125      0.78539816   0.0003140233789839483
       19.453125       2.3561945   0.0003140233789837491

       19.609375      0.78539816   0.0003259604879458462
       19.609375       2.3561945   0.0003259604879457085

       19.765625      0.78539816   0.0002893182700939703
       19.765625       2.3561945   0.0002893182700938804

       19.921875      0.78539816   0.0003434860498642192
       19.921875       2.3561945   0.0003434860498641404

       20.078125      0.78539816                       0
       20.078125       2.3561945                       0

       20.234375      0.78539816                       0
       20.234375       2.3561945                       0

       20.390625      0.78539816                       0
       20.390625       2.3561945                       0

       20.546875      0.78539816                       0
       20.546875       2.3561945                       0

