# File created on Wed Jul  8 11:31:14 2026
# Data for Inflation GW initial data initial data at coord time 0.163788 and central proper time 0.163788
# Evolved with (264,10,9) gridpoints (including 4 ghosts)
# Evolution with geodesic slicing and constant shift shift condition 
# data for phi = 3.14159
#              r           theta                a_rr
#===============================================================
     0.025065104      0.78539816  -0.0002456409978981502
     0.025065104       2.3561945  -0.0002456409987732694

     0.075195312      0.78539816   1.908460168195763e-05
     0.075195312       2.3561945   1.908460137078025e-05

      0.12532552      0.78539816   0.0009739673501659313
      0.12532552       2.3561945   0.0009739673510273236

      0.17545573      0.78539816   0.0003124077292435332
      0.17545573       2.3561945   0.0003124077298604501

      0.22558594      0.78539816  -0.0008041696826843418
      0.22558594       2.3561945  -0.0008041696828205184

      0.27571615      0.78539816   -0.001575048680923387
      0.27571615       2.3561945   -0.001575048681187502

      0.32584635      0.78539816   -0.002166576734844782
      0.32584635       2.3561945   -0.002166576735046784

      0.37597656      0.78539816   -0.002685742655783997
      0.37597656       2.3561945   -0.002685742656003576

      0.42610677      0.78539816   -0.003173731864441156
      0.42610677       2.3561945   -0.003173731864634511

      0.47623698      0.78539816   -0.003658050742553287
      0.47623698       2.3561945   -0.003658050742735636

      0.52636719      0.78539816   -0.004153865699063671
      0.52636719       2.3561945   -0.004153865699215862

       0.5764974      0.78539816   -0.004670014856638298
       0.5764974       2.3561945   -0.004670014856775377

       0.6266276      0.78539816   -0.005211958424668975
       0.6266276       2.3561945   -0.005211958424791868

      0.67675781      0.78539816   -0.005783082276377594
      0.67675781       2.3561945    -0.00578308227648368

      0.72688802      0.78539816   -0.006385490189044055
      0.72688802       2.3561945   -0.006385490189150139

      0.77701823      0.78539816    -0.00702045778630812
      0.77701823       2.3561945   -0.007020457786378192

      0.82714844      0.78539816   -0.007688704531184886
      0.82714844       2.3561945   -0.007688704531260678

      0.87727865      0.78539816   -0.008390563677161891
      0.87727865       2.3561945   -0.008390563677226128

      0.92740885      0.78539816   -0.009126091236270827
      0.92740885       2.3561945   -0.009126091236322235

      0.97753906      0.78539816    -0.00989513779742068
      0.97753906       2.3561945   -0.009895137797466633

       1.0276693      0.78539816    -0.01069739703705033
       1.0276693       2.3561945    -0.01069739703708657

       1.0777995      0.78539816    -0.01153243923143956
       1.0777995       2.3561945    -0.01153243923147602

       1.1279297      0.78539816    -0.01239973490109192
       1.1279297       2.3561945    -0.01239973490111709

       1.1780599      0.78539816    -0.01329867183175404
       1.1780599       2.3561945    -0.01329867183176147

       1.2281901      0.78539816    -0.01422856756829259
       1.2281901       2.3561945    -0.01422856756830164

       1.2783203      0.78539816    -0.01518867876246278
       1.2783203       2.3561945    -0.01518867876246304

       1.3284505      0.78539816     -0.0161782083024951
       1.3284505       2.3561945    -0.01617820830248826

       1.3785807      0.78539816    -0.01719631085844625
       1.3785807       2.3561945    -0.01719631085843999

       1.4287109      0.78539816    -0.01824209728116712
       1.4287109       2.3561945    -0.01824209728114868

       1.4788411      0.78539816     -0.0193146381643339
       1.4788411       2.3561945    -0.01931463816430811

       1.5289714      0.78539816    -0.02041296678963136
       1.5289714       2.3561945    -0.02041296678960845

       1.5791016      0.78539816    -0.02153608161287623
       1.5791016       2.3561945    -0.02153608161285088

       1.6292318      0.78539816     -0.0226829484069485
       1.6292318       2.3561945    -0.02268294840691262

        1.679362      0.78539816    -0.02385250214665663
        1.679362       2.3561945     -0.0238525021466429

       1.7294922      0.78539816    -0.02504364869875053
       1.7294922       2.3561945    -0.02504364869871037

       1.7796224      0.78539816    -0.02625526636402522
       1.7796224       2.3561945    -0.02625526636400584

       1.8297526      0.78539816    -0.02748620730854009
       1.8297526       2.3561945     -0.0274862073085012

       1.8798828      0.78539816    -0.02873529890992862
       1.8798828       2.3561945    -0.02873529890989656

        1.930013      0.78539816    -0.03000134504045855
        1.930013       2.3561945     -0.0300013450404079

       1.9801432      0.78539816    -0.03128312730248089
       1.9801432       2.3561945    -0.03128312730244668

       2.0302734      0.78539816    -0.03257940622914259
       2.0302734       2.3561945    -0.03257940622911508

       2.0804036      0.78539816    -0.03388892245896988
       2.0804036       2.3561945    -0.03388892245893241

       2.1305339      0.78539816    -0.03521039789327592
       2.1305339       2.3561945    -0.03521039789324122

       2.1806641      0.78539816    -0.03654253684102057
       2.1806641       2.3561945    -0.03654253684100633

       2.2307943      0.78539816    -0.03788402715582547
       2.2307943       2.3561945    -0.03788402715579639

       2.2809245      0.78539816    -0.03923354136897203
       2.2809245       2.3561945    -0.03923354136893118

       2.3310547      0.78539816    -0.04058973782057652
       2.3310547       2.3561945    -0.04058973782052808

       2.3811849      0.78539816    -0.04195126179089415
       2.3811849       2.3561945    -0.04195126179085771

       2.4313151      0.78539816    -0.04331674663354455
       2.4313151       2.3561945    -0.04331674663351117

       2.4814453      0.78539816    -0.04468481491145249
       2.4814453       2.3561945    -0.04468481491141658

       2.5315755      0.78539816    -0.04605407953604987
       2.5315755       2.3561945    -0.04605407953604812

       2.5817057      0.78539816    -0.04742314491041333
       2.5817057       2.3561945    -0.04742314491039212

       2.6318359      0.78539816      -0.048790608076132
       2.6318359       2.3561945    -0.04879060807611947

       2.6819661      0.78539816    -0.05015505986395179
       2.6819661       2.3561945    -0.05015505986391579

       2.7320964      0.78539816    -0.05151508604796896
       2.7320964       2.3561945      -0.051515086047957

       2.7822266      0.78539816    -0.05286926850326729
       2.7822266       2.3561945    -0.05286926850324995

       2.8323568      0.78539816    -0.05421618636602814
       2.8323568       2.3561945    -0.05421618636600822

        2.882487      0.78539816    -0.05555441719584084
        2.882487       2.3561945    -0.05555441719582303

       2.9326172      0.78539816    -0.05688253813971824
       2.9326172       2.3561945    -0.05688253813970756

       2.9827474      0.78539816    -0.05819912709631563
       2.9827474       2.3561945    -0.05819912709629446

       3.0328776      0.78539816    -0.05950276388022872
       3.0328776       2.3561945    -0.05950276388021648

       3.0830078      0.78539816    -0.06079203138549646
       3.0830078       2.3561945    -0.06079203138548409

        3.133138      0.78539816    -0.06206551674687597
        3.133138       2.3561945    -0.06206551674685868

       3.1832682      0.78539816      -0.063321812498442
       3.1832682       2.3561945    -0.06332181249843588

       3.2333984      0.78539816    -0.06455951772844466
       3.2333984       2.3561945    -0.06455951772842784

       3.2835286      0.78539816    -0.06577723922899628
       3.2835286       2.3561945    -0.06577723922898285

       3.3336589      0.78539816    -0.06697359263965466
       3.3336589       2.3561945     -0.0669735926396277

       3.3837891      0.78539816    -0.06814720358441539
       3.3837891       2.3561945    -0.06814720358439171

       3.4339193      0.78539816    -0.06929670880034118
       3.4339193       2.3561945    -0.06929670880031821

       3.4840495      0.78539816    -0.07042075725689498
       3.4840495       2.3561945    -0.07042075725686857

       3.5341797      0.78539816     -0.0715180112653109
       3.5341797       2.3561945    -0.07151801126527854

       3.5843099      0.78539816     -0.0725871475761532
       3.5843099       2.3561945    -0.07258714757611273

       3.6344401      0.78539816    -0.07362685846405259
       3.6344401       2.3561945    -0.07362685846399628

       3.6845703      0.78539816     -0.0746358527993059
       3.6845703       2.3561945    -0.07463585279925726

       3.7347005      0.78539816    -0.07561285710417871
       3.7347005       2.3561945    -0.07561285710412304

       3.7848307      0.78539816    -0.07655661659332004
       3.7848307       2.3561945    -0.07655661659325708

       3.8349609      0.78539816    -0.07746589619756721
       3.8349609       2.3561945    -0.07746589619748638

       3.8850911      0.78539816    -0.07833948156886007
       3.8850911       2.3561945    -0.07833948156877614

       3.9352214      0.78539816     -0.0791761800661492
       3.9352214       2.3561945    -0.07917618006603706

       3.9853516      0.78539816    -0.07997482172083899
       3.9853516       2.3561945    -0.07997482172074549

       4.0354818      0.78539816    -0.08073426018109515
       4.0354818       2.3561945    -0.08073426018098859

        4.085612      0.78539816    -0.08145337363325096
        4.085612       2.3561945    -0.08145337363313541

       4.1357422      0.78539816    -0.08213106570026631
       4.1357422       2.3561945    -0.08213106570014772

       4.1858724      0.78539816    -0.08276626631547188
       4.1858724       2.3561945     -0.0827662663153442

       4.2360026      0.78539816    -0.08335793257033733
       4.2360026       2.3561945    -0.08335793257021193

       4.2861328      0.78539816    -0.08390504953654003
       4.2861328       2.3561945    -0.08390504953638432

        4.336263      0.78539816    -0.08440663106038659
        4.336263       2.3561945    -0.08440663106021519

       4.3863932      0.78539816    -0.08486172052904568
       4.3863932       2.3561945     -0.0848617205288677

       4.4365234      0.78539816    -0.08526939160813658
       4.4365234       2.3561945    -0.08526939160797074

       4.4866536      0.78539816    -0.08562874894920132
       4.4866536       2.3561945    -0.08562874894905061

       4.5367839      0.78539816    -0.08593892886624796
       4.5367839       2.3561945    -0.08593892886608939

       4.5869141      0.78539816    -0.08619909998132394
       4.5869141       2.3561945    -0.08619909998114833

       4.6370443      0.78539816    -0.08640846383812134
       4.6370443       2.3561945    -0.08640846383792529

       4.6871745      0.78539816    -0.08656625548263433
       4.6871745       2.3561945    -0.08656625548242783

       4.7373047      0.78539816    -0.08667174401096642
       4.7373047       2.3561945    -0.08667174401076891

       4.7874349      0.78539816    -0.08672423308325694
       4.7874349       2.3561945    -0.08672423308304202

       4.8375651      0.78539816    -0.08672306140260462
       4.8375651       2.3561945    -0.08672306140241254

       4.8876953      0.78539816    -0.08666760315991787
       4.8876953       2.3561945    -0.08666760315973474

       4.9378255      0.78539816    -0.08655726844340297
       4.9378255       2.3561945    -0.08655726844322081

       4.9879557      0.78539816    -0.08639150361216076
       4.9879557       2.3561945    -0.08639150361201059

       5.0380859      0.78539816    -0.08616979163455282
       5.0380859       2.3561945    -0.08616979163439767

       5.0882161      0.78539816    -0.08589165239007886
       5.0882161       2.3561945    -0.08589165238990304

       5.1383464      0.78539816    -0.08555664293456282
       5.1383464       2.3561945     -0.0855566429343726

       5.1884766      0.78539816    -0.08516435772931841
       5.1884766       2.3561945    -0.08516435772915026

       5.2386068      0.78539816    -0.08471442883357261
       5.2386068       2.3561945    -0.08471442883342249

        5.288737      0.78539816    -0.08420652606003406
        5.288737       2.3561945    -0.08420652605988271

       5.3388672      0.78539816    -0.08364035709412893
       5.3388672       2.3561945    -0.08364035709398586

       5.3889974      0.78539816    -0.08301566757677152
       5.3889974       2.3561945    -0.08301566757665836

       5.4391276      0.78539816    -0.08233224114998319
       5.4391276       2.3561945    -0.08233224114985507

       5.4892578      0.78539816    -0.08158989946640588
       5.4892578       2.3561945    -0.08158989946628775

        5.539388      0.78539816    -0.08078850216315478
        5.539388       2.3561945     -0.0807885021630283

       5.5895182      0.78539816    -0.07992794679891842
       5.5895182       2.3561945    -0.07992794679876826

       5.6396484      0.78539816    -0.07900816875631352
       5.6396484       2.3561945    -0.07900816875614571

       5.6897786      0.78539816    -0.07802914110887142
       5.6897786       2.3561945    -0.07802914110872738

       5.7399089      0.78539816    -0.07699087445280536
       5.7399089       2.3561945    -0.07699087445266244

       5.7900391      0.78539816    -0.07589341670438522
       5.7900391       2.3561945    -0.07589341670425009

       5.8401693      0.78539816    -0.07473685286402133
       5.8401693       2.3561945    -0.07473685286388237

       5.8902995      0.78539816    -0.07352130474636737
       5.8902995       2.3561945    -0.07352130474620333

       5.9404297      0.78539816    -0.07224693067814986
       5.9404297       2.3561945    -0.07224693067796974

       5.9905599      0.78539816    -0.07091392516401038
       5.9905599       2.3561945    -0.07091392516385284

       6.0406901      0.78539816    -0.06952251852044386
       6.0406901       2.3561945    -0.06952251852030976

       6.0908203      0.78539816    -0.06807297647901528
       6.0908203       2.3561945    -0.06807297647886433

       6.1409505      0.78539816     -0.0665655997600485
       6.1409505       2.3561945    -0.06656559975990084

       6.1910807      0.78539816    -0.06500072361657361
       6.1910807       2.3561945    -0.06500072361642269

       6.2412109      0.78539816    -0.06337871735024064
       6.2412109       2.3561945    -0.06337871735007783

       6.2913411      0.78539816    -0.06169998380006248
       6.2913411       2.3561945    -0.06169998379991549

       6.3414714      0.78539816    -0.05996495880374575
       6.3414714       2.3561945    -0.05996495880361898

       6.3916016      0.78539816     -0.0581741106334466
       6.3916016       2.3561945     -0.0581741106333211

       6.4417318      0.78539816    -0.05632793940723494
       6.4417318       2.3561945    -0.05632793940712117

        6.491862      0.78539816    -0.05442697647598867
        6.491862       2.3561945    -0.05442697647587107

       6.5419922      0.78539816    -0.05247178378789878
       6.5419922       2.3561945    -0.05247178378780389

       6.5921224      0.78539816    -0.05046295323141737
       6.5921224       2.3561945    -0.05046295323133231

       6.6422526      0.78539816    -0.04840110595671767
       6.6422526       2.3561945    -0.04840110595664176

       6.6923828      0.78539816    -0.04628689167738061
       6.6923828       2.3561945    -0.04628689167731281

        6.742513      0.78539816    -0.04412098795392506
        6.742513       2.3561945    -0.04412098795382884

       6.7926432      0.78539816    -0.04190409945889346
       6.7926432       2.3561945      -0.041904099458818

       6.8427734      0.78539816    -0.03963695722595942
       6.8427734       2.3561945    -0.03963695722588106

       6.8929036      0.78539816     -0.0373203178835164
       6.8929036       2.3561945    -0.03732031788346263

       6.9430339      0.78539816    -0.03495496287345601
       6.9430339       2.3561945    -0.03495496287344876

       6.9931641      0.78539816    -0.03254169765677101
       6.9931641       2.3561945    -0.03254169765676301

       7.0432943      0.78539816    -0.03008135090691271
       7.0432943       2.3561945    -0.03008135090690501

       7.0934245      0.78539816    -0.02757477369197356
       7.0934245       2.3561945    -0.02757477369196791

       7.1435547      0.78539816    -0.02502283864677818
       7.1435547       2.3561945    -0.02502283864673729

       7.1936849      0.78539816    -0.02242643913659327
       7.1936849       2.3561945    -0.02242643913658739

       7.2438151      0.78539816    -0.01978648841233411
       7.2438151       2.3561945    -0.01978648841234404

       7.2939453      0.78539816     -0.0171039187588902
       7.2939453       2.3561945    -0.01710391875890907

       7.3440755      0.78539816    -0.01437968063842078
       7.3440755       2.3561945    -0.01437968063846396

       7.3942057      0.78539816    -0.01161474182817808
       7.3942057       2.3561945    -0.01161474182823532

       7.4443359      0.78539816   -0.008810086555132756
       7.4443359       2.3561945   -0.008810086555196201

       7.4944661      0.78539816   -0.005966714628509714
       7.4944661       2.3561945   -0.005966714628556431

       7.5445964      0.78539816   -0.003085640569944279
       7.5445964       2.3561945   -0.003085640569995374

       7.5947266      0.78539816  -0.0001678927433411467
       7.5947266       2.3561945  -0.0001678927433811387

       7.6448568      0.78539816    0.002785487514566504
       7.6448568       2.3561945     0.00278548751450779

        7.694987      0.78539816    0.005773446762717036
        7.694987       2.3561945    0.005773446762646314

       7.7451172      0.78539816    0.008794920321781261
       7.7451172       2.3561945    0.008794920321718429

       7.7952474      0.78539816      0.0118488331364363
       7.7952474       2.3561945     0.01184883313636347

       7.8453776      0.78539816     0.01493410063400054
       7.8453776       2.3561945     0.01493410063391127

       7.8955078      0.78539816     0.01804962957831908
       7.8955078       2.3561945     0.01804962957826679

        7.945638      0.78539816     0.02119431891714593
        7.945638       2.3561945     0.02119431891708291

       7.9957682      0.78539816     0.02436706062327961
       7.9957682       2.3561945     0.02436706062322938

       8.0458984      0.78539816     0.02756674052841456
       8.0458984       2.3561945     0.02756674052840717

       8.0960286      0.78539816     0.03079223914794728
       8.0960286       2.3561945     0.03079223914792568

       8.1461589      0.78539816     0.03404243249733294
       8.1461589       2.3561945     0.03404243249729007

       8.1962891      0.78539816     0.03731619289905595
       8.1962891       2.3561945     0.03731619289901395

       8.2464193      0.78539816     0.04061238977868403
       8.2464193       2.3561945     0.04061238977864508

       8.2965495      0.78539816      0.0439298904502596
       8.2965495       2.3561945     0.04392989045020289

       8.3466797      0.78539816     0.04726756089017182
       8.3466797       2.3561945     0.04726756089013406

       8.3968099      0.78539816      0.0506242664981148
       8.3968099       2.3561945      0.0506242664980753

       8.4469401      0.78539816     0.05399887284585583
       8.4469401       2.3561945     0.05399887284580296

       8.4970703      0.78539816      0.0573902464127132
       8.4970703       2.3561945      0.0573902464126445

       8.5472005      0.78539816       0.060797255306869
       8.5472005       2.3561945      0.0607972553068103

       8.5973307      0.78539816     0.06421876997284034
       8.5973307       2.3561945     0.06421876997278124

       8.6474609      0.78539816      0.0676536638842111
       8.6474609       2.3561945     0.06765366388412251

       8.6975911      0.78539816     0.07110081422051916
       8.6975911       2.3561945     0.07110081422044352

       8.7477214      0.78539816     0.07455910252942007
       8.7477214       2.3561945     0.07455910252931414

       8.7978516      0.78539816     0.07802741537287164
       8.7978516       2.3561945      0.0780274153727689

       8.8479818      0.78539816     0.08150464495690396
       8.8479818       2.3561945      0.0815046449568025

        8.898112      0.78539816     0.08498968974524879
        8.898112       2.3561945     0.08498968974517941

       8.9482422      0.78539816     0.08848145505653526
       8.9482422       2.3561945       0.088481455056478

       8.9983724      0.78539816     0.09197885364354799
       8.9983724       2.3561945     0.09197885364348474

       9.0485026      0.78539816     0.09548080625615937
       9.0485026       2.3561945     0.09548080625604533

       9.0986328      0.78539816      0.0989862421870175
       9.0986328       2.3561945     0.09898624218690706

        9.148763      0.78539816       0.102494099799374
        9.148763       2.3561945      0.1024940997992625

       9.1988932      0.78539816      0.1060033270377067
       9.1988932       2.3561945      0.1060033270375908

       9.2490234      0.78539816       0.109512881920801
       9.2490234       2.3561945      0.1095128819207197

       9.2991536      0.78539816      0.1130217330165547
       9.2991536       2.3561945        0.11302173301649

       9.3492839      0.78539816      0.1165288598991891
       9.3492839       2.3561945      0.1165288598991137

       9.3994141      0.78539816      0.1200332535892671
       9.3994141       2.3561945       0.120033253589158

       9.4495443      0.78539816      0.1235339169751546
       9.4495443       2.3561945        0.12353391697504

       9.4996745      0.78539816      0.1270298652172585
       9.4996745       2.3561945      0.1270298652171622

       9.5498047      0.78539816       0.130520126134803
       9.5498047       2.3561945      0.1305201261346753

       9.5999349      0.78539816      0.1340037405739697
       9.5999349       2.3561945      0.1340037405738546

       9.6500651      0.78539816      0.1374797627593535
       9.6500651       2.3561945      0.1374797627592526

       9.7001953      0.78539816      0.1409472606278096
       9.7001953       2.3561945      0.1409472606277167

       9.7503255      0.78539816      0.1444053161448819
       9.7503255       2.3561945      0.1444053161447827

       9.8004557      0.78539816       0.147853025604136
       9.8004557       2.3561945      0.1478530256040444

       9.8505859      0.78539816      0.1512894999098539
       9.8505859       2.3561945      0.1512894999097771

       9.9007161      0.78539816      0.1547138648422175
       9.9007161       2.3561945      0.1547138648421112

       9.9508464      0.78539816      0.1581252613060943
       9.9508464       2.3561945      0.1581252613059843

       10.000977      0.78539816      0.1615228455639296
       10.000977       2.3561945      0.1615228455638025

       10.051107      0.78539816      0.1649057894516738
       10.051107       2.3561945      0.1649057894515879

       10.101237      0.78539816      0.1682732805794149
       10.101237       2.3561945      0.1682732805793238

       10.151367      0.78539816      0.1716245225160899
       10.151367       2.3561945      0.1716245225160073

       10.201497      0.78539816      0.1749587349584162
       10.201497       2.3561945      0.1749587349583465

       10.251628      0.78539816      0.1782751538847866
       10.251628       2.3561945      0.1782751538847281

       10.301758      0.78539816      0.1815730316946426
       10.301758       2.3561945      0.1815730316945707

       10.351888      0.78539816      0.1848516373325583
       10.351888       2.3561945      0.1848516373324829

       10.402018      0.78539816      0.1881102563985095
       10.402018       2.3561945      0.1881102563984667

       10.452148      0.78539816      0.1913481912442305
       10.452148       2.3561945      0.1913481912442234

       10.502279      0.78539816      0.1945647610550922
       10.502279       2.3561945      0.1945647610550862

       10.552409      0.78539816      0.1977593019189662
       10.552409       2.3561945      0.1977593019189606

       10.602539      0.78539816      0.2009311668823129
       10.602539       2.3561945      0.2009311668823147

       10.652669      0.78539816      0.2040797259930077
       10.652669       2.3561945      0.2040797259929873

       10.702799      0.78539816      0.2072043663308523
       10.702799       2.3561945      0.2072043663308356

        10.75293      0.78539816      0.2103044920263107
        10.75293       2.3561945      0.2103044920263303

        10.80306      0.78539816      0.2133795242669469
        10.80306       2.3561945      0.2133795242669715

        10.85319      0.78539816      0.2164289012923867
        10.85319       2.3561945      0.2164289012924306

        10.90332      0.78539816      0.2194520783786277
        10.90332       2.3561945      0.2194520783786627

       10.953451      0.78539816      0.2224485278111474
       10.953451       2.3561945      0.2224485278111608

       11.003581      0.78539816      0.2254177388477329
       11.003581       2.3561945      0.2254177388477302

       11.053711      0.78539816      0.2283592176713798
       11.053711       2.3561945      0.2283592176713796

       11.103841      0.78539816      0.2312724873329252
       11.103841       2.3561945      0.2312724873329148

       11.153971      0.78539816      0.2341570876844467
       11.153971       2.3561945      0.2341570876844547

       11.204102      0.78539816      0.2370125753037734
       11.204102       2.3561945      0.2370125753037836

       11.254232      0.78539816      0.2398385234098632
       11.254232       2.3561945      0.2398385234098614

       11.304362      0.78539816      0.2426345217698828
       11.304362       2.3561945      0.2426345217698804

       11.354492      0.78539816      0.2454001765984641
       11.354492       2.3561945      0.2454001765984716

       11.404622      0.78539816      0.2481351104484814
       11.404622       2.3561945      0.2481351104484866

       11.454753      0.78539816       0.250838962094742
       11.454753       2.3561945      0.2508389620947509

       11.504883      0.78539816      0.2535113864105523
       11.504883       2.3561945      0.2535113864105519

       11.555013      0.78539816      0.2561520542372632
       11.555013       2.3561945      0.2561520542372099

       11.605143      0.78539816      0.2587606522471622
       11.605143       2.3561945       0.258760652247096

       11.655273      0.78539816      0.2613368828006223
       11.655273       2.3561945      0.2613368828005767

       11.705404      0.78539816      0.2638804637967582
       11.705404       2.3561945      0.2638804637967115

       11.755534      0.78539816      0.2663911285182008
       11.755534       2.3561945      0.2663911285181365

       11.805664      0.78539816       0.268868625471613
       11.805664       2.3561945      0.2688686254715685

       11.855794      0.78539816      0.2713127182262842
       11.855794       2.3561945      0.2713127182262207

       11.905924      0.78539816      0.2737231851957436
       11.905924       2.3561945      0.2737231851956499

       11.956055      0.78539816      0.2760998196653824
       11.956055       2.3561945      0.2760998196652645

       12.006185      0.78539816       0.278442429765567
       12.006185       2.3561945      0.2784424297654679

       12.056315      0.78539816      0.2807508314745911
       12.056315       2.3561945      0.2807508314745009

       12.106445      0.78539816      0.2830248861105071
       12.106445       2.3561945      0.2830248861103918

       12.156576      0.78539816      0.2852644464809498
       12.156576       2.3561945      0.2852644464808438

       12.206706      0.78539816      0.2874688038989368
       12.206706       2.3561945      0.2874688038988638

       12.256836      0.78539816      0.2896407379025356
       12.256836       2.3561945      0.2896407379024268

       12.306966      0.78539816      0.2917762276494624
       12.306966       2.3561945      0.2917762276493346

       12.357096      0.78539816      0.2938484652807467
       12.357096       2.3561945      0.2938484652806341

       12.407227      0.78539816      0.2960260296519306
       12.407227       2.3561945       0.296026029651843

       12.457357      0.78539816      0.2979586934153183
       12.457357       2.3561945       0.297958693415248

       12.507487      0.78539816      0.2994481317387007
       12.507487       2.3561945      0.2994481317386186

       12.557617      0.78539816      0.3030294843584743
       12.557617       2.3561945      0.3030294843583767

       12.607747      0.78539816      0.3024177496480294
       12.607747       2.3561945      0.3024177496479392

       12.657878      0.78539816      0.3038531492990045
       12.657878       2.3561945      0.3038531492989104

       12.708008      0.78539816      0.2138846583002817
       12.708008       2.3561945      0.2138846583002058

       12.758138      0.78539816      0.4157300122835476
       12.758138       2.3561945      0.4157300122835098

       12.808268      0.78539816      0.4767881049439906
       12.808268       2.3561945       0.476788104943985

       12.858398      0.78539816      0.7309029417913203
       12.858398       2.3561945       0.730902941791299

       12.908529      0.78539816      0.6744053185293429
       12.908529       2.3561945      0.6744053185292856

       12.958659      0.78539816      0.4065986547527639
       12.958659       2.3561945      0.4065986547526851

       13.008789      0.78539816      0.2515121692371673
       13.008789       2.3561945      0.2515121692370921

