# File created on Wed Jul  8 11:33:16 2026
# Data for Inflation GW initial data initial data at coord time 0.188986 and central proper time 0.188986
# Evolved with (264,10,9) gridpoints (including 4 ghosts)
# Evolution with geodesic slicing and constant shift shift condition 
# data for phi = 3.14159
#              r           theta                a_rr
#===============================================================
     0.030078125      0.78539816  -8.807931130748772e-06
     0.030078125       2.3561945  -8.807931314295054e-06

     0.090234375      0.78539816  -7.925537548643138e-05
     0.090234375       2.3561945  -7.925537571799403e-05

      0.15039062      0.78539816  -0.0002200649184602975
      0.15039062       2.3561945  -0.0002200649176687956

      0.21054687      0.78539816  -0.0004310659421804178
      0.21054687       2.3561945    -0.00043106594176919

      0.27070312      0.78539816  -0.0007120027120766538
      0.27070312       2.3561945  -0.0007120027122193942

      0.33085938      0.78539816   -0.001062534602692489
      0.33085938       2.3561945   -0.001062534602881063

      0.39101563      0.78539816   -0.001482236401100929
      0.39101563       2.3561945   -0.001482236401260016

      0.45117188      0.78539816   -0.001970598687666089
      0.45117188       2.3561945   -0.001970598687827647

      0.51132813      0.78539816   -0.002527028291750273
      0.51132813       2.3561945   -0.002527028291893801

      0.57148438      0.78539816   -0.003150848823908982
      0.57148438       2.3561945   -0.003150848824030604

      0.63164063      0.78539816   -0.003841301284190423
      0.63164063       2.3561945   -0.003841301284306321

      0.69179687      0.78539816   -0.004597544746890275
      0.69179687       2.3561945   -0.004597544746981578

      0.75195312      0.78539816   -0.005418657121446516
      0.75195312       2.3561945   -0.005418657121533665

      0.81210938      0.78539816   -0.006303635989883265
      0.81210938       2.3561945   -0.006303635989954776

      0.87226563      0.78539816   -0.007251399520677311
      0.87226563       2.3561945   -0.007251399520737052

      0.93242188      0.78539816   -0.008260787458885888
      0.93242188       2.3561945   -0.008260787458916301

      0.99257812      0.78539816   -0.009330562192918643
      0.99257812       2.3561945   -0.009330562192974779

       1.0527344      0.78539816    -0.01045940989763257
       1.0527344       2.3561945    -0.01045940989765823

       1.1128906      0.78539816    -0.01164594175356163
       1.1128906       2.3561945    -0.01164594175358544

       1.1730469      0.78539816     -0.0128886952425971
       1.1730469       2.3561945    -0.01288869524261338

       1.2332031      0.78539816    -0.01418613551948228
       1.2332031       2.3561945    -0.01418613551948053

       1.2933594      0.78539816    -0.01553665685917151
       1.2933594       2.3561945    -0.01553665685917466

       1.3535156      0.78539816    -0.01693858417971333
       1.3535156       2.3561945     -0.0169385841797062

       1.4136719      0.78539816    -0.01839017464018332
       1.4136719       2.3561945    -0.01839017464016435

       1.4738281      0.78539816    -0.01988961931341703
       1.4738281       2.3561945    -0.01988961931339798

       1.5339844      0.78539816     -0.0214350449328541
       1.5339844       2.3561945    -0.02143504493283075

       1.5941406      0.78539816    -0.02302451571300856
       1.5941406       2.3561945    -0.02302451571298325

       1.6542969      0.78539816    -0.02465603524279941
       1.6542969       2.3561945    -0.02465603524277762

       1.7144531      0.78539816    -0.02632754845089169
       1.7144531       2.3561945    -0.02632754845086906

       1.7746094      0.78539816     -0.0280369436422716
       1.7746094       2.3561945    -0.02803694364223523

       1.8347656      0.78539816    -0.02978205460487035
       1.8347656       2.3561945    -0.02978205460483889

       1.8949219      0.78539816    -0.03156066278511373
       1.8949219       2.3561945    -0.03156066278506985

       1.9550781      0.78539816      -0.033370499531214
       1.9550781       2.3561945    -0.03337049953117244

       2.0152344      0.78539816    -0.03520924840270021
       2.0152344       2.3561945    -0.03520924840266745

       2.0753906      0.78539816    -0.03707454754454052
       2.0753906       2.3561945    -0.03707454754450162

       2.1355469      0.78539816       -0.03896399212437
       2.1355469       2.3561945    -0.03896399212435484

       2.1957031      0.78539816    -0.04087513683087691
       2.1957031       2.3561945    -0.04087513683085416

       2.2558594      0.78539816    -0.04280549843125555
       2.2558594       2.3561945    -0.04280549843121779

       2.3160156      0.78539816    -0.04475255838571898
       2.3160156       2.3561945    -0.04475255838566673

       2.3761719      0.78539816    -0.04671376551682012
       2.3761719       2.3561945    -0.04671376551678166

       2.4363281      0.78539816    -0.04868653873089012
       2.4363281       2.3561945    -0.04868653873085818

       2.4964844      0.78539816    -0.05066826978919769
       2.4964844       2.3561945    -0.05066826978916723

       2.5566406      0.78539816    -0.05265632612601482
       2.5566406       2.3561945    -0.05265632612600798

       2.6167969      0.78539816    -0.05464805371059147
       2.6167969       2.3561945     -0.0546480537105692

       2.6769531      0.78539816    -0.05664077994994611
       2.6769531       2.3561945    -0.05664077994992985

       2.7371094      0.78539816    -0.05863181662949319
       2.7371094       2.3561945    -0.05863181662946487

       2.7972656      0.78539816    -0.06061846288759825
       2.7972656       2.3561945    -0.06061846288757927

       2.8574219      0.78539816     -0.0625980082211839
       2.8574219       2.3561945    -0.06259800822116333

       2.9175781      0.78539816    -0.06456773551811344
       2.9175781       2.3561945     -0.0645677355180875

       2.9777344      0.78539816    -0.06652492411283933
       2.9777344       2.3561945    -0.06652492411283339

       3.0378906      0.78539816     -0.0684668528614796
       3.0378906       2.3561945    -0.06846685286146151

       3.0980469      0.78539816    -0.07039080323175323
       3.0980469       2.3561945    -0.07039080323174607

       3.1582031      0.78539816    -0.07229406240414951
       3.1582031       2.3561945    -0.07229406240414661

       3.2183594      0.78539816    -0.07417392637967622
       3.2183594       2.3561945    -0.07417392637965387

       3.2785156      0.78539816    -0.07602770308977184
       3.2785156       2.3561945    -0.07602770308975135

       3.3386719      0.78539816    -0.07785271550406098
       3.3386719       2.3561945    -0.07785271550403988

       3.3988281      0.78539816    -0.07964630473121555
       3.3988281       2.3561945    -0.07964630473119537

       3.4589844      0.78539816    -0.08140583310821368
       3.4589844       2.3561945    -0.08140583310819233

       3.5191406      0.78539816    -0.08312868727337673
       3.5191406       2.3561945    -0.08312868727333042

       3.5792969      0.78539816     -0.0848122812182832
       3.5792969       2.3561945    -0.08481228121824445

       3.6394531      0.78539816    -0.08645405931389859
       3.6394531       2.3561945    -0.08645405931384223

       3.6996094      0.78539816    -0.08805149930584287
       3.6996094       2.3561945    -0.08805149930579971

       3.7597656      0.78539816    -0.08960211527408232
       3.7597656       2.3561945    -0.08960211527401082

       3.8199219      0.78539816    -0.09110346055211666
       3.8199219       2.3561945    -0.09110346055204577

       3.8800781      0.78539816      -0.092553130600879
       3.8800781       2.3561945    -0.09255313060079519

       3.9402344      0.78539816     -0.0939487658323644
       3.9402344       2.3561945     -0.0939487658322679

       4.0003906      0.78539816    -0.09528805437820545
       4.0003906       2.3561945    -0.09528805437809459

       4.0605469      0.78539816    -0.09656873479882773
       4.0605469       2.3561945    -0.09656873479872351

       4.1207031      0.78539816    -0.09778859872779772
       4.1207031       2.3561945    -0.09778859872768342

       4.1808594      0.78539816    -0.09894549344753475
       4.1808594       2.3561945     -0.0989454934474107

       4.2410156      0.78539816     -0.1000373243912975
       4.2410156       2.3561945     -0.1000373243911591

       4.3011719      0.78539816     -0.1010620575674724
       4.3011719       2.3561945      -0.101062057567302

       4.3613281      0.78539816      -0.102017721901578
       4.3613281       2.3561945     -0.1020177219014064

       4.4214844      0.78539816     -0.1029024114921392
       4.4214844       2.3561945     -0.1029024114919849

       4.4816406      0.78539816     -0.1037142877763126
       4.4816406       2.3561945      -0.103714287776152

       4.5417969      0.78539816     -0.1044515816013859
       4.5417969       2.3561945     -0.1044515816012324

       4.6019531      0.78539816     -0.1051125951986922
       4.6019531       2.3561945     -0.1051125951985159

       4.6621094      0.78539816     -0.1056957040563482
       4.6621094       2.3561945     -0.1056957040561483

       4.7222656      0.78539816     -0.1061993586876407
       4.7222656       2.3561945      -0.106199358687428

       4.7824219      0.78539816     -0.1066220862919244
       4.7824219       2.3561945     -0.1066220862917102

       4.8425781      0.78539816     -0.1069624923054564
       4.8425781       2.3561945      -0.106962492305275

       4.9027344      0.78539816     -0.1072192618391762
       4.9027344       2.3561945     -0.1072192618390019

       4.9628906      0.78539816     -0.1073911610014078
       4.9628906       2.3561945     -0.1073911610012426

       5.0230469      0.78539816      -0.107477038103251
       5.0230469       2.3561945     -0.1074770381031039

       5.0832031      0.78539816     -0.1074758247447617
       5.0832031       2.3561945     -0.1074758247445896

       5.1433594      0.78539816     -0.1073865367803476
       5.1433594       2.3561945     -0.1073865367801531

       5.2035156      0.78539816     -0.1072082751620464
       5.2035156       2.3561945     -0.1072082751618851

       5.2636719      0.78539816     -0.1069402266597355
       5.2636719       2.3561945     -0.1069402266595557

       5.3238281      0.78539816     -0.1065816644570164
       5.3238281       2.3561945     -0.1065816644568758

       5.3839844      0.78539816     -0.1061319486229549
       5.3839844       2.3561945     -0.1061319486228386

       5.4441406      0.78539816     -0.1055905264586905
       5.4441406       2.3561945     -0.1055905264585743

       5.5042969      0.78539816     -0.1049569327193094
       5.5042969       2.3561945     -0.1049569327191865

       5.5644531      0.78539816     -0.1042307897114609
       5.5644531       2.3561945     -0.1042307897113108

       5.6246094      0.78539816     -0.1034118072665997
       5.6246094       2.3561945     -0.1034118072664472

       5.6847656      0.78539816     -0.1024997825914188
       5.6847656       2.3561945     -0.1024997825912649

       5.7449219      0.78539816     -0.1014945999961781
       5.7449219       2.3561945     -0.1014945999960228

       5.8050781      0.78539816     -0.1003962305021802
       5.8050781       2.3561945     -0.1003962305020432

       5.8652344      0.78539816    -0.09920473133037815
       5.8652344       2.3561945    -0.09920473133024564

       5.9253906      0.78539816    -0.09792024527268041
       5.9253906       2.3561945    -0.09792024527249794

       5.9855469      0.78539816    -0.09654299994793415
       5.9855469       2.3561945    -0.09654299994779177

       6.0457031      0.78539816    -0.09507330694562838
       6.0457031       2.3561945    -0.09507330694548709

       6.1058594      0.78539816    -0.09351156085875412
       6.1058594       2.3561945    -0.09351156085860825

       6.1660156      0.78539816    -0.09185823820978131
       6.1660156       2.3561945    -0.09185823820963449

       6.2261719      0.78539816     -0.0901138962717202
       6.2261719       2.3561945    -0.09011389627155528

       6.2863281      0.78539816    -0.08827917178831925
       6.2863281       2.3561945    -0.08827917178816796

       6.3464844      0.78539816     -0.0863547795961941
       6.3464844       2.3561945    -0.08635477959606352

       6.4066406      0.78539816    -0.08434151115261537
       6.4066406       2.3561945    -0.08434151115249845

       6.4667969      0.78539816    -0.08224023297275915
       6.4667969       2.3561945    -0.08224023297265055

       6.5269531      0.78539816    -0.08005188498022381
       6.5269531       2.3561945     -0.0800518849801243

       6.5871094      0.78539816    -0.07777747877473945
       6.5871094       2.3561945    -0.07777747877465896

       6.6472656      0.78539816    -0.07541809582135812
       6.6472656       2.3561945    -0.07541809582128414

       6.7074219      0.78539816    -0.07297488556524659
       6.7074219       2.3561945    -0.07297488556516603

       6.7675781      0.78539816    -0.07044906347640167
       6.7675781       2.3561945    -0.07044906347629991

       6.8277344      0.78539816     -0.0678419090289492
       6.8277344       2.3561945    -0.06784190902887367

       6.8878906      0.78539816    -0.06515476361928492
       6.8878906       2.3561945    -0.06515476361924522

       6.9480469      0.78539816    -0.06238902842766306
       6.9480469       2.3561945    -0.06238902842764287

       7.0082031      0.78539816    -0.05954616222798499
       7.0082031       2.3561945    -0.05954616222798295

       7.0683594      0.78539816    -0.05662767915013767
       7.0683594       2.3561945    -0.05662767915013873

       7.1285156      0.78539816    -0.05363514639991086
       7.1285156       2.3561945    -0.05363514639989477

       7.1886719      0.78539816    -0.05057018194097619
       7.1886719       2.3561945    -0.05057018194094669

       7.2488281      0.78539816    -0.04743445214339733
       7.2488281       2.3561945    -0.04743445214340168

       7.3089844      0.78539816    -0.04422966940378271
       7.3089844       2.3561945    -0.04422966940381049

       7.3691406      0.78539816    -0.04095758974117842
       7.3691406       2.3561945    -0.04095758974123628

       7.4292969      0.78539816    -0.03762001037359736
       7.4292969       2.3561945     -0.0376200103736528

       7.4894531      0.78539816    -0.03421876727961405
       7.4894531       2.3561945    -0.03421876727966201

       7.5496094      0.78539816     -0.0307557327493305
       7.5496094       2.3561945    -0.03075573274938464

       7.6097656      0.78539816    -0.02723281292945604
       7.6097656       2.3561945    -0.02723281292949287

       7.6699219      0.78539816    -0.02365194536629119
       7.6699219       2.3561945    -0.02365194536635257

       7.7300781      0.78539816    -0.02001509655125703
       7.7300781       2.3561945    -0.02001509655131535

       7.7902344      0.78539816    -0.01632425947278477
       7.7902344       2.3561945    -0.01632425947287029

       7.8503906      0.78539816    -0.01258145117867205
       7.8503906       2.3561945    -0.01258145117874642

       7.9105469      0.78539816   -0.008788710352505948
       7.9105469       2.3561945   -0.008788710352556942

       7.9707031      0.78539816   -0.004948094908508382
       7.9707031       2.3561945   -0.004948094908562822

       8.0308594      0.78539816    -0.00106167960774093
       8.0308594       2.3561945   -0.001061679607757578

       8.0910156      0.78539816    0.002868446300696514
       8.0910156       2.3561945    0.002868446300678857

       8.1511719      0.78539816    0.006840181409687605
       8.1511719       2.3561945    0.006840181409647483

       8.2113281      0.78539816      0.0108514144528943
       8.2113281       2.3561945       0.010851414452843

       8.2714844      0.78539816     0.01490002656878319
       8.2714844       2.3561945     0.01490002656872747

       8.3316406      0.78539816     0.01898389352730142
       8.3316406       2.3561945     0.01898389352724517

       8.3917969      0.78539816     0.02310088791600596
       8.3917969       2.3561945     0.02310088791595082

       8.4519531      0.78539816     0.02724888128395776
       8.4519531       2.3561945     0.02724888128390383

       8.5121094      0.78539816     0.03142574624012491
       8.5121094       2.3561945     0.03142574624006632

       8.5722656      0.78539816      0.0356293585044972
       8.5722656       2.3561945     0.03562935850444798

       8.6324219      0.78539816     0.03985759890992827
       8.6324219       2.3561945     0.03985759890985466

       8.6925781      0.78539816     0.04410835535240037
       8.6925781       2.3561945     0.04410835535230941

       8.7527344      0.78539816     0.04837952468845533
       8.7527344       2.3561945      0.0483795246883721

       8.8128906      0.78539816     0.05266901457786764
       8.8128906       2.3561945     0.05266901457776764

       8.8730469      0.78539816     0.05697474527015467
       8.8730469       2.3561945     0.05697474527007289

       8.9332031      0.78539816     0.06129465133406511
       8.9332031       2.3561945      0.0612946513340185

       8.9933594      0.78539816     0.06562668332827648
       8.9933594       2.3561945     0.06562668332820114

       9.0535156      0.78539816     0.06996880941284435
       9.0535156       2.3561945      0.0699688094127264

       9.1136719      0.78539816     0.07431901690057062
       9.1136719       2.3561945     0.07431901690045038

       9.1738281      0.78539816      0.0786753137473275
       9.1738281       2.3561945      0.0786753137472249

       9.2339844      0.78539816     0.08303572998113228
       9.2339844       2.3561945     0.08303572998102568

       9.2941406      0.78539816      0.0873983190694282
       9.2941406       2.3561945     0.08739831906936085

       9.3542969      0.78539816     0.09176115922441912
       9.3542969       2.3561945     0.09176115922435422

       9.4144531      0.78539816     0.09612235464619394
       9.4144531       2.3561945     0.09612235464610376

       9.4746094      0.78539816      0.1004800367038238
       9.4746094       2.3561945      0.1004800367037187

       9.5347656      0.78539816      0.1048323650545182
       9.5347656       2.3561945      0.1048323650544051

       9.5949219      0.78539816      0.1091775287010509
       9.5949219       2.3561945      0.1091775287009267

       9.6550781      0.78539816      0.1135137469877874
       9.6550781       2.3561945      0.1135137469876852

       9.7152344      0.78539816      0.1178392705358128
       9.7152344       2.3561945      0.1178392705357194

       9.7753906      0.78539816      0.1221523821177412
       9.7753906       2.3561945      0.1221523821176484

       9.8355469      0.78539816       0.126451397472879
       9.8355469       2.3561945      0.1264513974727894

       9.8957031      0.78539816      0.1307346660632661
       9.8957031       2.3561945      0.1307346660631643

       9.9558594      0.78539816       0.135000571771847
       9.9558594       2.3561945      0.1350005717717321

       10.016016      0.78539816      0.1392475335432638
       10.016016       2.3561945      0.1392475335431591

       10.076172      0.78539816      0.1434740059684341
       10.076172       2.3561945      0.1434740059683553

       10.136328      0.78539816      0.1476784798139696
       10.136328       2.3561945       0.147678479813891

       10.196484      0.78539816      0.1518594824974206
       10.196484       2.3561945      0.1518594824973627

       10.256641      0.78539816      0.1560155785097576
       10.256641       2.3561945      0.1560155785096964

       10.316797      0.78539816       0.160145369785879
       10.316797       2.3561945       0.160145369785808

       10.376953      0.78539816       0.164247496024884
       10.376953       2.3561945      0.1642474960248294

       10.437109      0.78539816       0.168320634961102
       10.437109       2.3561945      0.1683206349610811

       10.497266      0.78539816      0.1723635025873131
       10.497266       2.3561945      0.1723635025873018

       10.557422      0.78539816      0.1763748533313153
       10.557422       2.3561945      0.1763748533312993

       10.617578      0.78539816      0.1803534801877988
       10.617578       2.3561945      0.1803534801877834

       10.677734      0.78539816      0.1842982148063469
       10.677734       2.3561945      0.1842982148063288

       10.737891      0.78539816      0.1882079275370402
       10.737891       2.3561945      0.1882079275370415

       10.798047      0.78539816      0.1920815274357892
       10.798047       2.3561945      0.1920815274358165

       10.858203      0.78539816      0.1959179622298912
       10.858203       2.3561945        0.19591796222993

       10.918359      0.78539816      0.1997162182459658
       10.918359       2.3561945      0.1997162182460023

       10.978516      0.78539816      0.2034753203014781
       10.978516       2.3561945      0.2034753203014809

       11.038672      0.78539816      0.2071943315614623
       11.038672       2.3561945      0.2071943315614614

       11.098828      0.78539816      0.2108723533616312
       11.098828       2.3561945      0.2108723533616176

       11.158984      0.78539816      0.2145085249996401
       11.158984       2.3561945      0.2145085249996422

       11.219141      0.78539816      0.2181020234958036
       11.219141       2.3561945      0.2181020234958123

       11.279297      0.78539816      0.2216520633246717
       11.279297       2.3561945      0.2216520633246674

       11.339453      0.78539816      0.2251578961189988
       11.339453       2.3561945      0.2251578961190033

       11.399609      0.78539816      0.2286188103473776
       11.399609       2.3561945      0.2286188103473966

       11.459766      0.78539816      0.2320341309671671
       11.459766       2.3561945      0.2320341309671775

       11.519922      0.78539816      0.2354032190535972
       11.519922       2.3561945      0.2354032190535547

       11.580078      0.78539816      0.2387254714069498
       11.580078       2.3561945      0.2387254714068888

       11.640234      0.78539816      0.2420003201388307
       11.640234       2.3561945      0.2420003201387931

       11.700391      0.78539816      0.2452272322388803
       11.700391       2.3561945      0.2452272322388212

       11.760547      0.78539816      0.2484057091229943
       11.760547       2.3561945      0.2484057091229181

       11.820703      0.78539816      0.2515352861646403
       11.820703       2.3561945      0.2515352861646085

       11.880859      0.78539816      0.2546155322103846
       11.880859       2.3561945      0.2546155322103317

       11.941016      0.78539816      0.2576460490804354
       11.941016       2.3561945      0.2576460490803123

       12.001172      0.78539816      0.2606264710555443
       12.001172       2.3561945      0.2606264710554589

       12.061328      0.78539816      0.2635564643521656
       12.061328       2.3561945      0.2635564643520891

       12.121484      0.78539816      0.2664357265852591
       12.121484       2.3561945      0.2664357265851504

       12.181641      0.78539816       0.269263986221162
       12.181641       2.3561945      0.2692639862210646

       12.241797      0.78539816      0.2720410020213463
       12.241797       2.3561945      0.2720410020212647

       12.301953      0.78539816      0.2747665624773588
       12.301953       2.3561945      0.2747665624772366

       12.362109      0.78539816      0.2774404852383902
       12.362109       2.3561945      0.2774404852382776

       12.422266      0.78539816      0.2800626165325982
       12.422266       2.3561945       0.280062616532522

       12.482422      0.78539816      0.2826328305824362
       12.482422       2.3561945      0.2826328305823593

       12.542578      0.78539816      0.2851510290151449
       12.542578       2.3561945      0.2851510290150467

       12.602734      0.78539816      0.2876171402692378
       12.602734       2.3561945      0.2876171402691614

       12.662891      0.78539816      0.2900311189977925
       12.662891       2.3561945      0.2900311189977161

       12.723047      0.78539816      0.2923929454690377
       12.723047       2.3561945      0.2923929454689552

       12.783203      0.78539816      0.2947026249650441
       12.783203       2.3561945      0.2947026249650024

       12.843359      0.78539816      0.2969601871794563
       12.843359       2.3561945      0.2969601871794138

       12.903516      0.78539816      0.2991656856142937
       12.903516       2.3561945       0.299165685614228

       12.963672      0.78539816      0.3013191969770852
       12.963672       2.3561945      0.3013191969770241

       13.023828      0.78539816      0.3034208205784447
       13.023828       2.3561945       0.303420820578421

       13.083984      0.78539816      0.3054706777309977
       13.083984       2.3561945       0.305470677730957

       13.144141      0.78539816      0.3074689111496077
       13.144141       2.3561945      0.3074689111495887

       13.204297      0.78539816      0.3094156843541924
       13.204297       2.3561945      0.3094156843541704

       13.264453      0.78539816      0.3113111810747641
       13.264453       2.3561945      0.3113111810747053

       13.324609      0.78539816      0.3131556046598226
       13.324609       2.3561945      0.3131556046597567

       13.384766      0.78539816      0.3149491774878526
       13.384766       2.3561945      0.3149491774878497

       13.444922      0.78539816      0.3166921403830842
       13.444922       2.3561945      0.3166921403830724

       13.505078      0.78539816      0.3183847520350001
       13.505078       2.3561945      0.3183847520349615

       13.565234      0.78539816      0.3200272884225137
       13.565234       2.3561945      0.3200272884224675

       13.625391      0.78539816      0.3216200422433485
       13.625391       2.3561945       0.321620042243309

       13.685547      0.78539816      0.3231633223472263
       13.685547       2.3561945      0.3231633223471624

       13.745703      0.78539816      0.3246574531779952
       13.745703       2.3561945       0.324657453177958

       13.805859      0.78539816      0.3261027742117537
       13.805859       2.3561945      0.3261027742117239

       13.866016      0.78539816      0.3274996394265656
       13.866016       2.3561945      0.3274996394265013

       13.926172      0.78539816      0.3288484167098288
       13.926172       2.3561945      0.3288484167097404

       13.986328      0.78539816      0.3301494874534137
       13.986328       2.3561945      0.3301494874533628

       14.046484      0.78539816      0.3314032456754617
       14.046484       2.3561945      0.3314032456754675

       14.106641      0.78539816      0.3326100984119982
       14.106641       2.3561945      0.3326100984119727

       14.166797      0.78539816      0.3337704627988142
       14.166797       2.3561945      0.3337704627987773

       14.226953      0.78539816      0.3348847718940078
       14.226953       2.3561945      0.3348847718939904

       14.287109      0.78539816      0.3359534572719559
       14.287109       2.3561945      0.3359534572719345

       14.347266      0.78539816      0.3369769929631495
       14.347266       2.3561945      0.3369769929631395

       14.407422      0.78539816      0.3379557915126283
       14.407422       2.3561945      0.3379557915126458

       14.467578      0.78539816      0.3388903813900497
       14.467578       2.3561945      0.3388903813900471

       14.527734      0.78539816      0.3397810833564625
       14.527734       2.3561945      0.3397810833564329

       14.587891      0.78539816      0.3406308747578252
       14.587891       2.3561945      0.3406308747577887

       14.648047      0.78539816      0.3414221789826301
       14.648047       2.3561945      0.3414221789826262

       14.708203      0.78539816      0.3422058589920149
       14.708203       2.3561945       0.342205858992032

       14.768359      0.78539816      0.3431357919279743
       14.768359       2.3561945      0.3431357919279679

       14.828516      0.78539816      0.3421729315523903
       14.828516       2.3561945      0.3421729315523449

       14.888672      0.78539816       0.345747417295044
       14.888672       2.3561945      0.3457474172950473

       14.948828      0.78539816      0.6253662879760959
       14.948828       2.3561945       0.625366287975808

       15.008984      0.78539816       -1.27065740432737
       15.008984       2.3561945      -1.270657404326235

       15.069141      0.78539816       732.5482599829406
       15.069141       2.3561945       732.5482599813961

       15.129297      0.78539816   1.870457509136353e+65
       15.129297       2.3561945   1.870457509079589e+65

       15.189453      0.78539816                    -nan
       15.189453       2.3561945                    -nan

       15.249609      0.78539816   2.518082067145323e+70
       15.249609       2.3561945 -3.099504677557784e+120

       15.309766      0.78539816  -3.691951422484486e+68
       15.309766       2.3561945  8.878065172898483e+119

       15.369922      0.78539816 -1.769447433193155e+143
       15.369922       2.3561945 -1.769447433089236e+143

       15.430078      0.78539816                    -nan
       15.430078       2.3561945                    -nan

       15.490234      0.78539816      -8244596.451913178
       15.490234       2.3561945      -8244596.451894477

       15.550391      0.78539816      -1096.904468578189
       15.550391       2.3561945      -1096.904468577778

       15.610547      0.78539816       119.4835037072382
       15.610547       2.3561945       119.4835037071989

