# File created on Wed Jul  8 11:31:17 2026
# ======================================== 
# = Running code assuming AXISYMMETRY    = 
# ======================================== 
# Data for Inflation GW initial data initial data at coord. time 1.12447 and proper central time 1.12447
# Evolved with (264,10,9) gridpoints (including 4 ghosts)
# Evolution with geodesic slicing and constant shift
# using eighth-order spatial differencing with 4 ghost zones 
# data 1 at theta = 0 and phi = 3.14159
# data 2 at theta = 1.5708 and phi = 3.14159
#                      r                    a_rr                    a_rr
#                               (     0,3.14159)        (1.5708,3.14159)
#========================================================================
     -0.1754557291666667   -0.000547842567811921  -0.0005478425677996693
     -0.1253255208333333  -0.0002892035321086793   -0.000289203532113274
           -0.0751953125  -8.661525902138396e-05  -8.661525902543121e-05
    -0.02506510416666667  -9.073132054826436e-07  -9.073131941411383e-07
     0.02506510416666667  -9.073131827996331e-07  -9.073131941411383e-07
            0.0751953125  -8.661525902947847e-05  -8.661525902543121e-05
      0.1253255208333333  -0.0002892035321178687   -0.000289203532113274
      0.1754557291666667  -0.0005478425677874178  -0.0005478425677996695
            0.2255859375  -0.0009152508918590522  -0.0009152508918547795
      0.2757161458333334   -0.001362347566047901   -0.001362347566036224
      0.3258463541666667    -0.00190744330698394    -0.00190744330698753
            0.3759765625    -0.00253774173071112   -0.002537741730709891
      0.4261067708333334   -0.003263859167684621   -0.003263859167669404
      0.4762369791666667   -0.004077796970864178   -0.004077796970860482
            0.5263671875   -0.004984562694209574   -0.004984562694194505
      0.5764973958333334   -0.005985040258144971   -0.005985040258143564
      0.6266276041666667   -0.007069869943277899   -0.007069869943267942
            0.6767578125   -0.008258091512666599    -0.00825809151265139
      0.7268880208333334   -0.009522056112193866   -0.009522056112174769
      0.7770182291666667    -0.01088174486941938    -0.01088174486940683
            0.8271484375    -0.01233792015645243    -0.01233792015643624
      0.8772786458333334    -0.01381937367475452    -0.01381937367471934
      0.9274088541666667    -0.01537090831274347    -0.01537090831268369
            0.9775390625    -0.01710461462123643    -0.01710461462118869
       1.027669270833333    -0.01902603011462458    -0.01902603011459299
       1.077799479166667    -0.02108164183547426    -0.02108164183546538
            1.1279296875    -0.02324968614832765    -0.02324968614830162
       1.178059895833333    -0.02552997359457642    -0.02552997359455567
       1.228190104166667    -0.02792095420441509    -0.02792095420440529
            1.2783203125    -0.03042110552826373    -0.03042110552824503
       1.328450520833333    -0.03303091271702287    -0.03303091271700592
       1.378580729166667    -0.03575145485697619    -0.03575145485695539
            1.4287109375    -0.03858399229844496    -0.03858399229844162
       1.478841145833333    -0.04153004361877139     -0.0415300436187562
       1.528971354166667     -0.0445912978722159    -0.04459129787220334
            1.5791015625    -0.04776954721830344     -0.0477695472182829
       1.629231770833333    -0.05106666525621799    -0.05106666525620631
       1.679361979166667    -0.05448458920472069    -0.05448458920470182
            1.7294921875    -0.05802530641858591    -0.05802530641858471
       1.779622395833333    -0.06169084609957545    -0.06169084609956817
       1.829752604166667    -0.06548327343091581    -0.06548327343090712
            1.8798828125    -0.06940468517449133    -0.06940468517447762
       1.930013020833333    -0.07345720626597096    -0.07345720626596935
       1.980143229166667    -0.07764298697209671    -0.07764298697208694
            2.0302734375    -0.08196420033796714    -0.08196420033796782
       2.080403645833333    -0.08642303975068971    -0.08642303975066823
       2.130533854166667    -0.09102171649661787    -0.09102171649660071
            2.1806640625    -0.09576245722999052    -0.09576245722998948
       2.230794270833333     -0.1006475012944161     -0.1006475012944044
       2.280924479166667     -0.1056790978573527     -0.1056790978573404
            2.3310546875     -0.1108595028288794     -0.1108595028288571
       2.381184895833333      -0.116190975543079     -0.1161909755430818
       2.431315104166667     -0.1216757751866013     -0.1216757751865834
            2.4814453125     -0.1273161569617361     -0.1273161569617146
       2.531575520833333     -0.1331143679743885     -0.1331143679743693
       2.581705729166667      -0.139072642838102     -0.1390726428380919
            2.6318359375      -0.145193198987789     -0.1451931989877703
       2.681966145833333      -0.151478231696147     -0.1514782316961264
       2.732096354166667      -0.157929908787383     -0.1579299087873595
            2.7822265625     -0.1645503650434018      -0.164550365043367
       2.832356770833333     -0.1713416962973473     -0.1713416962973075
       2.882486979166667     -0.1783059532106674     -0.1783059532106384
            2.9326171875      -0.185445134730533     -0.1854451347305147
       2.982747395833333     -0.1927611812239738     -0.1927611812239363
       3.032877604166667     -0.2002559672872443      -0.200255967287201
            3.0830078125     -0.2079312942289994     -0.2079312942289697
       3.133138020833333     -0.2157888822261275     -0.2157888822260842
       3.183268229166667     -0.2238303621532084     -0.2238303621531798
            3.2333984375     -0.2320572670875174     -0.2320572670874659
       3.283528645833333     -0.2404710234917824     -0.2404710234917384
       3.333658854166667     -0.2490729420795149     -0.2490729420794758
            3.3837890625     -0.2578642083683932     -0.2578642083683551
       3.433919270833333     -0.2668458729289225     -0.2668458729288831
       3.484049479166667     -0.2760188413374239     -0.2760188413373592
            3.5341796875     -0.2853838638445596     -0.2853838638444945
       3.584309895833333     -0.2949415247722836     -0.2949415247722167
       3.634440104166667     -0.3046922316541429     -0.3046922316540751
            3.6845703125     -0.3146362041363183     -0.3146362041362519
       3.734700520833333     -0.3247734626590336     -0.3247734626589829
       3.784830729166667     -0.3351038169405258     -0.3351038169404776
            3.8349609375      -0.345626854287988     -0.3456268542879286
       3.885091145833333     -0.3563419277636007     -0.3563419277635367
       3.935221354166667     -0.3672481442352335     -0.3672481442351705
            3.9853515625     -0.3783443523451555     -0.3783443523450746
       4.035481770833334      -0.389629130432372     -0.3896291304322915
       4.085611979166667      -0.401100774447727     -0.4011007744476387
            4.1357421875     -0.4127572859035013     -0.4127572859034342
       4.185872395833334     -0.4245963599026449     -0.4245963599025907
       4.236002604166667     -0.4366153732956335     -0.4366153732955744
            4.2861328125     -0.4488113730155657     -0.4488113730155168
       4.336263020833334     -0.4611810646455158     -0.4611810646454692
       4.386393229166667     -0.4737208012748559     -0.4737208012747911
            4.4365234375     -0.4864265727037952      -0.486426572703727
       4.486653645833334     -0.4992939950588774     -0.4992939950588194
       4.536783854166667      -0.512318300883579     -0.5123183008835113
            4.5869140625     -0.5254943297710486     -0.5254943297709942
       4.637044270833334     -0.5388165196081206     -0.5388165196080376
       4.687174479166667     -0.5522788985003091     -0.5522788985002434
            4.7373046875     -0.5658750774517378     -0.5658750774516867
       4.787434895833334     -0.5795982438718216     -0.5795982438717382
       4.837565104166667      -0.593441155984116      -0.593441155984006
            4.8876953125      -0.607396138211547     -0.6073961382114343
       4.937825520833334     -0.6214550776123053     -0.6214550776122132
       4.987955729166667      -0.635609421440648     -0.6356094214405608
            5.0380859375     -0.6498501759056395      -0.649850175905518
       5.088216145833334     -0.6641679061994554     -0.6641679061993079
       5.138346354166667      -0.678552737865184     -0.6785527378650356
            5.1884765625     -0.6929943595699213     -0.6929943595698004
       5.238606770833334     -0.7074820273472184     -0.7074820273471147
       5.288736979166667     -0.7220045703676088     -0.7220045703675158
            5.3388671875     -0.7365503982927006     -0.7365503982925796
       5.388997395833334     -0.7511075102624727     -0.7511075102623395
       5.439127604166667      -0.765663505560003     -0.7656635055598628
            5.4892578125     -0.7802055959899185     -0.7802055959897862
       5.539388020833334     -0.7947206200015228     -0.7947206200014121
       5.589518229166667     -0.8091950585782733     -0.8091950585781571
            5.6396484375     -0.8236150529077416      -0.823615052907599
       5.689778645833334     -0.8379664238378435     -0.8379664238377201
       5.739908854166667      -0.852234693114805     -0.8522346931146827
            5.7900390625     -0.8664051063872301     -0.8664051063871026
       5.840169270833334     -0.8804626579536033     -0.8804626579534436
       5.890299479166667     -0.8943921172160207     -0.8943921172158771
            5.9404296875     -0.9081780567949135     -0.9081780567947741
       5.990559895833334     -0.9218048822470595     -0.9218048822469423
       6.040690104166667     -0.9352568633183035     -0.9352568633181948
            6.0908203125     -0.9485181666500303     -0.9485181666499265
       6.140950520833334     -0.9615728898490897     -0.9615728898490038
       6.191080729166667     -0.9744050968166769      -0.974405096816619
            6.2412109375     -0.9869988542245336     -0.9869988542244699
       6.291341145833334     -0.9993382690136552     -0.9993382690135844
       6.341471354166667      -1.011407526781642      -1.011407526781591
            6.3916015625      -1.023190930915303       -1.02319093091524
       6.441731770833334      -1.034672942315857      -1.034672942315792
       6.491861979166667      -1.045838219556413       -1.04583821955637
            6.5419921875      -1.056671659304472      -1.056671659304445
       6.592122395833334      -1.067158436836281      -1.067158436836316
       6.642252604166667      -1.077284046464199      -1.077284046464225
            6.6923828125      -1.087034341693627      -1.087034341693585
       6.742513020833334      -1.096395574925558      -1.096395574925517
       6.792643229166667      -1.105354436516053      -1.105354436516039
            6.8427734375      -1.113898093007123      -1.113898093007075
       6.892903645833334      -1.122014224342277      -1.122014224342256
       6.943033854166667      -1.129691059883626      -1.129691059883585
            6.9931640625      -1.136917413050525      -1.136917413050461
       7.043294270833334      -1.143682714405695      -1.143682714405663
       7.093424479166667      -1.149977043020276      -1.149977043020266
            7.1435546875      -1.155791155958751      -1.155791155958722
       7.193684895833334      -1.161116515732321      -1.161116515732273
       7.243815104166667      -1.165945315580312      -1.165945315580195
            7.2939453125      -1.170270502449814       -1.17027050244972
       7.344075520833334      -1.174085797557751      -1.174085797557703
       7.394205729166667       -1.17738571442995      -1.177385714429908
            7.4443359375       -1.18016557432957      -1.180165574329534
       7.494466145833334      -1.182421519000216      -1.182421519000194
       7.544596354166667      -1.184150520663009      -1.184150520662991
            7.5947265625      -1.185350389225565        -1.1853503892256
       7.644856770833334      -1.186019776674367      -1.186019776674443
       7.694986979166667      -1.186158178639392      -1.186158178639456
            7.7451171875      -1.185765933136793      -1.185765933136844
       7.795247395833334      -1.184844216510243      -1.184844216510288
       7.845377604166667      -1.183395036606941      -1.183395036607023
            7.8955078125      -1.181421223241649      -1.181421223241678
       7.945638020833334      -1.178926416013911      -1.178926416013918
       7.995768229166667      -1.175915049561619      -1.175915049561647
            8.0458984375      -1.172392336344722      -1.172392336344747
       8.096028645833334      -1.168364247065415      -1.168364247065424
       8.146158854166668      -1.163837488844808       -1.16383748884484
            8.1962890625      -1.158819481284038      -1.158819481284118
       8.246419270833334      -1.153318330548121      -1.153318330548243
       8.296549479166668       -1.14734280162076      -1.147342801620852
            8.3466796875      -1.140902288883369      -1.140902288883488
       8.396809895833334      -1.134006785177821      -1.134006785177929
       8.446940104166668       -1.12666684951709      -1.126666849517177
            8.4970703125      -1.118893573611596      -1.118893573611694
       8.547200520833334      -1.110698547380354      -1.110698547380455
       8.597330729166668       -1.10209382361802      -1.102093823618135
            8.6474609375      -1.093091881988734      -1.093091881988823
       8.697591145833334      -1.083705592514068      -1.083705592514145
       8.747721354166668      -1.073948178722498      -1.073948178722607
            8.7978515625       -1.06383318062275      -1.063833180622878
       8.847981770833334       -1.05337441765822      -1.053374417658311
       8.898111979166668      -1.042585951796983      -1.042585951797063
            8.9482421875      -1.031482050904111      -1.031482050904203
       8.998372395833334      -1.020077152535081      -1.020077152535195
       9.048502604166668      -1.008385828283244      -1.008385828283394
            9.0986328125     -0.9964227488053176     -0.9964227488054487
       9.148763020833334     -0.9842026496408629     -0.9842026496409741
       9.198893229166668     -0.9717402979333939     -0.9717402979334502
            9.2490234375      -0.959050460150479     -0.9590504601504983
       9.299153645833334     -0.9461478708924039     -0.9461478708924136
       9.349283854166668     -0.9330472028671826      -0.933047202867189
            9.3994140625     -0.9197630381027696     -0.9197630381027584
       9.449544270833334     -0.9063098404566686     -0.9063098404566852
       9.499674479166668     -0.8927019294742121     -0.8927019294742173
            9.5498046875     -0.8789534556377057     -0.8789534556376927
       9.599934895833334     -0.8650783770401979     -0.8650783770401911
       9.650065104166668     -0.8510904375078604     -0.8510904375079031
            9.7001953125      -0.837003146187178     -0.8370031461872266
       9.750325520833334     -0.8228297586064236     -0.8228297586065156
       9.800455729166668     -0.8085832592122597      -0.808583259212295
            9.8505859375     -0.7942763453751138     -0.7942763453751096
       9.900716145833334     -0.7799214128523807     -0.7799214128524278
       9.950846354166668      -0.765530542689132     -0.7655305426891643
           10.0009765625     -0.7511154895324746       -0.75111548953247
       10.05110677083333     -0.7366876713314442     -0.7366876713314652
       10.10123697916667     -0.7222581603872066     -0.7222581603872373
           10.1513671875     -0.7078376757159348     -0.7078376757159683
       10.20149739583333     -0.6934365766830854     -0.6934365766830806
       10.25162760416667     -0.6790648578631995      -0.679064857863212
           10.3017578125     -0.6647321450783223      -0.664732145078367
       10.35188802083333     -0.6504476925648257     -0.6504476925648881
       10.40201822916667     -0.6362203812166544     -0.6362203812166927
           10.4521484375     -0.6220587178518733     -0.6220587178518893
       10.50227864583333     -0.6079708354424082     -0.6079708354424453
       10.55240885416667     -0.5939644942837005     -0.5939644942837591
           10.6025390625     -0.5800470839996595     -0.5800470839997414
       10.65266927083333     -0.5662256261425261     -0.5662256261425697
       10.70279947916667     -0.5525067784223068     -0.5525067784223734
           10.7529296875     -0.5388968391585657     -0.5388968391586564
       10.80305989583333     -0.5254017449081956     -0.5254017449082455
       10.85319010416667     -0.5120270939375904     -0.5120270939376617
           10.9033203125     -0.4987781728809185     -0.4987781728810018
       10.95345052083333      -0.485659747222777     -0.4856597472228519
       11.00358072916667      -0.472676412241854     -0.4726764122419262
           11.0537109375     -0.4598336370254434     -0.4598336370255034
       11.10384114583333      -0.447132658569551     -0.4471326585696179
       11.15397135416667     -0.4345730214457826     -0.4345730214458581
           11.2041015625     -0.4221864309038388     -0.4221864309038734
       11.25423177083333     -0.4099552447096912     -0.4099552447097449
       11.30436197916667     -0.3977162040148523     -0.3977162040149618
           11.3544921875     -0.3858544584702251     -0.3858544584702983
       11.40462239583333     -0.3748912572531706     -0.3748912572532055
       11.45475260416667     -0.3619023862691022     -0.3619023862691472
           11.5048828125     -0.3472800619520285     -0.3472800619520983
       11.55501302083333     -0.3479757126710243     -0.3479757126710659
       11.60514322916667     -0.3596897171490788     -0.3596897171490868
           11.6552734375     -0.3359655577271142     -0.3359655577271614
       11.70540364583333     -0.3376809285507322     -0.3376809285506708
       11.75553385416667     -0.5250131633159594     -0.5250131633157439
           11.8056640625     -0.7982407727388645     -0.7982407727386902
       11.85579427083333     -0.9511536940773084      -0.951153694077284
       11.90592447916667      -1.040113872935962      -1.040113872935915
           11.9560546875      -1.189898116973041      -1.189898116972957
       12.00618489583333      -1.401630520484342      -1.401630520484266
       12.05631510416667      -1.619943356422795      -1.619943356422778
           12.1064453125      -1.850706248746333        -1.8507062487463
       12.15657552083333      -2.147441395748014      -2.147441395747955
       12.20670572916667      -2.549389429297747      -2.549389429297638
           12.2568359375      -3.076043477805067      -3.076043477804987
       12.30696614583333      -3.775346084315988      -3.775346084315971
       12.35709635416667      -4.738801836219828      -4.738801836219713
           12.4072265625      -6.176933560477457      -6.176933560477353
       12.45735677083333      -8.323568526221749      -8.323568526221866
       12.50748697916667      -12.00590630488994      -12.00590630489017
           12.5576171875      -18.14930118231237      -18.14930118231267
       12.60774739583333      -21.39375924219368      -21.39375924215994
       12.65787760416667      -59.53185025804746      -59.53185025793318
           12.7080078125       1761.706870276971       1761.706870286361
       12.75813802083333       3579.698480450472       3579.698480468789
       12.80826822916667       23797939.82872307       23797939.82953364
           12.8583984375      -68313.26231660225      -68313.26231679998
       12.90852864583333       6926.091010836853       6926.091010864782
       12.95865885416667                    -nan                    -nan
           13.0087890625        116.928503796861       116.9285037969024
