# File created on Wed Jul  8 11:31:11 2026
# Data for Inflation GW initial data initial data at coord time 0.0377973 and central proper time 0.0377973
# Evolved with (264,10,9) gridpoints (including 4 ghosts)
# Evolution with geodesic slicing and constant shift shift condition 
# data for phi = 3.14159
#              r           theta                a_rr
#===============================================================
     0.030078125      0.78539816  -6.222710233247576e-07
     0.030078125       2.3561945  -6.222717994578535e-07

     0.090234375      0.78539816  -5.593644034665346e-06
     0.090234375       2.3561945  -5.593645370518079e-06

      0.15039062      0.78539816  -1.550014583738066e-05
      0.15039062       2.3561945  -1.550014680954556e-05

      0.21054687      0.78539816  -3.026933913517883e-05
      0.21054687       2.3561945  -3.026933978861438e-05

      0.27070312      0.78539816  -4.979270128523429e-05
      0.27070312       2.3561945  -4.979270179413555e-05

      0.33085938      0.78539816  -7.392578295415409e-05
      0.33085938       2.3561945  -7.392578335508996e-05

      0.39101563      0.78539816  -0.0001024884194178007
      0.39101563       2.3561945  -0.0001024884197399154

      0.45117188      0.78539816  -0.0001352649943344051
      0.45117188       2.3561945  -0.0001352649945986698

      0.51132813      0.78539816  -0.0001720047552332579
      0.51132813       2.3561945  -0.0001720047554539138

      0.57148438      0.78539816  -0.0002124221802527003
      0.57148438       2.3561945  -0.0002124221804372939

      0.63164063      0.78539816  -0.0002561973955287107
      0.63164063       2.3561945  -0.0002561973956837932

      0.69179687      0.78539816  -0.0003029766425108367
      0.69179687       2.3561945  -0.0003029766426396108

      0.75195312      0.78539816  -0.0003523727944879054
      0.75195312       2.3561945  -0.0003523727945978063

      0.81210938      0.78539816  -0.0004039659214165597
      0.81210938       2.3561945  -0.0004039659215091664

      0.87226563      0.78539816   -0.000457303902165967
      0.87226563       2.3561945  -0.0004573039022480804

      0.93242188      0.78539816  -0.0005119030831125909
      0.93242188       2.3561945  -0.0005119030831807317

      0.99257812      0.78539816  -0.0005672489820831465
      0.99257812       2.3561945  -0.0005672489821368604

       1.0527344      0.78539816  -0.0006227970364024374
       1.0527344       2.3561945  -0.0006227970364427487

       1.1128906      0.78539816  -0.0006779733939317975
       1.1128906       2.3561945    -0.00067797339396229

       1.1730469      0.78539816  -0.0007321757456910077
       1.1730469       2.3561945  -0.0007321757457137906

       1.2332031      0.78539816  -0.0007847741988035416
       1.2332031       2.3561945  -0.0007847741988223114

       1.2933594      0.78539816  -0.0008351121883138961
       1.2933594       2.3561945  -0.0008351121883187255

       1.3535156      0.78539816  -0.0008825074263967328
       1.3535156       2.3561945  -0.0008825074263927745

       1.4136719      0.78539816  -0.0009262528874543968
       1.4136719       2.3561945  -0.0009262528874435041

       1.4738281      0.78539816  -0.0009656178275097454
       1.4738281       2.3561945  -0.0009656178274895909

       1.5339844      0.78539816  -0.0009998488362602737
       1.5339844       2.3561945  -0.0009998488362310213

       1.5941406      0.78539816   -0.001028170920173169
       1.5941406       2.3561945   -0.001028170920138961

       1.6542969      0.78539816   -0.001049788614796051
       1.6542969       2.3561945   -0.001049788614757053

       1.7144531      0.78539816   -0.001063887124662176
       1.7144531       2.3561945   -0.001063887124624009

       1.7746094      0.78539816   -0.001069633488881957
       1.7746094       2.3561945   -0.001069633488845899

       1.8347656      0.78539816   -0.001066177770718135
       1.8347656       2.3561945   -0.001066177770690826

       1.8949219      0.78539816    -0.00105265426918716
       1.8949219       2.3561945   -0.001052654269158612

       1.9550781      0.78539816   -0.001028182750861836
       1.9550781       2.3561945   -0.001028182750837867

       2.0152344      0.78539816  -0.0009918697000086594
       2.0152344       2.3561945  -0.0009918696999801344

       2.0753906      0.78539816  -0.0009428095850888712
       2.0753906       2.3561945  -0.0009428095850452727

       2.1355469      0.78539816  -0.0008800861397791125
       2.1355469       2.3561945  -0.0008800861397323349

       2.1957031      0.78539816  -0.0008027736564529479
       2.1957031       2.3561945  -0.0008027736564117313

       2.2558594      0.78539816  -0.0007099382903544956
       2.2558594       2.3561945  -0.0007099382903200353

       2.3160156      0.78539816  -0.0006006393723256356
       2.3160156       2.3561945  -0.0006006393722961964

       2.3761719      0.78539816  -0.0004739307282942307
       2.3761719       2.3561945  -0.0004739307282771266

       2.4363281      0.78539816  -0.0003288620035185964
       2.4363281       2.3561945  -0.0003288620034911482

       2.4964844      0.78539816  -0.0001644799896421317
       2.4964844       2.3561945  -0.0001644799896002283

       2.5566406      0.78539816   2.017004731588751e-05
       2.5566406       2.3561945   2.017004736081186e-05

       2.6167969      0.78539816   0.0002260430399869736
       2.6167969       2.3561945   0.0002260430400190098

       2.6769531      0.78539816   0.0004540927955701001
       2.6769531       2.3561945   0.0004540927955880369

       2.7371094      0.78539816    0.000705270676479555
       2.7371094       2.3561945   0.0007052706764892547

       2.7972656      0.78539816   0.0009805242876754542
       2.7972656       2.3561945   0.0009805242876787751

       2.8574219      0.78539816    0.001280796172384373
       2.8574219       2.3561945    0.001280796172386766

       2.9175781      0.78539816    0.001607022518052572
       2.9175781       2.3561945    0.001607022518057702

       2.9777344      0.78539816    0.001960131874287249
       2.9777344       2.3561945    0.001960131874296192

       3.0378906      0.78539816    0.002341043884523254
       3.0378906       2.3561945    0.002341043884543808

       3.0980469      0.78539816    0.002750668033114416
       3.0980469       2.3561945    0.002750668033136626

       3.1582031      0.78539816    0.003189902409463395
       3.1582031       2.3561945    0.003189902409488814

       3.2183594      0.78539816    0.003659632490793823
       3.2183594       2.3561945    0.003659632490816738

       3.2785156      0.78539816    0.004160729945205382
       3.2785156       2.3561945    0.004160729945218911

       3.3386719      0.78539816    0.004694051456450352
       3.3386719       2.3561945    0.004694051456460887

       3.3988281      0.78539816    0.005260437571982959
       3.3988281       2.3561945    0.005260437571991653

       3.4589844      0.78539816    0.005860711575573094
       3.4589844       2.3561945    0.005860711575588329

       3.5191406      0.78539816    0.006495678385979522
       3.5191406       2.3561945    0.006495678386000357

       3.5792969      0.78539816    0.007166123482943651
       3.5792969       2.3561945    0.007166123482969125

       3.6394531      0.78539816    0.007872811861768424
       3.6394531       2.3561945    0.007872811861804706

       3.6996094      0.78539816    0.008616487017675178
       3.6996094       2.3561945    0.008616487017732591

       3.7597656      0.78539816    0.009397869961160786
       3.7597656       2.3561945    0.009397869961236333

       3.8199219      0.78539816     0.01021765826527952
       3.8199219       2.3561945      0.0102176582653568

       3.8800781      0.78539816     0.01107652514605296
       3.8800781       2.3561945     0.01107652514613734

       3.9402344      0.78539816      0.0119751185768879
       3.9402344       2.3561945     0.01197511857698666

       4.0003906      0.78539816     0.01291406043791305
       4.0003906       2.3561945     0.01291406043802155

       4.0605469      0.78539816     0.01389394570109646
       4.0605469       2.3561945      0.0138939457012154

       4.1207031      0.78539816     0.01491534165190844
       4.1207031       2.3561945     0.01491534165203041

       4.1808594      0.78539816      0.0159787871482372
       4.1808594       2.3561945     0.01597878714836609

       4.2410156      0.78539816     0.01708479191730403
       4.2410156       2.3561945     0.01708479191743905

       4.3011719      0.78539816     0.01823383589102888
       4.3011719       2.3561945     0.01823383589116282

       4.3613281      0.78539816     0.01942636858043715
       4.3613281       2.3561945     0.01942636858058162

       4.4214844      0.78539816     0.02066280848966535
       4.4214844       2.3561945     0.02066280848983107

       4.4816406      0.78539816     0.02194354256981642
       4.4816406       2.3561945     0.02194354257001678

       4.5417969      0.78539816     0.02326892571309766
       4.5417969       2.3561945     0.02326892571330415

       4.6019531      0.78539816     0.02463928028746508
       4.6019531       2.3561945     0.02463928028765775

       4.6621094      0.78539816     0.02605489571204271
       4.6621094       2.3561945      0.0260548957122218

       4.7222656      0.78539816     0.02751602807346757
       4.7222656       2.3561945     0.02751602807365042

       4.7824219      0.78539816     0.02902289978322074
       4.7824219       2.3561945      0.0290228997834123

       4.8425781      0.78539816     0.03057569927593925
       4.8425781       2.3561945     0.03057569927614122

       4.9027344      0.78539816     0.03217458074879098
       4.9027344       2.3561945     0.03217458074900562

       4.9628906      0.78539816     0.03381966394182088
       4.9628906       2.3561945     0.03381966394204362

       5.0230469      0.78539816     0.03551103395897687
       5.0230469       2.3561945     0.03551103395918333

       5.0832031      0.78539816     0.03724874112975798
       5.0832031       2.3561945     0.03724874112993051

       5.1433594      0.78539816     0.03903280091121442
       5.1433594       2.3561945     0.03903280091135412

       5.2035156      0.78539816     0.04086319383001858
       5.2035156       2.3561945     0.04086319383013991

       5.2636719      0.78539816     0.04273986546419632
       5.2636719       2.3561945     0.04273986546432846

       5.3238281      0.78539816     0.04466272646407724
       5.3238281       2.3561945     0.04466272646422105

       5.3839844      0.78539816     0.04663165261210366
       5.3839844       2.3561945     0.04663165261225095

       5.4441406      0.78539816     0.04864648492097352
       5.4441406       2.3561945     0.04864648492112537

       5.5042969      0.78539816     0.05070702976958136
       5.5042969       2.3561945     0.05070702976973149

       5.5644531      0.78539816     0.05281305907600268
       5.5644531       2.3561945     0.05281305907612969

       5.6246094      0.78539816     0.05496431050715619
       5.6246094       2.3561945     0.05496431050726321

       5.6847656      0.78539816     0.05716048772427457
       5.6847656       2.3561945     0.05716048772438732

       5.7449219      0.78539816      0.0594012606635254
       5.7449219       2.3561945     0.05940126066367318

       5.8050781      0.78539816     0.06168626585109167
       5.8050781       2.3561945     0.06168626585125096

       5.8652344      0.78539816     0.06401510675172213
       5.8652344       2.3561945     0.06401510675188132

       5.9253906      0.78539816     0.06638735415018999
       5.9253906       2.3561945     0.06638735415035964

       5.9855469      0.78539816     0.06880254656465278
       5.9855469       2.3561945     0.06880254656483073

       6.0457031      0.78539816     0.07126019069106346
       6.0457031       2.3561945     0.07126019069125013

       6.1058594      0.78539816     0.07375976187773368
       6.1058594       2.3561945      0.0737597618779183

       6.1660156      0.78539816     0.07630070462905673
       6.1660156       2.3561945     0.07630070462921017

       6.2261719      0.78539816     0.07888243313748584
       6.2261719       2.3561945     0.07888243313761453

       6.2863281      0.78539816      0.0815043318428099
       6.2863281       2.3561945     0.08150433184293952

       6.3464844      0.78539816      0.0841657560176793
       6.3464844       2.3561945     0.08416575601781763

       6.4066406      0.78539816     0.08686603237835308
       6.4066406       2.3561945     0.08686603237848814

       6.4667969      0.78539816     0.08960445971954133
       6.4667969       2.3561945     0.08960445971966753

       6.5269531      0.78539816     0.09238030957256321
       6.5269531       2.3561945      0.0923803095726807

       6.5871094      0.78539816     0.09519282688547004
       6.5871094       2.3561945     0.09519282688559165

       6.6472656      0.78539816     0.09804123072419006
       6.6472656       2.3561945     0.09804123072427774

       6.7074219      0.78539816      0.1009247149935272
       6.7074219       2.3561945       0.100924714993591

       6.7675781      0.78539816      0.1038424491770647
       6.7675781       2.3561945       0.103842449177108

       6.8277344      0.78539816      0.1067935790947149
       6.8277344       2.3561945      0.1067935790947514

       6.8878906      0.78539816      0.1097772276769575
       6.8878906       2.3561945      0.1097772276770071

       6.9480469      0.78539816      0.1127924957545468
       6.9480469       2.3561945      0.1127924957546178

       7.0082031      0.78539816      0.1158384628625746
       7.0082031       2.3561945        0.11583846286264

       7.0683594      0.78539816      0.1189141880578796
       7.0683594       2.3561945      0.1189141880579076

       7.1285156      0.78539816      0.1220187107486142
       7.1285156       2.3561945      0.1220187107486083

       7.1886719      0.78539816      0.1251510515349991
       7.1886719       2.3561945      0.1251510515349754

       7.2488281      0.78539816      0.1283102130600365
       7.2488281       2.3561945      0.1283102130600046

       7.3089844      0.78539816      0.1314951808691182
       7.3089844       2.3561945      0.1314951808690847

       7.3691406      0.78539816      0.1347049242775064
       7.3691406       2.3561945      0.1347049242774759

       7.4292969      0.78539816      0.1379383972446534
       7.4292969       2.3561945      0.1379383972446215

       7.4894531      0.78539816      0.1411945392541688
       7.4894531       2.3561945      0.1411945392541173

       7.5496094      0.78539816      0.1444722761985188
       7.5496094       2.3561945      0.1444722761984346

       7.6097656      0.78539816      0.1477705212673406
       7.6097656       2.3561945      0.1477705212672568

       7.6699219      0.78539816      0.1510881758385573
       7.6699219       2.3561945      0.1510881758384845

       7.7300781      0.78539816      0.1544241303710335
       7.7300781       2.3561945      0.1544241303709624

       7.7902344      0.78539816      0.1577772652978884
       7.7902344       2.3561945      0.1577772652978147

       7.8503906      0.78539816      0.1611464519195988
       7.8503906       2.3561945      0.1611464519195341

       7.9105469      0.78539816      0.1645305532958858
       7.9105469       2.3561945      0.1645305532958275

       7.9707031      0.78539816      0.1679284251353657
       7.9707031       2.3561945      0.1679284251352914

       8.0308594      0.78539816      0.1713389166822956
       8.0308594       2.3561945      0.1713389166822138

       8.0910156      0.78539816      0.1747608715993524
       8.0910156       2.3561945       0.174760871599291

       8.1511719      0.78539816      0.1781931288456122
       8.1511719       2.3561945      0.1781931288455876

       8.2113281      0.78539816      0.1816345235489126
       8.2113281       2.3561945      0.1816345235489127

       8.2714844      0.78539816      0.1850838878718552
       8.2714844       2.3561945      0.1850838878718631

       8.3316406      0.78539816      0.1885400518705919
       8.3316406       2.3561945      0.1885400518705892

       8.3917969      0.78539816      0.1920018443455828
       8.3917969       2.3561945      0.1920018443455586

       8.4519531      0.78539816      0.1954680936838162
       8.4519531       2.3561945       0.195468093683768

       8.5121094      0.78539816       0.198937628691456
       8.5121094       2.3561945      0.1989376286913748

       8.5722656      0.78539816      0.2024092794165058
       8.5722656       2.3561945      0.2024092794164021

       8.6324219      0.78539816      0.2058818779607234
       8.6324219       2.3561945      0.2058818779605921

       8.6925781      0.78539816      0.2093542592800831
       8.6925781       2.3561945      0.2093542592799627

       8.7527344      0.78539816      0.2128252619733846
       8.7527344       2.3561945      0.2128252619732829

       8.8128906      0.78539816      0.2162937290581846
       8.8128906       2.3561945      0.2162937290580774

       8.8730469      0.78539816      0.2197585087336321
       8.8730469       2.3561945      0.2197585087335219

       8.9332031      0.78539816      0.2232184551297455
       8.9332031       2.3561945      0.2232184551296423

       8.9933594      0.78539816      0.2266724290424716
       8.9933594       2.3561945      0.2266724290423859

       9.0535156      0.78539816      0.2301192986541759
       9.0535156       2.3561945      0.2301192986541203

       9.1136719      0.78539816      0.2335579402391048
       9.1136719       2.3561945      0.2335579402390681

       9.1738281      0.78539816      0.2369872388533266
       9.1738281       2.3561945      0.2369872388532617

       9.2339844      0.78539816      0.2404060890087953
       9.2339844       2.3561945      0.2404060890086789

       9.2941406      0.78539816      0.2438133953312395
       9.2941406       2.3561945      0.2438133953310899

       9.3542969      0.78539816      0.2472080732014765
       9.3542969       2.3561945      0.2472080732013251

       9.4144531      0.78539816      0.2505890493798112
       9.4144531       2.3561945      0.2505890493796608

       9.4746094      0.78539816      0.2539552626132554
       9.4746094       2.3561945      0.2539552626131281

       9.5347656      0.78539816      0.2573056642253472
       9.5347656       2.3561945      0.2573056642252383

       9.5949219      0.78539816      0.2606392186882261
       9.5949219       2.3561945      0.2606392186881235

       9.6550781      0.78539816      0.2639549041767995
       9.6550781       2.3561945      0.2639549041767009

       9.7152344      0.78539816      0.2672517131049046
       9.7152344       2.3561945      0.2672517131048041

       9.7753906      0.78539816      0.2705286526431677
       9.7753906       2.3561945       0.270528652643061

       9.8355469      0.78539816      0.2737847452184112
       9.8355469       2.3561945      0.2737847452183029

       9.8957031      0.78539816      0.2770190289945323
       9.8957031       2.3561945      0.2770190289944261

       9.9558594      0.78539816      0.2802305583348284
       9.9558594       2.3561945      0.2802305583347234

       10.016016      0.78539816      0.2834184042455186
       10.016016       2.3561945      0.2834184042454093

       10.076172      0.78539816      0.2865816548004628
       10.076172       2.3561945      0.2865816548003387

       10.136328      0.78539816      0.2897194155471531
       10.136328       2.3561945      0.2897194155470044

       10.196484      0.78539816       0.292830809893777
       10.196484       2.3561945      0.2928308098936462

       10.256641      0.78539816      0.2959149794775421
       10.256641       2.3561945      0.2959149794774418

       10.316797      0.78539816      0.2989710845140336
       10.316797       2.3561945      0.2989710845139602

       10.376953      0.78539816      0.3019983041278704
       10.376953       2.3561945      0.3019983041278235

       10.437109      0.78539816      0.3049958366646344
       10.437109       2.3561945      0.3049958366646061

       10.497266      0.78539816      0.3079628999840719
       10.497266       2.3561945      0.3079628999840582

       10.557422      0.78539816      0.3108987317347242
       10.557422       2.3561945      0.3108987317347336

       10.617578      0.78539816      0.3138025896101301
       10.617578       2.3561945      0.3138025896101699

       10.677734      0.78539816      0.3166737515866181
       10.677734       2.3561945      0.3166737515866661

       10.737891      0.78539816      0.3195115161427944
       10.737891       2.3561945      0.3195115161428233

       10.798047      0.78539816      0.3223152024610457
       10.798047       2.3561945      0.3223152024610447

       10.858203      0.78539816      0.3250841506111188
       10.858203       2.3561945      0.3250841506111055

       10.918359      0.78539816      0.3278177217158256
       10.918359       2.3561945      0.3278177217158272

       10.978516      0.78539816      0.3305152980992523
       10.978516       2.3561945      0.3305152980992709

       11.038672      0.78539816      0.3331762834175592
       11.038672       2.3561945      0.3331762834175921

       11.098828      0.78539816      0.3358001027725828
       11.098828       2.3561945      0.3358001027726127

       11.158984      0.78539816       0.338386202808492
       11.158984       2.3561945      0.3383862028085158

       11.219141      0.78539816       0.340934051791759
       11.219141       2.3561945      0.3409340517917688

       11.279297      0.78539816      0.3434431396745076
       11.279297       2.3561945      0.3434431396744967

       11.339453      0.78539816      0.3459129781416924
       11.339453       2.3561945      0.3459129781416792

       11.399609      0.78539816      0.3483431006422831
       11.399609       2.3561945      0.3483431006422641

       11.459766      0.78539816      0.3507330624046468
       11.459766       2.3561945      0.3507330624046202

       11.519922      0.78539816      0.3530824404364986
       11.519922       2.3561945      0.3530824404364812

       11.580078      0.78539816      0.3553908335096201
       11.580078       2.3561945      0.3553908335096306

       11.640234      0.78539816      0.3576578621297257
       11.640234       2.3561945      0.3576578621297382

       11.700391      0.78539816      0.3598831684916233
       11.700391       2.3561945      0.3598831684915793

       11.760547      0.78539816      0.3620664164200164
       11.760547       2.3561945      0.3620664164199189

       11.820703      0.78539816      0.3642072912963669
       11.820703       2.3561945      0.3642072912962749

       11.880859      0.78539816       0.366305499972071
       11.880859       2.3561945      0.3663054999719645

       11.941016      0.78539816        0.36836077066801
       11.941016       2.3561945      0.3683607706678645

       12.001172      0.78539816      0.3703728528610516
       12.001172       2.3561945      0.3703728528609119

       12.061328      0.78539816      0.3723415171579734
       12.061328       2.3561945       0.372341517157839

       12.121484      0.78539816      0.3742665551565766
       12.121484       2.3561945      0.3742665551564244

       12.181641      0.78539816      0.3761477792947776
       12.181641       2.3561945      0.3761477792946325

       12.241797      0.78539816      0.3779850226880402
       12.241797       2.3561945       0.377985022687913

       12.301953      0.78539816      0.3797781389550368
       12.301953       2.3561945      0.3797781389549325

       12.362109      0.78539816      0.3815270020322535
       12.362109       2.3561945      0.3815270020321564

       12.422266      0.78539816      0.3832315059777192
       12.422266       2.3561945      0.3832315059776177

       12.482422      0.78539816      0.3848915647642432
       12.482422       2.3561945      0.3848915647641161

       12.542578      0.78539816      0.3865071120624074
       12.542578       2.3561945       0.386507112062291

       12.602734      0.78539816      0.3880781010138403
       12.602734       2.3561945      0.3880781010137535

       12.662891      0.78539816      0.3896045039948692
       12.662891       2.3561945      0.3896045039947784

       12.723047      0.78539816      0.3910863123709136
       12.723047       2.3561945      0.3910863123707962

       12.783203      0.78539816      0.3925235362421413
       12.783203       2.3561945      0.3925235362420277

       12.843359      0.78539816      0.3939162041806122
       12.843359       2.3561945      0.3939162041805272

       12.903516      0.78539816      0.3952643629592395
       12.903516       2.3561945      0.3952643629591802

       12.963672      0.78539816      0.3965680772728019
       12.963672       2.3561945      0.3965680772727586

       13.023828      0.78539816      0.3978274294515043
       13.023828       2.3561945      0.3978274294514726

       13.083984      0.78539816      0.3990425191673798
       13.083984       2.3561945      0.3990425191673418

       13.144141      0.78539816      0.4002134631337558
       13.144141       2.3561945      0.4002134631337335

       13.204297      0.78539816      0.4013403947982999
       13.204297       2.3561945      0.4013403947982955

       13.264453      0.78539816      0.4024234640297655
       13.264453       2.3561945      0.4024234640297539

       13.324609      0.78539816      0.4034628367988911
       13.324609       2.3561945      0.4034628367988712

       13.384766      0.78539816      0.4044586948537415
       13.384766       2.3561945      0.4044586948537069

       13.444922      0.78539816      0.4054112353898947
       13.444922       2.3561945      0.4054112353898181

       13.505078      0.78539816      0.4063206707156281
       13.505078       2.3561945      0.4063206707155343

       13.565234      0.78539816      0.4071872279124196
       13.565234       2.3561945      0.4071872279123616

       13.625391      0.78539816       0.408011148491684
       13.625391       2.3561945      0.4080111484916499

       13.685547      0.78539816      0.4087926880461881
       13.685547       2.3561945      0.4087926880461257

       13.745703      0.78539816      0.4095321159012798
       13.745703       2.3561945      0.4095321159011944

       13.805859      0.78539816      0.4102297147536372
       13.805859       2.3561945      0.4102297147535695

       13.866016      0.78539816      0.4108857803310734
       13.866016       2.3561945      0.4108857803310288

       13.926172      0.78539816      0.4115006209865842
       13.926172       2.3561945      0.4115006209865481

       13.986328      0.78539816      0.4120745574542868
       13.986328       2.3561945      0.4120745574542328

       14.046484      0.78539816      0.4126079221754747
       14.046484       2.3561945      0.4126079221753864

       14.106641      0.78539816      0.4131010597331101
       14.106641       2.3561945      0.4131010597329983

       14.166797      0.78539816      0.4135543244110492
       14.166797       2.3561945       0.413554324410989

       14.226953      0.78539816      0.4139680851699142
       14.226953       2.3561945      0.4139680851699149

       14.287109      0.78539816       0.414342711526071
       14.287109       2.3561945      0.4143427115260568

       14.347266      0.78539816      0.4146786084557854
       14.347266       2.3561945      0.4146786084557478

       14.407422      0.78539816      0.4149761257646732
       14.407422       2.3561945      0.4149761257646711

       14.467578      0.78539816      0.4152357880583575
       14.467578       2.3561945      0.4152357880584121

       14.527734      0.78539816      0.4154577080411077
       14.527734       2.3561945      0.4154577080411744

       14.587891      0.78539816      0.4156430748839497
       14.587891       2.3561945      0.4156430748839889

       14.648047      0.78539816      0.4157903828189883
       14.648047       2.3561945       0.415790382818996

       14.708203      0.78539816      0.4159049606394215
       14.708203       2.3561945      0.4159049606394062

       14.768359      0.78539816      0.4159749662842734
       14.768359       2.3561945      0.4159749662842373

       14.828516      0.78539816      0.4160314019971829
       14.828516       2.3561945      0.4160314019971287

       14.888672      0.78539816      0.4160003577176136
       14.888672       2.3561945      0.4160003577175634

       14.948828      0.78539816        0.41606423930502
       14.948828       2.3561945      0.4160642393049488

       15.008984      0.78539816      0.4157090578953059
       15.008984       2.3561945      0.4157090578952274

       15.069141      0.78539816       0.416913298405412
       15.069141       2.3561945      0.4169132984053674

       15.129297      0.78539816       0.407622448154312
       15.129297       2.3561945      0.4076224481542867

       15.189453      0.78539816      0.4657739468830178
       15.189453       2.3561945      0.4657739468829439

       15.249609      0.78539816       0.192724357749761
       15.249609       2.3561945      0.1927243577496528

       15.309766      0.78539816      0.8190906204731486
       15.309766       2.3561945      0.8190906204730667

       15.369922      0.78539816      -5.329668864823309
       15.369922       2.3561945      -5.329668864823382

       15.430078      0.78539816       -2.44111204284989
       15.430078       2.3561945      -2.441112042849923

       15.490234      0.78539816     -0.2346007251205786
       15.490234       2.3561945     -0.2346007251205834

       15.550391      0.78539816      0.1687318333665745
       15.550391       2.3561945      0.1687318333665784

       15.610547      0.78539816     0.06753753602465673
       15.610547       2.3561945     0.06753753602465869

