# File created on Wed Jul  8 11:31:14 2026
# ======================================== 
# = Running code assuming AXISYMMETRY    = 
# ======================================== 
# Data for Inflation GW initial data initial data at coord. time 0.163788 and proper central time 0.163788
# Evolved with (264,10,9) gridpoints (including 4 ghosts)
# Evolution with geodesic slicing and constant shift
# using eighth-order spatial differencing with 4 ghost zones 
# data 1 at theta = 0 and phi = 3.14159
# data 2 at theta = 1.5708 and phi = 3.14159
#                      r                    a_rr                    a_rr
#                               (     0,3.14159)        (1.5708,3.14159)
#========================================================================
     -0.1754557291666667   0.0003124077299664828   0.0003124077295519916
     -0.1253255208333333   0.0009739673511753754   0.0009739673505966274
           -0.0751953125   1.908460131729663e-05   1.908460152636894e-05
    -0.02506510416666667  -0.0002456409989236806  -0.0002456409983357098
     0.02506510416666667   -0.000245640997747739  -0.0002456409983357098
            0.0751953125   1.908460173544125e-05   1.908460152636894e-05
      0.1253255208333333   0.0009739673500178794   0.0009739673505966274
      0.1754557291666667   0.0003124077291375005   0.0003124077295519916
            0.2255859375  -0.0008041696826609364  -0.0008041696827524301
      0.2757161458333334   -0.001575048680877993   -0.001575048681055445
      0.3258463541666667   -0.002166576734810063   -0.002166576734945783
            0.3759765625   -0.002685742655746256   -0.002685742655893787
      0.4261067708333334   -0.003173731864407923   -0.003173731864537833
      0.4762369791666667   -0.003658050742521945   -0.003658050742644461
            0.5263671875   -0.004153865699037513   -0.004153865699139767
      0.5764973958333334   -0.004670014856614738   -0.004670014856706838
      0.6266276041666667   -0.005211958424647852   -0.005211958424730422
            0.6767578125    -0.00578308227635936   -0.005783082276430637
      0.7268880208333334   -0.006385490189025823   -0.006385490189097097
      0.7770182291666667   -0.007020457786296077   -0.007020457786343156
            0.8271484375   -0.007688704531171859   -0.007688704531222782
      0.8772786458333334   -0.008390563677150849   -0.008390563677194009
      0.9274088541666667   -0.009126091236261992    -0.00912609123629653
            0.9775390625   -0.009895137797412782   -0.009895137797443656
       1.027669270833333     -0.0106973970370441    -0.01069739703706845
       1.077799479166667    -0.01153243923143329    -0.01153243923145779
            1.1279296875    -0.01239973490108759     -0.0123997349011045
       1.178059895833333    -0.01329867183175276    -0.01329867183175775
       1.228190104166667    -0.01422856756829103    -0.01422856756829711
            1.2783203125    -0.01518867876246273    -0.01518867876246291
       1.328450520833333    -0.01617820830249628    -0.01617820830249168
       1.378580729166667    -0.01719631085844733    -0.01719631085844312
            1.4287109375    -0.01824209728117029     -0.0182420972811579
       1.478841145833333    -0.01931463816433833    -0.01931463816432101
       1.528971354166667     -0.0204129667896353     -0.0204129667896199
            1.5791015625    -0.02153608161288059    -0.02153608161286355
       1.629231770833333    -0.02268294840695467    -0.02268294840693056
       1.679361979166667    -0.02385250214665898    -0.02385250214664976
            1.7294921875    -0.02504364869875743    -0.02504364869873045
       1.779622395833333    -0.02625526636402855    -0.02625526636401553
       1.829752604166667    -0.02748620730854677    -0.02748620730852065
            1.8798828125    -0.02873529890993413     -0.0287352989099126
       1.930013020833333    -0.03000134504046726    -0.03000134504043323
       1.980143229166667    -0.03128312730248677    -0.03128312730246378
            2.0302734375    -0.03257940622914732    -0.03257940622912883
       2.080403645833333    -0.03388892245897632    -0.03388892245895114
       2.130533854166667    -0.03521039789328188    -0.03521039789325857
            2.1806640625    -0.03654253684102302    -0.03654253684101345
       2.230794270833333    -0.03788402715583047    -0.03788402715581093
       2.280924479166667    -0.03923354136897905     -0.0392335413689516
            2.3310546875    -0.04058973782058484     -0.0405897378205523
       2.381184895833333     -0.0419512617909004    -0.04195126179087592
       2.431315104166667    -0.04331674663355028    -0.04331674663352786
            2.4814453125    -0.04468481491145866    -0.04468481491143454
       2.531575520833333    -0.04605407953605017    -0.04605407953604899
       2.581705729166667    -0.04742314491041697    -0.04742314491040273
            2.6318359375    -0.04879060807613416    -0.04879060807612574
       2.681966145833333    -0.05015505986395798     -0.0501550598639338
       2.732096354166667    -0.05151508604797101    -0.05151508604796298
            2.7822265625    -0.05286926850327026    -0.05286926850325861
       2.832356770833333    -0.05421618636603157    -0.05421618636601818
       2.882486979166667     -0.0555544171958439    -0.05555441719583194
            2.9326171875    -0.05688253813972007     -0.0568825381397129
       2.982747395833333    -0.05819912709631927    -0.05819912709630505
       3.032877604166667    -0.05950276388023083     -0.0595027638802226
            3.0830078125    -0.06079203138549859    -0.06079203138549027
       3.133138020833333    -0.06206551674687894    -0.06206551674686732
       3.183268229166667    -0.06332181249844306    -0.06332181249843893
            3.2333984375    -0.06455951772844755    -0.06455951772843624
       3.283528645833333    -0.06577723922899859    -0.06577723922898956
       3.333658854166667     -0.0669735926396593    -0.06697359263964117
            3.3837890625    -0.06814720358441946    -0.06814720358440354
       3.433919270833333    -0.06929670880034514     -0.0692967088003297
       3.484049479166667    -0.07042075725689952    -0.07042075725688177
            3.5341796875    -0.07151801126531647    -0.07151801126529472
       3.584309895833333    -0.07258714757616015    -0.07258714757613297
       3.634440104166667    -0.07362685846406226    -0.07362685846402443
            3.6845703125    -0.07463585279931426    -0.07463585279928159
       3.734700520833333    -0.07561285710418827    -0.07561285710415086
       3.784830729166667    -0.07655661659333086    -0.07655661659328855
            3.8349609375     -0.0774658961975811    -0.07746589619752679
       3.885091145833333    -0.07833948156887449    -0.07833948156881809
       3.935221354166667    -0.07917618006616847    -0.07917618006609313
            3.9853515625    -0.07997482172085506    -0.07997482172079223
       4.035481770833334    -0.08073426018111347    -0.08073426018104188
       4.085611979166667    -0.08145337363327082    -0.08145337363319319
            4.1357421875    -0.08213106570028669    -0.08213106570020701
       4.185872395833334    -0.08276626631549382    -0.08276626631540804
       4.236002604166667    -0.08335793257035889    -0.08335793257027463
            4.2861328125     -0.0839050495365668    -0.08390504953646219
       4.336263020833334    -0.08440663106041606    -0.08440663106030089
       4.386393229166667    -0.08486172052907627    -0.08486172052895669
            4.4365234375    -0.08526939160816509    -0.08526939160805366
       4.486653645833334    -0.08562874894922722    -0.08562874894912595
       4.536783854166667    -0.08593892886627522    -0.08593892886616868
            4.5869140625    -0.08619909998135412    -0.08619909998123614
       4.637044270833334    -0.08640846383815504    -0.08640846383802331
       4.687174479166667    -0.08656625548266983    -0.08656625548253108
            4.7373046875    -0.08667174401100036    -0.08667174401086766
       4.787434895833334    -0.08672423308329388    -0.08672423308314947
       4.837565104166667    -0.08672306140263764    -0.08672306140250857
            4.8876953125    -0.08666760315994936     -0.0866676031598263
       4.937825520833334    -0.08655726844343428    -0.08655726844331189
       4.987955729166667    -0.08639150361218657    -0.08639150361208567
            5.0380859375     -0.0861697916345795    -0.08616979163447525
       5.088216145833334    -0.08589165239010908    -0.08589165238999094
       5.138346354166667    -0.08555664293459551    -0.08555664293446771
            5.1884765625     -0.0851643577293473    -0.08516435772923434
       5.238606770833334    -0.08471442883359841    -0.08471442883349756
       5.288736979166667    -0.08420652606006007    -0.08420652605995839
            5.3388671875    -0.08364035709415352     -0.0836403570940574
       5.388997395833334    -0.08301566757679096    -0.08301566757671494
       5.439127604166667    -0.08233224115000522    -0.08233224114991913
            5.4892578125    -0.08158989946642618    -0.08158989946634682
       5.539388020833334    -0.08078850216317651    -0.08078850216309154
       5.589518229166667    -0.07992794679894423    -0.07992794679884335
            5.6396484375    -0.07900816875634235    -0.07900816875622961
       5.689778645833334    -0.07802914110889618    -0.07802914110879941
       5.739908854166667    -0.07699087445282993    -0.07699087445273389
            5.7900390625    -0.07589341670440844    -0.07589341670431765
       5.840169270833334    -0.07473685286404522    -0.07473685286395185
       5.890299479166667    -0.07352130474639557    -0.07352130474628535
            5.9404296875     -0.0722469306781808    -0.07224693067805979
       5.990559895833334    -0.07091392516403745    -0.07091392516393161
       6.040690104166667    -0.06952251852046691     -0.0695225185203768
            6.0908203125    -0.06807297647904123    -0.06807297647893981
       6.140950520833334    -0.06656559976007388    -0.06656559975997467
       6.191080729166667    -0.06500072361659955    -0.06500072361649814
            6.2412109375    -0.06337871735026862    -0.06337871735015924
       6.291341145833334    -0.06169998380008775    -0.06169998379998898
       6.341471354166667    -0.05996495880376754    -0.05996495880368237
            6.3916015625    -0.05817411063346817    -0.05817411063338385
       6.441731770833334    -0.05632793940725449    -0.05632793940717805
       6.491861979166667    -0.05442697647600887    -0.05442697647592987
            6.5419921875     -0.0524717837879151    -0.05247178378785133
       6.592122395833334    -0.05046295323143199    -0.05046295323137484
       6.642252604166667    -0.04840110595673072    -0.04840110595667971
            6.6923828125    -0.04628689167739226    -0.04628689167734671
       6.742513020833334    -0.04412098795394161    -0.04412098795387695
       6.792643229166667    -0.04190409945890643    -0.04190409945885573
            6.8427734375    -0.03963695722597289    -0.03963695722592024
       6.892903645833334    -0.03732031788352565    -0.03732031788348952
       6.943033854166667    -0.03495496287345726    -0.03495496287345239
            6.9931640625    -0.03254169765677239    -0.03254169765676701
       7.043294270833334    -0.03008135090691403    -0.03008135090690886
       7.093424479166667    -0.02757477369197452    -0.02757477369197073
            7.1435546875    -0.02502283864678521    -0.02502283864675774
       7.193684895833334    -0.02242643913659428    -0.02242643913659033
       7.243815104166667    -0.01978648841233241    -0.01978648841233908
            7.2939453125    -0.01710391875888696    -0.01710391875889963
       7.344075520833334    -0.01437968063841335    -0.01437968063844237
       7.394205729166667    -0.01161474182816824     -0.0116147418282067
            7.4443359375   -0.008810086555121851   -0.008810086555164479
       7.494466145833334   -0.005966714628501684   -0.005966714628533072
       7.544596354166667   -0.003085640569935497   -0.003085640569969826
            7.5947265625  -0.0001678927433342731  -0.0001678927433611427
       7.644856770833334    0.002785487514576595    0.002785487514537147
       7.694986979166667    0.005773446762729191    0.005773446762681675
            7.7451171875    0.008794920321792059    0.008794920321749843
       7.795247395833334     0.01184883313644882     0.01184883313639988
       7.845377604166667     0.01493410063401589     0.01493410063395591
            7.8955078125     0.01804962957832807     0.01804962957829294
       7.945638020833334     0.02119431891715675     0.02119431891711442
       7.995768229166667     0.02436706062328824     0.02436706062325449
            8.0458984375     0.02756674052841583     0.02756674052841086
       8.096028645833334     0.03079223914795099     0.03079223914793648
       8.146158854166668     0.03404243249734031     0.03404243249731151
            8.1962890625     0.03731619289906317     0.03731619289903496
       8.246419270833334     0.04061238977869073     0.04061238977866456
       8.296549479166668     0.04392989045026935     0.04392989045023124
            8.3466796875     0.04726756089017831     0.04726756089015294
       8.396809895833334     0.05062426649812159     0.05062426649809505
       8.446940104166668     0.05399887284586491      0.0539988728458294
            8.4970703125     0.05739024641272501     0.05739024641267886
       8.547200520833334     0.06079725530687909     0.06079725530683965
       8.597330729166668      0.0642187699728505     0.06421876997281079
            8.6474609375     0.06765366388422632      0.0676536638841668
       8.697591145833334     0.07110081422053215     0.07110081422048134
       8.747721354166668     0.07455910252943827     0.07455910252936709
            8.7978515625     0.07802741537288929     0.07802741537282026
       8.847981770833334      0.0815046449569214     0.08150464495685322
       8.898111979166668     0.08498968974526071     0.08498968974521409
            8.9482421875      0.0884814550565451     0.08848145505650663
       8.998372395833334     0.09197885364355887     0.09197885364351636
       9.048502604166668     0.09548080625617897     0.09548080625610235
            9.0986328125     0.09898624218703649     0.09898624218696228
       9.148763020833334      0.1024940997993932      0.1024940997993183
       9.198893229166668      0.1060033270377266      0.1060033270376488
            9.2490234375       0.109512881920815      0.1095128819207604
       9.299153645833334      0.1130217330165658      0.1130217330165224
       9.349283854166668      0.1165288598992021      0.1165288598991514
            9.3994140625      0.1200332535892859      0.1200332535892126
       9.449544270833334      0.1235339169751744      0.1235339169750973
       9.499674479166668       0.127029865217275      0.1270298652172103
            9.5498046875      0.1305201261348249      0.1305201261347391
       9.599934895833334      0.1340037405739895      0.1340037405739122
       9.650065104166668      0.1374797627593709       0.137479762759303
            9.7001953125      0.1409472606278256      0.1409472606277632
       9.750325520833334       0.144405316144899      0.1444053161448323
       9.800455729166668      0.1478530256041517      0.1478530256040902
            9.8505859375      0.1512894999098671      0.1512894999098155
       9.900716145833334      0.1547138648422358      0.1547138648421644
       9.950846354166668      0.1581252613061132      0.1581252613060393
           10.0009765625      0.1615228455639514       0.161522845563866
       10.05110677083333      0.1649057894516885      0.1649057894516308
       10.10123697916667      0.1682732805794306      0.1682732805793693
           10.1513671875      0.1716245225161041      0.1716245225160486
       10.20149739583333      0.1749587349584281      0.1749587349583813
       10.25162760416667      0.1782751538847966      0.1782751538847573
           10.3017578125       0.181573031694655      0.1815730316946066
       10.35188802083333      0.1848516373325713      0.1848516373325206
       10.40201822916667      0.1881102563985169      0.1881102563984881
           10.4521484375      0.1913481912442317      0.1913481912442269
       10.50227864583333      0.1945647610550932      0.1945647610550892
       10.55240885416667      0.1977593019189672      0.1977593019189634
           10.6025390625      0.2009311668823126      0.2009311668823138
       10.65266927083333      0.2040797259930113      0.2040797259929975
       10.70279947916667      0.2072043663308552       0.207204366330844
           10.7529296875      0.2103044920263074      0.2103044920263205
       10.80305989583333      0.2133795242669426      0.2133795242669592
       10.85319010416667      0.2164289012923792      0.2164289012924087
           10.9033203125      0.2194520783786217      0.2194520783786452
       10.95345052083333      0.2224485278111451      0.2224485278111541
       11.00358072916667      0.2254177388477334      0.2254177388477316
           11.0537109375      0.2283592176713798      0.2283592176713796
       11.10384114583333       0.231272487332927        0.23127248733292
       11.15397135416667      0.2341570876844453      0.2341570876844507
           11.2041015625      0.2370125753037716      0.2370125753037785
       11.25423177083333      0.2398385234098635      0.2398385234098623
       11.30436197916667      0.2426345217698832      0.2426345217698816
           11.3544921875      0.2454001765984628      0.2454001765984679
       11.40462239583333      0.2481351104484805       0.248135110448484
       11.45475260416667      0.2508389620947405      0.2508389620947465
           11.5048828125      0.2535113864105523       0.253511386410552
       11.55501302083333      0.2561520542372724      0.2561520542372365
       11.60514322916667      0.2587606522471735      0.2587606522471291
           11.6552734375      0.2613368828006302      0.2613368828005995
       11.70540364583333      0.2638804637967662      0.2638804637967349
       11.75553385416667      0.2663911285182118      0.2663911285181687
           11.8056640625      0.2688686254716207      0.2688686254715907
       11.85579427083333      0.2713127182262952      0.2713127182262525
       11.90592447916667      0.2737231851957597      0.2737231851956967
           11.9560546875      0.2760998196654026      0.2760998196653234
       12.00618489583333       0.278442429765584      0.2784424297655175
       12.05631510416667      0.2807508314746066       0.280750831474546
           12.1064453125      0.2830248861105268      0.2830248861104494
       12.15657552083333       0.285264446480968      0.2852644464808968
       12.20670572916667      0.2874688038989493      0.2874688038989003
           12.2568359375      0.2896407379025543      0.2896407379024812
       12.30696614583333      0.2917762276494844      0.2917762276493985
       12.35709635416667      0.2938484652807661      0.2938484652806904
           12.4072265625      0.2960260296519457      0.2960260296518868
       12.45735677083333      0.2979586934153304      0.2979586934152831
       12.50748697916667      0.2994481317387148      0.2994481317386596
           12.5576171875       0.303029484358491      0.3030294843584255
       12.60774739583333      0.3024177496480449      0.3024177496479843
       12.65787760416667      0.3038531492990206      0.3038531492989575
           12.7080078125      0.2138846583002948      0.2138846583002438
       12.75813802083333      0.4157300122835541      0.4157300122835287
       12.80826822916667      0.4767881049439915      0.4767881049439878
           12.8583984375       0.730902941791324      0.7309029417913097
       12.90852864583333      0.6744053185293528      0.6744053185293144
       12.95865885416667      0.4065986547527773      0.4065986547527245
           13.0087890625      0.2515121692371803      0.2515121692371297
