# File created on Tue Jul  7 16:46:47 2026
# ======================================== 
# = Running code assuming AXISYMMETRY    = 
# ======================================== 
# Data for Inflation GW initial data initial data at coord. time 0 and proper central time 0
# Evolved with (264,10,9) gridpoints (including 4 ghosts)
# Evolution with geodesic slicing and constant shift
# using eighth-order spatial differencing with 4 ghost zones 
# data 1 at theta = 0 and phi = 3.14159
# data 2 at theta = 1.5708 and phi = 3.14159
#                      r                    a_rr                    a_rr
#                               (     0,3.14159)        (1.5708,3.14159)
#========================================================================
              -0.2734375    -0.04526259421289913    -0.04526259421289931
              -0.1953125    -0.04681308394173568    -0.04681308394173585
              -0.1171875    -0.02890627805271944    -0.02890627805271938
              -0.0390625   -0.004652554969769174   -0.004652554969769863
               0.0390625   -0.004652554969770552   -0.004652554969769863
               0.1171875    -0.02890627805271933    -0.02890627805271938
               0.1953125    -0.04681308394173601    -0.04681308394173585
               0.2734375     -0.0452625942128995    -0.04526259421289931
               0.3515625    -0.02779493628085042     -0.0277949362808504
               0.4296875   0.0008261727775536278   0.0008261727775539446
               0.5078125      0.0330727874368378     0.03307278743683837
               0.5859375     0.06186000733426385     0.06186000733426447
               0.6640625     0.08259258310368857       0.082592583103689
               0.7421875     0.09376616453978612     0.09376616453978609
               0.8203125       0.096495909309277     0.09649590930927686
               0.8984375     0.09332718763673077     0.09332718763673092
               0.9765625     0.08698406911288158     0.08698406911288172
               1.0546875     0.07955710214945297      0.0795571021494523
               1.1328125     0.07227459915513651     0.07227459915513529
               1.2109375     0.06567199099323875     0.06567199099323787
               1.2890625     0.05987839668705906     0.05987839668705856
               1.3671875     0.05484346701653817     0.05484346701653849
               1.4453125     0.05046332724567168     0.05046332724567246
               1.5234375     0.04663329866685347     0.04663329866685434
               1.6015625      0.0432636071946626      0.0432636071946639
               1.6796875     0.04028089791998004     0.04028089791998094
               1.7578125     0.03762580237901011     0.03762580237901049
               1.8359375     0.03525008661824141     0.03525008661824224
               1.9140625     0.03311426232272533     0.03311426232272646
               1.9921875     0.03118573576005388     0.03118573576005464
               2.0703125     0.02943739351563497     0.02943739351563542
               2.1484375     0.02784651716407851     0.02784651716407905
               2.2265625      0.0263939428905233      0.0263939428905242
               2.3046875     0.02506340460377315     0.02506340460377435
               2.3828125     0.02384101584070241     0.02384101584070334
               2.4609375     0.02271485769416639     0.02271485769416667
               2.5390625     0.02167464849485255     0.02167464849485252
               2.6171875     0.02071147708689417      0.0207114770868945
               2.6953125     0.01981758597728138     0.01981758597728253
               2.7734375     0.01898619389985175     0.01898619389985322
               2.8515625     0.01821134975285211     0.01821134975285358
               2.9296875     0.01748781167896845     0.01748781167896987
               3.0078125     0.01681094642305986     0.01681094642306081
               3.0859375     0.01617664514274914     0.01617664514274938
               3.1640625     0.01558125264460073     0.01558125264460042
               3.2421875     0.01502150763475619     0.01502150763475541
               3.3203125     0.01449449205216513      0.0144944920521639
               3.3984375     0.01399758792778014     0.01399758792777885
               3.4765625     0.01352844050868503     0.01352844050868389
               3.5546875     0.01308492662034773      0.0130849266203466
               3.6328125      0.0126651274268421     0.01266512742684107
               3.7109375     0.01226730489840526     0.01226730489840444
               3.7890625     0.01188988141608299     0.01188988141608237
               3.8671875     0.01153142204062801     0.01153142204062791
               3.9453125     0.01119061905199546      0.0111906190519961
               4.0234375     0.01086627843042183     0.01086627843042276
               4.1015625     0.01055730800307975     0.01055730800308062
               4.1796875      0.0102627070239429     0.01026270702394377
               4.2578125    0.009981556990564217    0.009981556990564917
               4.3359375    0.009713013531388953    0.009713013531389297
               4.4140625    0.009456299222148586    0.009456299222148828
               4.4921875    0.009210697210690998    0.009210697210691043
               4.5703125    0.008975545547054768    0.008975545547054049
               4.6484375    0.008750232130279954    0.008750232130278361
               4.7265625    0.008534190195823771    0.008534190195821661
               4.8046875    0.008326894277928407    0.008326894277926575
               4.8828125    0.008127856590181818    0.008127856590180796
               4.9609375     0.00793662377507744    0.007936623775077103
               5.0390625    0.007752773979835699    0.007752773979835839
               5.1171875    0.007575914221280971    0.007575914221281167
               5.1953125    0.007405678007293043    0.007405678007293226
               5.2734375    0.007241723186435619     0.00724172318643674
               5.3515625    0.007083730000876073    0.007083730000878061
               5.4296875     0.00693139932073206    0.006931399320733973
               5.5078125    0.006784451040620117     0.00678445104062109
               5.5859375    0.006642622621452153    0.006642622621451688
               5.6640625     0.00650566776250505    0.006505667762504099
               5.7421875    0.006373355190520111    0.006373355190519609
               5.8203125    0.006245467554088718    0.006245467554088906
               5.8984375    0.006121800412900101    0.006121800412900576
               5.9765625    0.006002161312582584    0.006002161312582547
               6.0546875    0.005886368936886064    0.005886368936884563
               6.1328125    0.005774252329835334    0.005774252329832367
               6.2109375    0.005665650181276783    0.005665650181273546
               6.2890625    0.005560410169933017     0.00556041016993053
               6.3671875    0.005458388358687009    0.005458388358685621
               6.4453125    0.005359448637363631    0.005359448637362853
               6.5234375    0.005263462208752186    0.005263462208751537
               6.6015625    0.005170307114048308    0.005170307114047413
               6.6796875    0.005079867794265219     0.00507986779426403
               6.7578125    0.004992034684506695    0.004992034684505894
               6.8359375    0.004906703838292306     0.00490670383829259
               6.9140625    0.004823776579394054    0.004823776579394898
               6.9921875    0.004743159178884985    0.004743159178885574
               7.0703125    0.004664762555318852    0.004664762555318997
               7.1484375    0.004588501996151744    0.004588501996151597
               7.2265625    0.004514296898682895    0.004514296898682709
               7.3046875     0.00444207052895631    0.004442070528955749
               7.3828125    0.004371749797200692    0.004371749797199891
               7.4609375    0.004303265048514963    0.004303265048514801
               7.5390625    0.004236549867615221    0.004236549867616102
               7.6171875    0.004171540896562226    0.004171540896564019
               7.6953125    0.004108177664486422    0.004108177664488576
               7.7734375    0.004046402428408307     0.00404640242841002
               7.8515625    0.003986160024328219    0.003986160024328946
               7.9296875     0.00392739772782872     0.00392739772782873
               8.0078125    0.003870065123496256    0.003870065123496145
               8.0859375    0.003814113982522419    0.003814113982522679
               8.1640625    0.003759498147899358    0.003759498147900288
               8.2421875    0.003706173426670912    0.003706173426672393
               8.3203125    0.003654097488743951    0.003654097488745837
               8.3984375    0.003603229771803178    0.003603229771805244
               8.4765625    0.003553531391906151     0.00355353139190812
               8.5546875    0.003504965059373124    0.003504965059374828
               8.6328125    0.003457494999617257    0.003457494999618878
               8.7109375    0.003411086878584384    0.003411086878586042
               8.7890625    0.003365707732495619      0.0033657077324969
               8.8671875    0.003321325901605486    0.003321325901606137
               8.9453125    0.003277910967709022    0.003277910967709231
               9.0234375    0.003235433695147911    0.003235433695147818
               9.1015625    0.003193865975084393    0.003193865975083994
               9.1796875    0.003153180772838697    0.003153180772838165
               9.2578125     0.00311335207810882    0.003113352078108607
               9.3359375    0.003074354857909985    0.003074354857910447
               9.4140625    0.003036165012078287    0.003036165012079251
               9.4921875    0.002998759331186172    0.002998759331187296
               9.5703125    0.002962115456715196    0.002962115456715965
               9.6484375    0.002926211843316211    0.002926211843316112
               9.7265625    0.002891027722991442    0.002891027722990163
               9.8046875    0.002856543071050426    0.002856543071047905
               9.8828125    0.002822738573726847    0.002822738573723868
               9.9609375    0.002789595597390382    0.002789595597388094
              10.0390625    0.002757096159321883    0.002757096159320713
              10.1171875    0.002725222900041797    0.002725222900041356
              10.1953125    0.002693959057168165    0.002693959057168033
              10.2734375    0.002663288440731327    0.002663288440731376
              10.3515625    0.002633195409811516     0.00263319540981202
              10.4296875    0.002603664850312702    0.002603664850313705
              10.5078125    0.002574682153669372    0.002574682153670358
              10.5859375    0.002546233196322661    0.002546233196323178
              10.6640625    0.002518304319882163    0.002518304319882432
              10.7421875    0.002490882311995232    0.002490882311995627
              10.8203125      0.0024639543880371    0.002463954388037658
              10.8984375    0.002437508173786529    0.002437508173787083
              10.9765625    0.002411531689224393    0.002411531689224649
              11.0546875    0.002386013333504425    0.002386013333504378
              11.1328125    0.002360941871015359    0.002360941871015028
              11.2109375    0.002336306418322734    0.002336306418322412
              11.2890625    0.002312096431698776    0.002312096431698958
              11.3671875    0.002288301694937669    0.002288301694938049
              11.4453125    0.002264912307223151    0.002264912307223138
              11.5234375    0.002241918670956251    0.002241918670955806
              11.6015625    0.002219311479609816    0.002219311479609459
              11.6796875    0.002197081705812753    0.002197081705813018
              11.7578125    0.002175220589950646    0.002175220589952105
              11.8359375    0.002153719629570458    0.002153719629572953
              11.9140625    0.002132570569789786    0.002132570569792366
              11.9921875    0.002111765394777224    0.002111765394779345
              12.0703125    0.002091296320213941    0.002091296320215547
              12.1484375    0.002071155786496161    0.002071155786497477
              12.2265625    0.002051336452353804    0.002051336452354844
              12.3046875    0.002031831188540694    0.002031831188541475
              12.3828125    0.002012633071308392    0.002012633071309252
              12.4609375    0.001993735375486531     0.00199373537548766
              12.5390625     0.00197513156713527     0.00197513156713636
              12.6171875    0.001956815295881496      0.0019568152958822
              12.6953125    0.001938780387165737    0.001938780387166135
              12.7734375    0.001921020834692755    0.001921020834693126
              12.8515625    0.001903530793377114    0.001903530793377544
              12.9296875    0.001886304573026003    0.001886304573026162
              13.0078125    0.001869336632905896     0.00186933663290569
              13.0859375    0.001852621577215618    0.001852621577215473
              13.1640625    0.001836154151367691    0.001836154151367794
              13.2421875    0.001819929238877218    0.001819929238877592
              13.3203125     0.00180394185859666     0.00180394185859731
              13.3984375    0.001788187162010055    0.001788187162010804
              13.4765625    0.001772660430330939    0.001772660430331657
              13.5546875    0.001757357071211053    0.001757357071211534
              13.6328125    0.001742272614953345    0.001742272614953416
              13.7109375    0.001727402710225638     0.00172740271022548
              13.7890625    0.001712743119364638    0.001712743119364727
              13.8671875    0.001698289713434673    0.001698289713435216
              13.9453125     0.00168403846725152     0.00168403846725209
              14.0234375    0.001669985454598548    0.001669985454598844
              14.1015625    0.001656126843843528    0.001656126843843608
              14.1796875    0.001642458894116034    0.001642458894116228
              14.2578125    0.001628977952141148    0.001628977952141585
              14.3359375    0.001615680449750766    0.001615680449751421
              14.4140625     0.00160256290202253    0.001602562902023491
              14.4921875    0.001589621905929398    0.001589621905930501
              14.5703125    0.001576854139337078    0.001576854139338175
              14.6484375    0.001564256360167189     0.00156425636016814
              14.7265625    0.001551825405538125    0.001551825405538446
              14.8046875    0.001539558190716527    0.001539558190715871
              14.8828125    0.001527451707752023    0.001527451707750354
              14.9609375    0.001515503023716627    0.001515503023714697
              15.0390625    0.001503709278527189    0.001503709278526289
              15.1171875    0.001492067682377415    0.001492067682378133
              15.1953125    0.001480575512854596     0.00148057551285656
              15.2734375    0.001469230111857293    0.001469230111859375
              15.3515625    0.001458028882448958    0.001458028882450156
              15.4296875     0.00144696928578943    0.001446969285789502
              15.5078125    0.001436048838274929     0.00143604883827421
              15.5859375     0.00142526510899593    0.001425265108994927
              15.6640625    0.001414615717594388    0.001414615717593259
              15.7421875    0.001404098332562204    0.001404098332560886
              15.8203125     0.00139371066998854    0.001393710669986839
              15.8984375    0.001383450492721975    0.001383450492719701
              15.9765625    0.001373315609880533    0.001373315609878242
              16.0546875     0.00136330387662491    0.001363303876623144
              16.1328125    0.001353413194088146    0.001353413194086876
              16.2109375    0.001343641509354861    0.001343641509353769
              16.2890625    0.001333986815385902    0.001333986815384592
              16.3671875    0.001324447150795733    0.001324447150794072
              16.4453125    0.001315020599413661    0.001315020599411978
              16.5234375    0.001305705289580362    0.001305705289579162
              16.6015625    0.001296499393159742    0.001296499393158954
              16.6796875    0.001287401124270331    0.001287401124269489
              16.7578125    0.001278408737766448     0.00127840873776525
              16.8359375    0.001269520527520744    0.001269520527519423
              16.9140625     0.00126073482457058    0.001260734824569773
              16.9921875    0.001252049995202975    0.001252049995203134
              17.0703125    0.001243464439058821    0.001243464439059929
              17.1484375    0.001234976587328358    0.001234976587330236
              17.2265625    0.001226584901094797    0.001226584901097091
              17.3046875    0.001218287869885239    0.001218287869887073
              17.3828125     0.00121008401047548    0.001210084010476128
              17.4609375    0.001201971865979176     0.00120197186597818
              17.5390625    0.001193950005155104    0.001193950005152618
              17.6171875    0.001186017021992744    0.001186017021989315
              17.6953125    0.001178171535468873    0.001178171535465057
              17.7734375    0.001170412189778586    0.001170412189774975
              17.8515625    0.001162737654091663     0.00116273765408861
              17.9296875    0.001155146623417203    0.001155146623414963
              18.0078125    0.001147637817005414    0.001147637817004028
              18.0859375    0.001140209982906919    0.001140209982906073
              18.1640625    0.001132861889018467    0.001132861889017737
              18.2421875    0.001125592343058173    0.001125592343057414
              18.3203125    0.001118400146138523    0.001118400146137424
              18.3984375    0.001111284196810516    0.001111284196808924
              18.4765625    0.001104243259486914    0.001104243259484976
              18.5546875     0.00109727648194715    0.001097276481945044
              18.6328125    0.001090382225705415    0.001090382225703192
              18.7109375    0.001083560686951652    0.001083560686949402
              18.7890625    0.001076808024877511    0.001076808024875539
              18.8671875    0.001070129536924352    0.001070129536922892
              18.9453125    0.001063510070134335    0.001063510070133694
              19.0234375    0.001056980394189822    0.001056980394190131
              19.1015625     0.00105046831759673    0.001050468317597572
              19.1796875    0.001044132772773076    0.001044132772773752
              19.2578125     0.00103761413115757    0.001037614131157753
              19.3359375     0.00103171618899901    0.001031716188998917
              19.4140625    0.001024632575496419    0.001024632575496311
              19.4921875    0.001020414845691616    0.001020414845691374
              19.5703125     0.00100996642674112    0.001009966426740605
              19.6484375    0.001013626439830689    0.001013626439829577
              19.7265625   0.0009856401129902295   0.0009856401129880966
              19.8046875    0.001030305142658824    0.001030305142656362
              19.8828125    0.000918761911687862   0.0009187619116866146
              19.9609375    0.001098431950029862    0.001098431950029698
              20.0390625                       0                       0
              20.1171875                       0                       0
              20.1953125                       0                       0
              20.2734375                       0                       0
