# File created on Wed Jul  8 09:36:38 2026
# ======================================== 
# = Running code assuming AXISYMMETRY    = 
# ======================================== 
# Data for ScalarBlob initial data initial data at coord. time 0 and proper central time 0
# Evolved with (1006,8,7) gridpoints (including 3 ghosts)
# Evolution with geodesic slicing and constant shift
# using fourth-order spatial differencing with 3 ghost zones 
# data 1 at theta = 0 and phi = 3.14159
# data 2 at theta = 3.14159 and phi = 3.14159
#                      r                    a_rr                    a_rr
#                               (     0,3.14159)        (3.14159,3.14159)
#========================================================================
                 -0.0385     -0.2238954344651021     -0.2238954344651021
                 -0.0231    -0.09295596513146601    -0.09295596513146601
                 -0.0077    -0.01134173313828289    -0.01134173313828289
                  0.0077    -0.01134173313828289    -0.01134173313828289
                  0.0231    -0.09295596513146601    -0.09295596513146601
                  0.0385     -0.2238954344651021     -0.2238954344651021
                  0.0539     -0.3741615857571827     -0.3741615857571827
     0.06930000000000001     -0.5281906542019473     -0.5281906542019473
                  0.0847     -0.6797563199277978     -0.6797563199277978
                  0.1001     -0.8265507234916298     -0.8265507234916298
                  0.1155     -0.9676589631913725     -0.9676589631913725
                  0.1309      -1.102612261044575      -1.102612261044575
                  0.1463      -1.231061930239098      -1.231061930239098
                  0.1617      -1.352675686386516      -1.352675686386516
                  0.1771      -1.467110969828267      -1.467110969828267
                  0.1925      -1.574013925586585      -1.574013925586585
                  0.2079      -1.673026048247194      -1.673026048247194
                  0.2233       -1.76379231577002       -1.76379231577002
                  0.2387      -1.845968836414547      -1.845968836414547
                  0.2541      -1.919229507657854      -1.919229507657854
                  0.2695      -1.983271675654348      -1.983271675654348
                  0.2849      -2.037820919466599      -2.037820919466599
                  0.3003      -2.082635097922134      -2.082635097922134
                  0.3157      -2.117507773744276      -2.117507773744276
      0.3311000000000001      -2.142271099882453      -2.142271099882453
                  0.3465       -2.15679822674313       -2.15679822674313
                  0.3619      -2.161005268599659      -2.161005268599659
                  0.3773      -2.154852852719575      -2.154852852719575
                  0.3927      -2.138347264755318      -2.138347264755318
                  0.4081      -2.111541197726582      -2.111541197726582
                  0.4235      -2.074534108592831      -2.074534108592831
                  0.4389      -2.027472185317194      -2.027472185317194
                  0.4543      -1.970547927859228      -1.970547927859228
                  0.4697      -1.903999348301881      -1.903999348301881
                  0.4851      -1.828108797929165      -1.828108797929165
      0.5005000000000001      -1.743201432291306      -1.743201432291306
                  0.5159      -1.649643328799354      -1.649643328799354
      0.5313000000000001      -1.547839275098116      -1.547839275098116
      0.5467000000000001      -1.438230250072057      -1.438230250072057
      0.5620999999999999      -1.321290622846303      -1.321290622846303
                  0.5775      -1.197525098291618      -1.197525098291618
                  0.5929      -1.067465440364429      -1.067465440364429
      0.6083000000000001     -0.9316670069468449     -0.9316670069468449
                  0.6237     -0.7907051316768672     -0.7907051316768672
                  0.6391     -0.6451713895570907     -0.6451713895570907
      0.6545000000000001      -0.495669783850889      -0.495669783850889
      0.6699000000000001     -0.3428128919515188     -0.3428128919515188
                  0.6853     -0.1872180075074058     -0.1872180075074058
                  0.7007    -0.02950331522809381    -0.02950331522809381
                  0.7161      0.1297158666205391      0.1297158666205391
                  0.7315      0.2898307428002215      0.2898307428002215
                  0.7469      0.4502425657331575      0.4502425657331575
      0.7623000000000001      0.6103659996606742      0.6103659996606742
      0.7777000000000001      0.7696322985518707      0.7696322985518707
                  0.7931      0.9274922749683572      0.9274922749683572
                  0.8085       1.083419040176663       1.083419040176663
                  0.8239       1.236910498971709       1.236910498971709
                  0.8393       1.387491585893002       1.387491585893002
                  0.8547       1.534716232680789       1.534716232680789
      0.8701000000000001       1.678169059932756       1.678169059932756
      0.8855000000000001       1.817466788933574       1.817466788933574
                  0.9009       1.952259372498661       1.952259372498661
      0.9163000000000001       2.082230846383358       2.082230846383358
                  0.9317       2.207099905335662       2.207099905335662
      0.9471000000000001       2.326620210215949       2.326620210215949
                  0.9625       2.440580434726196       2.440580434726196
                  0.9779         2.5488040622269         2.5488040622269
      0.9933000000000001       2.651148944823438       2.651148944823438
                  1.0087       2.747506638420216       2.747506638420216
                  1.0241       2.837801528738539       2.837801528738539
                  1.0395       2.921989764401622       2.921989764401622
                  1.0549       3.000058014104622       3.000058014104622
                  1.0703       3.072022065616407       3.072022065616407
                  1.0857       3.137925284920688       3.137925284920688
                  1.1011       3.197836954175144       3.197836954175144
                  1.1165        3.25185050739804        3.25185050739804
                  1.1319       3.300081682846183       3.300081682846183
                  1.1473       3.342666610962748       3.342666610962748
                  1.1627       3.379759856521115       3.379759856521115
                  1.1781       3.411532433220342       3.411532433220342
                  1.1935        3.43816980844758        3.43816980844758
                  1.2089       3.459869915272737       3.459869915272737
                  1.2243       3.476841187932377       3.476841187932377
                  1.2397       3.489300636161721       3.489300636161721
                  1.2551       3.497471972674655       3.497471972674655
                  1.2705       3.501583806963095       3.501583806963095
                  1.2859       3.501867917336287       3.501867917336287
                  1.3013       3.498557611793332       3.498557611793332
                  1.3167         3.4918861869242         3.4918861869242
                  1.3321       3.482085492579239       3.482085492579239
                  1.3475       3.469384608561086       3.469384608561086
                  1.3629       3.454008638080925       3.454008638080925
                  1.3783         3.4361776212363         3.4361776212363
                  1.3937       3.416105570263661       3.416105570263661
                  1.4091       3.393999626918535       3.393999626918535
                  1.4245       3.370059340948705       3.370059340948705
                  1.4399       3.344476067358425       3.344476067358425
                  1.4553       3.317432478972965       3.317432478972965
                  1.4707       3.289102189756503       3.289102189756503
                  1.4861        3.25964948339784        3.25964948339784
                  1.5015       3.229229140876273       3.229229140876273
                  1.5169       3.197986360068693       3.197986360068693
                  1.5323       3.166056759942615       3.166056759942615
                  1.5477       3.133566461514677       3.133566461514677
                  1.5631       3.100632237529532       3.100632237529532
                  1.5785       3.067361722715524       3.067361722715524
                  1.5939       3.033853676517109       3.033853676517109
                  1.6093       3.000198290336142       3.000198290336142
                  1.6247       2.966477531588187       2.966477531588187
                  1.6401       2.932765517189783       2.932765517189783
                  1.6555       2.899128909530473       2.899128909530473
                  1.6709       2.865627328442485       2.865627328442485
                  1.6863       2.832313773198576       2.832313773198576
                  1.7017       2.799235049134854       2.799235049134854
                  1.7171       2.766432194020805       2.766432194020805
                  1.7325        2.73394089994185        2.73394089994185
                  1.7479       2.701791926940539       2.701791926940539
                  1.7633       2.670011505312837       2.670011505312837
                  1.7787       2.638621723890212       2.638621723890212
                  1.7941       2.607640902238875       2.607640902238875
                  1.8095        2.57708394509195        2.57708394509195
                  1.8249        2.54696267783559        2.54696267783559
                  1.8403       2.517286162195621       2.517286162195621
                  1.8557       2.488060991685096       2.488060991685096
                  1.8711       2.459291566644803       2.459291566644803
                  1.8865        2.43098034897729        2.43098034897729
                  1.9019       2.403128096922102       2.403128096922102
                  1.9173       2.375734080409914       2.375734080409914
                  1.9327       2.348796277660307       2.348796277660307
                  1.9481       2.322311553854543       2.322311553854543
                  1.9635       2.296275822767842       2.296275822767842
                  1.9789       2.270684192329263       2.270684192329263
                  1.9943       2.245531095133644       2.245531095133644
                  2.0097       2.220810404921048       2.220810404921048
                  2.0251       2.196515540057791       2.196515540057791
                  2.0405       2.172639555052632       2.172639555052632
                  2.0559       2.149175221100801       2.149175221100801
                  2.0713       2.126115096623282       2.126115096623282
                  2.0867       2.103451588729813       2.103451588729813
                  2.1021       2.081177006476497       2.081177006476497
                  2.1175       2.059283606745886       2.059283606745886
                  2.1329       2.037763633533745       2.037763633533745
                  2.1483       2.016609351349712       2.016609351349712
                  2.1637        1.99581307338775        1.99581307338775
                  2.1791        1.97536718509462        1.97536718509462
                  2.1945        1.95526416368434        1.95526416368434
                  2.2099       1.935496594077937       1.935496594077937
                  2.2253       1.916057181781393       1.916057181781393
                  2.2407       1.896938763043443       1.896938763043443
                  2.2561       1.878134312713016       1.878134312713016
                  2.2715       1.859636950086792       1.859636950086792
                  2.2869       1.841439943070534       1.841439943070534
                  2.3023        1.82353671088263        1.82353671088263
                  2.3177       1.805920825526425       1.805920825526425
                  2.3331       1.788586012254428       1.788586012254428
                  2.3485       1.771526149163775       1.771526149163775
                  2.3639        1.75473526609137        1.75473526609137
                  2.3793       1.738207542940861       1.738207542940861
                  2.3947       1.721937307519405       1.721937307519405
                  2.4101       1.705919033039562       1.705919033039562
                  2.4255       1.690147335310078       1.690147335310078
                  2.4409       1.674616969709364       1.674616969709364
                  2.4563       1.659322827997884       1.659322827997884
                  2.4717        1.64425993502413        1.64425993502413
                  2.4871       1.629423445356847       1.629423445356847
                  2.5025       1.614808639868837       1.614808639868837
                  2.5179       1.600410922320435       1.600410922320435
                  2.5333         1.5862258159498         1.5862258159498
                  2.5487       1.572248960106633       1.572248960106633
                  2.5641        1.55847610690974        1.55847610690974
                  2.5795       1.544903117979435       1.544903117979435
                  2.5949       1.531525961225114       1.531525961225114
                  2.6103         1.5183407077152         1.5183407077152
                  2.6257       1.505343528607269       1.505343528607269
                  2.6411       1.492530692176466       1.492530692176466
                  2.6565       1.479898560924436       1.479898560924436
                  2.6719         1.4674435887619         1.4674435887619
                  2.6873       1.455162318283516       1.455162318283516
       2.702700000000001       1.443051378123109       1.443051378123109
                  2.7181       1.431107480394749       1.431107480394749
                  2.7335       1.419327418213946       1.419327418213946
                  2.7489       1.407708063298624       1.407708063298624
                  2.7643       1.396246363651335       1.396246363651335
                  2.7797       1.384939341312681       1.384939341312681
                  2.7951       1.373784090193812       1.373784090193812
                  2.8105       1.362777773980574       1.362777773980574
                  2.8259       1.351917624102573       1.351917624102573
                  2.8413       1.341200937775064       1.341200937775064
                  2.8567       1.330625076103757       1.330625076103757
                  2.8721       1.320187462252054       1.320187462252054
                  2.8875       1.309885579673036       1.309885579673036
                  2.9029       1.299716970395687       1.299716970395687
                  2.9183       1.289679233367309       1.289679233367309
                  2.9337        1.27977002285747        1.27977002285747
                  2.9491       1.269987046904194       1.269987046904194
                  2.9645       1.260328065819482       1.260328065819482
                  2.9799       1.250790890740091       1.250790890740091
                  2.9953       1.241373382226093       1.241373382226093
                  3.0107       1.232073448902437       1.232073448902437
                  3.0261       1.222889046148983       1.222889046148983
                  3.0415       1.213818174826578       1.213818174826578
                  3.0569       1.204858880049152       1.204858880049152
                  3.0723       1.196009249993034       1.196009249993034
                  3.0877       1.187267414742023       1.187267414742023
                  3.1031       1.178631545169514       1.178631545169514
                  3.1185       1.170099851860359       1.170099851860359
                  3.1339       1.161670584057116       1.161670584057116
                  3.1493       1.153342028647764       1.153342028647764
                  3.1647       1.145112509180729       1.145112509180729
                  3.1801       1.136980384910333       1.136980384910333
                  3.1955       1.128944049871557       1.128944049871557
                  3.2109       1.121001931983303       1.121001931983303
                  3.2263        1.11315249217824        1.11315249217824
                  3.2417       1.105394223561271       1.105394223561271
                  3.2571       1.097725650590012       1.097725650590012
                  3.2725       1.090145328282193       1.090145328282193
                  3.2879       1.082651841443667       1.082651841443667
                  3.3033       1.075243803923792       1.075243803923792
                  3.3187       1.067919857888981       1.067919857888981
                  3.3341       1.060678673119573       1.060678673119573
                  3.3495         1.0535189463257         1.0535189463257
                  3.3649       1.046439400484467       1.046439400484467
                  3.3803       1.039438784197108       1.039438784197108
                  3.3957       1.032515871061575       1.032515871061575
                  3.4111       1.025669459065103       1.025669459065103
                  3.4265       1.018898369995729       1.018898369995729
                  3.4419       1.012201448866958       1.012201448866958
                  3.4573       1.005577563362743       1.005577563362743
                  3.4727      0.9990256032926716      0.9990256032926716
                  3.4881      0.9925444800692461      0.9925444800692461
                  3.5035      0.9861331261959504      0.9861331261959504
                  3.5189      0.9797904947687417      0.9797904947687417
                  3.5343      0.9735155589924588      0.9735155589924588
                  3.5497      0.9673073117106474      0.9673073117106474
                  3.5651      0.9611647649517019      0.9611647649517019
                  3.5805      0.9550869494784326      0.9550869494784326
                  3.5959      0.9490729143622713      0.9490729143622713
                  3.6113      0.9431217265561771      0.9431217265561771
                  3.6267      0.9372324704902487      0.9372324704902487
                  3.6421      0.9314042476701505      0.9314042476701505
                  3.6575      0.9256361762908143      0.9256361762908143
                  3.6729      0.9199273908602428      0.9199273908602428
                  3.6883      0.9142770418290412      0.9142770418290412
                  3.7037      0.9086842952359099      0.9086842952359099
                  3.7191      0.9031483323594562      0.9031483323594562
                  3.7345      0.8976683493755363      0.8976683493755363
                  3.7499      0.8922435570324208      0.8922435570324208
                  3.7653      0.8868731803250284      0.8868731803250284
                  3.7807      0.8815564581859707      0.8815564581859707
                  3.7961      0.8762926431757652      0.8762926431757652
                  3.8115       0.871081001190074       0.871081001190074
                  3.8269      0.8659208111674191      0.8659208111674191
                  3.8423      0.8608113648074115      0.8608113648074115
                  3.8577      0.8557519662968019      0.8557519662968019
                  3.8731      0.8507419320408227      0.8507419320408227
                  3.8885      0.8457805904016684      0.8457805904016684
                  3.9039      0.8408672814450328      0.8408672814450328
                  3.9193      0.8360013566905079      0.8360013566905079
                  3.9347      0.8311821788705864      0.8311821788705864
                  3.9501      0.8264091216948308      0.8264091216948308
                  3.9655      0.8216815696167075      0.8216815696167075
                  3.9809       0.816998917614013       0.816998917614013
                  3.9963       0.812360570966707       0.812360570966707
                  4.0117      0.8077659450431687      0.8077659450431687
                  4.0271      0.8032144650924982      0.8032144650924982
                  4.0425      0.7987055660427523      0.7987055660427523
                  4.0579      0.7942386922991519      0.7942386922991519
       4.073300000000001      0.7898132975535506      0.7898132975535506
                  4.0887      0.7854288445941754      0.7854288445941754
       4.104100000000001      0.7810848051219569      0.7810848051219569
                  4.1195      0.7767806595675583      0.7767806595675583
                  4.1349      0.7725158969200414      0.7725158969200414
       4.150300000000001      0.7682900145533226      0.7682900145533226
                  4.1657      0.7641025180566459      0.7641025180566459
       4.181100000000001      0.7599529210738398      0.7599529210738398
                  4.1965       0.755840745143415       0.755840745143415
                  4.2119      0.7517655195406564      0.7517655195406564
       4.227300000000001      0.7477267811265732      0.7477267811265732
                  4.2427      0.7437240741995694      0.7437240741995694
       4.258100000000001      0.7397569503473646      0.7397569503473646
                  4.2735      0.7358249683073983      0.7358249683073983
       4.288900000000001      0.7319276938287648      0.7319276938287648
                  4.3043      0.7280646995341779      0.7280646995341779
                  4.3197      0.7242355647878513      0.7242355647878513
       4.335100000000001       0.720439875567673       0.720439875567673
                  4.3505      0.7166772243377177      0.7166772243377177
       4.365900000000001      0.7129472099223828      0.7129472099223828
                  4.3813      0.7092494373884007      0.7092494373884007
       4.396700000000001      0.7055835179261534      0.7055835179261534
       4.412100000000001      0.7019490687325587      0.7019490687325587
                  4.4275      0.6983457128996987      0.6983457128996987
                  4.4429      0.6947730793022586      0.6947730793022586
       4.458299999999999      0.6912308024912657      0.6912308024912657
                  4.4737      0.6877185225876995      0.6877185225876995
                  4.4891      0.6842358851789876      0.6842358851789876
                  4.5045      0.6807825412179034      0.6807825412179034
                  4.5199      0.6773581469237394      0.6773581469237394
       4.535299999999999      0.6739623636854419      0.6739623636854419
                  4.5507      0.6705948579661173      0.6705948579661173
                  4.5661      0.6672553012123401      0.6672553012123401
                  4.5815      0.6639433697626329      0.6639433697626329
                  4.5969      0.6606587447576978      0.6606587447576978
                  4.6123      0.6574011120551834      0.6574011120551834
                  4.6277      0.6541701621418692      0.6541701621418692
                  4.6431      0.6509655900537678      0.6509655900537678
                  4.6585      0.6477870952942547      0.6477870952942547
                  4.6739      0.6446343817525173      0.6446343817525173
                  4.6893      0.6415071576271664      0.6415071576271664
                  4.7047       0.638405135349275       0.638405135349275
                  4.7201      0.6353280315076514      0.6353280315076514
                  4.7355      0.6322755667753592      0.6322755667753592
                  4.7509      0.6292474658374987      0.6292474658374987
                  4.7663      0.6262434573223342      0.6262434573223342
                  4.7817      0.6232632737323408      0.6232632737323408
                  4.7971      0.6203066513766952      0.6203066513766952
                  4.8125      0.6173733303023298      0.6173733303023298
       4.827900000000001      0.6144630542354683      0.6144630542354683
                  4.8433      0.6115755705128005      0.6115755705128005
                  4.8587      0.6087106300218027      0.6087106300218027
                  4.8741      0.6058679871377711      0.6058679871377711
                  4.8895       0.603047399670513       0.603047399670513
                  4.9049      0.6002486287964161      0.6002486287964161
                  4.9203      0.5974714390095992      0.5974714390095992
       4.935700000000001       0.594715598061097       0.594715598061097
                  4.9511      0.5919808769061765      0.5919808769061765
                  4.9665      0.5892670496501234      0.5892670496501234
                  4.9819      0.5865738934942728      0.5865738934942728
                  4.9973      0.5839011886857278      0.5839011886857278
       5.012700000000001      0.5812487184655206      0.5812487184655206
                  5.0281      0.5786162690199512      0.5786162690199512
       5.043500000000001      0.5760036294303579      0.5760036294303579
                  5.0589      0.5734105916277263      0.5734105916277263
                  5.0743      0.5708369503432544      0.5708369503432544
       5.089700000000001      0.5682825030634743      0.5682825030634743
                  5.1051      0.5657470499855052      0.5657470499855052
       5.120500000000001      0.5632303939730969      0.5632303939730969
                  5.1359      0.5607323405122269      0.5607323405122269
                  5.1513      0.5582526976692367      0.5582526976692367
       5.166700000000001       0.555791276048701       0.555791276048701
                  5.1821      0.5533478887538036      0.5533478887538036
       5.197500000000001       0.550922351343803       0.550922351343803
                  5.2129      0.5485144817963419      0.5485144817963419
       5.228300000000001      0.5461241004684082      0.5461241004684082
                  5.2437      0.5437510300593043      0.5437510300593043
                  5.2591      0.5413950955730116      0.5413950955730116
       5.274500000000001      0.5390561242804843      0.5390561242804843
                  5.2899      0.5367339456851546      0.5367339456851546
       5.305300000000001      0.5344283914862932      0.5344283914862932
                  5.3207      0.5321392955474443      0.5321392955474443
       5.336100000000001      0.5298664938592246      0.5298664938592246
       5.351500000000001       0.527609824507457       0.527609824507457
                  5.3669      0.5253691276417656      0.5253691276417656
       5.382300000000001      0.5231442454412213      0.5231442454412213
                  5.3977      0.5209350220851284      0.5209350220851284
       5.413100000000001      0.5187413037210402      0.5187413037210402
                  5.4285      0.5165629384332064      0.5165629384332064
                  5.4439      0.5143997762169623      0.5143997762169623
                  5.4593      0.5122516689438693      0.5122516689438693
       5.474699999999999      0.5101184703363604      0.5101184703363604
                  5.4901       0.508000035940335       0.508000035940335
                  5.5055      0.5058962230963661      0.5058962230963661
                  5.5209      0.5038068909101667      0.5038068909101667
                  5.5363      0.5017319002300039      0.5017319002300039
                  5.5517      0.4996711136186606      0.4996711136186606
                  5.5671      0.4976243953268976      0.4976243953268976
                  5.5825      0.4955916112691519      0.4955916112691519
                  5.5979      0.4935726289991228      0.4935726289991228
                  5.6133      0.4915673176832659      0.4915673176832659
                  5.6287      0.4895755480793316      0.4895755480793316
                  5.6441      0.4875971925112019      0.4875971925112019
                  5.6595      0.4856321248473549      0.4856321248473549
                  5.6749      0.4836802204757114      0.4836802204757114
                  5.6903      0.4817413562831338      0.4817413562831338
                  5.7057       0.479815410632801       0.479815410632801
                  5.7211      0.4779022633424677      0.4779022633424677
                  5.7365      0.4760017956646291      0.4760017956646291
                  5.7519      0.4741138902634315      0.4741138902634315
       5.767300000000001      0.4722384311955468      0.4722384311955468
                  5.7827      0.4703753038901274      0.4703753038901274
                  5.7981       0.468524395128401       0.468524395128401
                  5.8135      0.4666855930252522      0.4666855930252522
                  5.8289      0.4648587870092057      0.4648587870092057
                  5.8443      0.4630438678024205      0.4630438678024205
                  5.8597      0.4612407274051054      0.4612407274051054
       5.875100000000001      0.4594492590750262      0.4594492590750262
                  5.8905      0.4576693573107845      0.4576693573107845
                  5.9059      0.4559009178334748      0.4559009178334748
                  5.9213      0.4541438375702148      0.4541438375702148
                  5.9367      0.4523980146357744      0.4523980146357744
       5.952100000000001       0.450663348318417       0.450663348318417
                  5.9675      0.4489397390601667      0.4489397390601667
                  5.9829      0.4472270884433528      0.4472270884433528
                  5.9983      0.4455252991742063      0.4455252991742063
                  6.0137      0.4438342750654823      0.4438342750654823
       6.029100000000001      0.4421539210239426      0.4421539210239426
                  6.0445       0.440484143030737       0.440484143030737
       6.059900000000001      0.4388248481330418      0.4388248481330418
                  6.0753      0.4371759444229443      0.4371759444229443
                  6.0907      0.4355373410272922      0.4355373410272922
       6.106100000000001      0.4339089480916629      0.4339089480916629
                  6.1215       0.432290676767004       0.432290676767004
       6.136900000000001      0.4306824391958485      0.4306824391958485
                  6.1523      0.4290841484988449      0.4290841484988449
       6.167700000000001      0.4274957187615112      0.4274957187615112
                  6.1831      0.4259170650214984      0.4259170650214984
                  6.1985      0.4243481032536132      0.4243481032536132
       6.213900000000001      0.4227887503615644      0.4227887503615644
                  6.2293      0.4212389241601242      0.4212389241601242
       6.244700000000001      0.4196985433666375      0.4196985433666375
                  6.2601      0.4181675275885074      0.4181675275885074
       6.275500000000001      0.4166457973108765      0.4166457973108765
       6.290900000000001      0.4151332738828306      0.4151332738828306
                  6.3063      0.4136298795103036      0.4136298795103036
       6.321700000000001      0.4121355372410763      0.4121355372410763
                  6.3371      0.4106501709553488      0.4106501709553488
       6.352500000000001      0.4091737053528401      0.4091737053528401
       6.367900000000001      0.4077060659453572      0.4077060659453572
       6.383300000000001      0.4062471790443722      0.4062471790443722
       6.398700000000001      0.4047969717487979      0.4047969717487979
       6.414099999999999      0.4033553719383238      0.4033553719383238
                  6.4295      0.4019223082596827      0.4019223082596827
                  6.4449      0.4004977101184846      0.4004977101184846
                  6.4603      0.3990815076697171      0.3990815076697171
                  6.4757      0.3976736318074027      0.3976736318074027
                  6.4911      0.3962740141550929      0.3962740141550929
                  6.5065      0.3948825870557001      0.3948825870557001
                  6.5219      0.3934992835651823      0.3934992835651823
                  6.5373      0.3921240374391475      0.3921240374391475
                  6.5527      0.3907567831272737      0.3907567831272737
                  6.5681      0.3893974557633749      0.3893974557633749
                  6.5835      0.3880459911565918      0.3880459911565918
                  6.5989      0.3867023257822697      0.3867023257822697
                  6.6143      0.3853663967732141      0.3853663967732141
                  6.6297      0.3840381419156331      0.3840381419156331
                  6.6451      0.3827174996334554      0.3827174996334554
                  6.6605      0.3814044089871626      0.3814044089871626
                  6.6759       0.380098809661747       0.380098809661747
                  6.6913      0.3788006419598331      0.3788006419598331
       6.706700000000001      0.3775098467951546      0.3775098467951546
                  6.7221      0.3762263656840221      0.3762263656840221
                  6.7375      0.3749501407378945      0.3749501407378945
                  6.7529      0.3736811146545109      0.3736811146545109
                  6.7683      0.3724192307152238      0.3724192307152238
       6.783700000000001      0.3711644327703961      0.3711644327703961
                  6.7991      0.3699166652410235      0.3699166652410235
       6.814500000000001      0.3686758731048224      0.3686758731048224
                  6.8299      0.3674420018910757      0.3674420018910757
                  6.8453      0.3662149976777132      0.3662149976777132
                  6.8607      0.3649948070789924      0.3649948070789924
                  6.8761      0.3637813772421337      0.3637813772421337
       6.891500000000001      0.3625746558413552      0.3625746558413552
                  6.9069      0.3613745910689434      0.3613745910689434
                  6.9223       0.360181131632618       0.360181131632618
                  6.9377      0.3589942267451044      0.3589942267451044
                  6.9531      0.3578138261201871      0.3578138261201871
       6.968500000000001      0.3566398799679688      0.3566398799679688
                  6.9839      0.3554723389856353      0.3554723389856353
       6.999300000000001       0.354311154354899       0.354311154354899
                  7.0147      0.3531562777346613      0.3531562777346613
                  7.0301      0.3520076612550539      0.3520076612550539
       7.045500000000001      0.3508652575120951      0.3508652575120951
                  7.0609       0.349729019563053       0.349729019563053
       7.076300000000001      0.3485989009205337      0.3485989009205337
                  7.0917      0.3474748555450088      0.3474748555450088
       7.107100000000001       0.346356837843534       0.346356837843534
                  7.1225      0.3452448026600001      0.3452448026600001
                  7.1379      0.3441387052747955      0.3441387052747955
       7.153300000000001      0.3430385013944774      0.3430385013944774
                  7.1687      0.3419441471521873      0.3419441471521873
       7.184100000000001       0.340855599097783       0.340855599097783
                  7.1995      0.3397728141961589      0.3397728141961589
       7.214900000000001       0.338695749821818       0.338695749821818
       7.230300000000001      0.3376243637526321      0.3376243637526321
                  7.2457      0.3365586141677106      0.3365586141677106
       7.261100000000001      0.3354984596403869      0.3354984596403869
                  7.2765      0.3344438591343703      0.3344438591343703
       7.291900000000001      0.3333947720008757      0.3333947720008757
       7.307300000000001      0.3323511579710594      0.3323511579710594
       7.322700000000001      0.3313129771545546      0.3313129771545546
       7.338100000000001      0.3302801900341531      0.3302801900341531
                  7.3535      0.3292527574611928      0.3292527574611928
       7.368900000000001      0.3282306406498375      0.3282306406498375
       7.384300000000001      0.3272138011785957      0.3272138011785957
                  7.3997      0.3262022009780336      0.3262022009780336
                  7.4151      0.3251958023342579      0.3251958023342579
                  7.4305       0.324194567879067       0.324194567879067
                  7.4459      0.3231984605915973      0.3231984605915973
                  7.4613      0.3222074437897742      0.3222074437897742
                  7.4767      0.3212214811281348      0.3212214811281348
                  7.4921      0.3202405365941736      0.3202405365941736
                  7.5075      0.3192645745058516      0.3192645745058516
                  7.5229       0.318293559504678       0.318293559504678
                  7.5383      0.3173274565558421      0.3173274565558421
                  7.5537      0.3163662309428696      0.3163662309428696
                  7.5691      0.3154098482623123      0.3154098482623123
                  7.5845       0.314458274424293       0.314458274424293
                  7.5999        0.31351147564578        0.31351147564578
                  7.6153       0.312569418447587       0.312569418447587
                  7.6307      0.3116320696533402      0.3116320696533402
       7.646100000000001      0.3106993963829293      0.3106993963829293
                  7.6615      0.3097713660517656      0.3097713660517656
                  7.6769      0.3088479463665593      0.3088479463665593
                  7.6923       0.307929105322257       0.307929105322257
       7.707700000000001      0.3070148111986778      0.3070148111986778
       7.723100000000001      0.3061050325576886      0.3061050325576886
       7.738500000000001      0.3051997382404102      0.3051997382404102
       7.753900000000001      0.3042988973630678      0.3042988973630678
       7.769300000000001      0.3034024793154272      0.3034024793154272
       7.784700000000001      0.3025104537567891      0.3025104537567891
       7.800100000000001      0.3016227906140447      0.3016227906140447
       7.815500000000001      0.3007394600782816      0.3007394600782816
       7.830900000000002      0.2998604326014152      0.2998604326014152
       7.846300000000001      0.2989856788944543      0.2989856788944543
       7.861700000000001      0.2981151699239823      0.2981151699239823
       7.877100000000001      0.2972488769096617      0.2972488769096617
       7.892499999999999       0.296386771321516       0.296386771321516
                  7.9079      0.2955288248779478      0.2955288248779478
       7.923299999999999      0.2946750095412625      0.2946750095412625
                  7.9387      0.2938252975175293      0.2938252975175293
                  7.9541      0.2929796612520471      0.2929796612520471
       7.969499999999999      0.2921380734275859      0.2921380734275859
                  7.9849      0.2913005069622182      0.2913005069622182
       8.000299999999999      0.2904669350058873      0.2904669350058873
       8.015699999999999      0.2896373309394646      0.2896373309394646
                  8.0311      0.2888116683709741      0.2888116683709741
                  8.0465         0.2879899211335         0.2879899211335
                  8.0619      0.2871720632835376      0.2871720632835376
       8.077299999999999      0.2863580690973689      0.2863580690973689
       8.092699999999999      0.2855479130709192      0.2855479130709192
                  8.1081      0.2847415699146486      0.2847415699146486
                  8.1235      0.2839390145542509      0.2839390145542509
                  8.1389      0.2831402221261463      0.2831402221261463
       8.154299999999999      0.2823451679762217      0.2823451679762217
       8.169700000000001      0.2815538276577786      0.2815538276577786
                  8.1851      0.2807661769298267      0.2807661769298267
                  8.2005      0.2799821917534038      0.2799821917534038
                  8.2159      0.2792018482912785      0.2792018482912785
       8.231299999999999      0.2784251229052506      0.2784251229052506
       8.246700000000001      0.2776519921534623      0.2776519921534623
                  8.2621      0.2768824327895322      0.2768824327895322
                  8.2775      0.2761164217594702      0.2761164217594702
       8.292899999999999      0.2753539362004601      0.2753539362004601
       8.308299999999999      0.2745949534392294      0.2745949534392294
       8.323700000000001      0.2738394509885794      0.2738394509885794
                  8.3391      0.2730874065476827      0.2730874065476827
                  8.3545      0.2723387979983094      0.2723387979983094
       8.369899999999999      0.2715936034043914      0.2715936034043914
       8.385299999999999      0.2708518010090837      0.2708518010090837
       8.400700000000001      0.2701133692336907      0.2701133692336907
                  8.4161      0.2693782866757026      0.2693782866757026
                  8.4315      0.2686465321071301      0.2686465321071301
       8.446899999999999      0.2679180844725196      0.2679180844725196
       8.462300000000001      0.2671929228872654      0.2671929228872654
                  8.4777      0.2664710266360779      0.2664710266360779
                  8.4931       0.265752375171652       0.265752375171652
                  8.5085      0.2650369481123044      0.2650369481123044
       8.523899999999999      0.2643247252404755      0.2643247252404755
       8.539300000000001      0.2636156865016277      0.2636156865016277
                  8.5547      0.2629098120021995      0.2629098120021995
                  8.5701       0.262207082007954       0.262207082007954
                  8.5855      0.2615074769427662      0.2615074769427662
       8.600899999999999       0.260810977387375       0.260810977387375
       8.616300000000001      0.2601175640766211      0.2601175640766211
                  8.6317      0.2594272178986024      0.2594272178986024
                  8.6471      0.2587399198945969      0.2587399198945969
                  8.6625      0.2580556512550513      0.2580556512550513
       8.677900000000001       0.257374393319717       0.257374393319717
       8.693300000000001      0.2566961275764169      0.2566961275764169
                  8.7087      0.2560208356583005      0.2560208356583005
                  8.7241      0.2553484993436774      0.2553484993436774
                  8.7395      0.2546791005536258      0.2546791005536258
       8.754900000000001      0.2540126213519401      0.2540126213519401
       8.770300000000001      0.2533490439421393      0.2533490439421393
                  8.7857      0.2526883506677216      0.2526883506677216
                  8.8011      0.2520305240096652      0.2520305240096652
                  8.8165      0.2513755465854186      0.2513755465854186
       8.831900000000001      0.2507234011479413      0.2507234011479413
       8.847300000000001      0.2500740705842833      0.2500740705842833
                  8.8627      0.2494275379141694      0.2494275379141694
                  8.8781      0.2487837862882628      0.2487837862882628
       8.893500000000001       0.248142798988338       0.248142798988338
       8.908900000000001      0.2475045594246548      0.2475045594246548
       8.924300000000001       0.246869051135151       0.246869051135151
                  8.9397      0.2462362577847373      0.2462362577847373
                  8.9551      0.2456061631634583      0.2456061631634583
       8.970500000000001      0.2449787511854709      0.2449787511854709
       8.985900000000001       0.244354005888364       0.244354005888364
       9.001300000000001      0.2437319114315338      0.2437319114315338
                  9.0167      0.2431124520946621      0.2431124520946621
                  9.0321      0.2424956122777272      0.2424956122777272
       9.047500000000001      0.2418813764990208      0.2418813764990208
       9.062900000000001      0.2412697293943627      0.2412697293943627
                  9.0783      0.2406606557154215      0.2406606557154215
                  9.0937      0.2400541403296568      0.2400541403296568
                  9.1091      0.2394501682187496      0.2394501682187496
       9.124500000000001      0.2388487244776071      0.2388487244776071
       9.139900000000001      0.2382497943128528      0.2382497943128528
                  9.1553      0.2376533630424212      0.2376533630424212
                  9.1707      0.2370594160943452      0.2370594160943452
       9.186100000000001       0.236467939005601       0.236467939005601
       9.201500000000001      0.2358789174214347      0.2358789174214347
       9.216900000000001      0.2352923370940301      0.2352923370940301
                  9.2323      0.2347081838818955      0.2347081838818955
                  9.2477      0.2341264437487353      0.2341264437487353
       9.263100000000001      0.2335471027619455      0.2335471027619455
       9.278500000000001      0.2329701470927824      0.2329701470927824
       9.293900000000001      0.2323955630142532      0.2323955630142532
                  9.3093      0.2318233369012493      0.2318233369012493
                  9.3247       0.231253455228972       0.231253455228972
       9.340100000000001      0.2306859045717923      0.2306859045717923
       9.355500000000001      0.2301206716035476      0.2301206716035476
       9.370900000000001      0.2295577430951729      0.2295577430951729
                  9.3863      0.2289971059145342      0.2289971059145342
       9.401700000000002      0.2284387470261198      0.2284387470261198
       9.417100000000001      0.2278826534893585      0.2278826534893585
       9.432500000000001      0.2273288124580869      0.2273288124580869
       9.447900000000001      0.2267772111793055      0.2267772111793055
                  9.4633       0.226227836993134       0.226227836993134
       9.478700000000002      0.2256806773310074      0.2256806773310074
       9.494100000000001      0.2251357197160707      0.2251357197160707
       9.509500000000001      0.2245929517612413      0.2245929517612413
       9.524900000000001       0.224052361169519       0.224052361169519
                  9.5403      0.2235139357314416      0.2235139357314416
       9.555700000000002      0.2229776633261653      0.2229776633261653
       9.571100000000001      0.2224435319199804      0.2224435319199804
       9.586500000000001      0.2219115295648747      0.2219115295648747
       9.601900000000001      0.2213816443995375      0.2213816443995375
                  9.6173      0.2208538646465992      0.2208538646465992
       9.632700000000002      0.2203281786130233      0.2203281786130233
       9.648100000000001      0.2198045746892655      0.2198045746892655
       9.663500000000001      0.2192830413481945      0.2192830413481945
       9.678900000000001      0.2187635671445472      0.2187635671445472
       9.694300000000002      0.2182461407149561      0.2182461407149561
       9.709700000000002      0.2177307507756006      0.2177307507756006
       9.725100000000001      0.2172173861230547      0.2172173861230547
       9.740500000000001      0.2167060356328067      0.2167060356328067
                  9.7559       0.216196688258921       0.216196688258921
       9.771300000000002      0.2156893330331869      0.2156893330331869
       9.786700000000002      0.2151839590643145      0.2151839590643145
       9.802100000000001      0.2146805555373286      0.2146805555373286
       9.817500000000001      0.2141791117139173      0.2141791117139173
                  9.8329      0.2136796169297837      0.2136796169297837
       9.848300000000002      0.2131820605958617      0.2131820605958617
                  9.8637      0.2126864321963906      0.2126864321963906
       9.879099999999999      0.2121927212895206      0.2121927212895206
       9.894499999999999      0.2117009175052491      0.2117009175052491
                  9.9099      0.2112110105460358      0.2112110105460358
                  9.9253       0.210722990185941       0.210722990185941
                  9.9407      0.2102368462691461      0.2102368462691461
       9.956099999999999      0.2097525687107222      0.2097525687107222
       9.971499999999999      0.2092701474942542      0.2092701474942542
                  9.9869      0.2087895726737119      0.2087895726737119
                 10.0023      0.2083108343702698      0.2083108343702698
                 10.0177      0.2078339227736156      0.2078339227736156
                 10.0331      0.2073588281403957      0.2073588281403957
                 10.0485      0.2068855407944357      0.2068855407944357
                 10.0639      0.2064140511252885      0.2064140511252885
                 10.0793      0.2059443495880308      0.2059443495880308
                 10.0947      0.2054764267034898      0.2054764267034898
                 10.1101      0.2050102730563267      0.2050102730563267
                 10.1255      0.2045458792953664      0.2045458792953664
                 10.1409      0.2040832361328821      0.2040832361328821
                 10.1563      0.2036223343442137      0.2036223343442137
                 10.1717      0.2031631647667727      0.2031631647667727
                 10.1871      0.2027057183001451      0.2027057183001451
                 10.2025      0.2022499859050545      0.2022499859050545
                 10.2179      0.2017959586036626      0.2017959586036626
                 10.2333      0.2013436274777251      0.2013436274777251
                 10.2487      0.2008929836691396      0.2008929836691396
                 10.2641      0.2004440183799678      0.2004440183799678
                 10.2795      0.1999967228696955      0.1999967228696955
                 10.2949      0.1995510884575528      0.1995510884575528
                 10.3103      0.1991071065198267      0.1991071065198267
                 10.3257      0.1986647684910428      0.1986647684910428
                 10.3411      0.1982240658620449      0.1982240658620449
                 10.3565      0.1977849901807075      0.1977849901807075
                 10.3719      0.1973475330506421      0.1973475330506421
                 10.3873      0.1969116861314338      0.1969116861314338
                 10.4027      0.1964774411374041      0.1964774411374041
                 10.4181      0.1960447898379014      0.1960447898379014
                 10.4335      0.1956137240565922      0.1956137240565922
                 10.4489      0.1951842356708964      0.1951842356708964
                 10.4643      0.1947563166118127      0.1947563166118127
                 10.4797      0.1943299588633565      0.1943299588633565
                 10.4951      0.1939051544613395      0.1939051544613395
                 10.5105      0.1934818954945823      0.1934818954945823
                 10.5259      0.1930601741037434      0.1930601741037434
                 10.5413      0.1926399824801032      0.1926399824801032
                 10.5567      0.1922213128661644      0.1922213128661644
                 10.5721      0.1918041575552049      0.1918041575552049
                 10.5875       0.191388508890068       0.191388508890068
                 10.6029      0.1909743592640582      0.1909743592640582
                 10.6183      0.1905617011190662      0.1905617011190662
                 10.6337      0.1901505269463742      0.1901505269463742
                 10.6491      0.1897408292854073      0.1897408292854073
                 10.6645      0.1893326007238257      0.1893326007238257
                 10.6799      0.1889258338976194      0.1889258338976194
                 10.6953      0.1885205214891966      0.1885205214891966
                 10.7107      0.1881166562290605      0.1881166562290605
                 10.7261       0.187714230893186       0.187714230893186
                 10.7415      0.1873132383045568      0.1873132383045568
                 10.7569      0.1869136713323618      0.1869136713323618
                 10.7723      0.1865155228911464      0.1865155228911464
                 10.7877      0.1861187859401104      0.1861187859401104
                 10.8031      0.1857234534842701      0.1857234534842701
                 10.8185      0.1853295185720394      0.1853295185720394
                 10.8339      0.1849369742969213      0.1849369742969213
                 10.8493      0.1845458137955247      0.1845458137955247
                 10.8647      0.1841560302482547      0.1841560302482547
                 10.8801      0.1837676168791495      0.1837676168791495
                 10.8955      0.1833805669544242      0.1833805669544242
                 10.9109      0.1829948737831237      0.1829948737831237
                 10.9263      0.1826105307163887      0.1826105307163887
                 10.9417      0.1822275311472021      0.1822275311472021
                 10.9571      0.1818458685097071      0.1818458685097071
                 10.9725      0.1814655362797246      0.1814655362797246
                 10.9879      0.1810865279735934      0.1810865279735934
                 11.0033      0.1807088371483578      0.1807088371483578
                 11.0187      0.1803324574015686      0.1803324574015686
                 11.0341      0.1799573823705154      0.1799573823705154
                 11.0495      0.1795836057321779      0.1795836057321779
                 11.0649       0.179211121202507       0.179211121202507
                 11.0803      0.1788399225370022      0.1788399225370022
                 11.0957      0.1784700035297576      0.1784700035297576
                 11.1111      0.1781013580130359      0.1781013580130359
                 11.1265      0.1777339798579941      0.1777339798579941
                 11.1419      0.1773678629728729      0.1773678629728729
                 11.1573      0.1770030013040597      0.1770030013040597
                 11.1727      0.1766393888345225      0.1766393888345225
                 11.1881      0.1762770195852564      0.1762770195852564
                 11.2035      0.1759158876137212      0.1759158876137212
                 11.2189      0.1755559870130918      0.1755559870130918
                 11.2343      0.1751973119133285      0.1751973119133285
                 11.2497      0.1748398564804325      0.1748398564804325
                 11.2651      0.1744836149155551      0.1744836149155551
                 11.2805      0.1741285814561702      0.1741285814561702
                 11.2959      0.1737747503743275      0.1737747503743275
                 11.3113      0.1734221159759133      0.1734221159759133
                 11.3267      0.1730706726037374      0.1730706726037374
                 11.3421      0.1727204146329697      0.1727204146329697
                 11.3575      0.1723713364733235      0.1723713364733235
                 11.3729      0.1720234325688456      0.1720234325688456
                 11.3883       0.171676697397041       0.171676697397041
                 11.4037      0.1713311254686187      0.1713311254686187
                 11.4191      0.1709867113273365      0.1709867113273365
                 11.4345      0.1706434495502282      0.1706434495502282
                 11.4499      0.1703013347464454      0.1703013347464454
                 11.4653      0.1699603615573931      0.1699603615573931
                 11.4807      0.1696205246571995      0.1696205246571995
                 11.4961       0.169281818751659       0.169281818751659
                 11.5115      0.1689442385779866      0.1689442385779866
                 11.5269      0.1686077789054853      0.1686077789054853
                 11.5423      0.1682724345338687      0.1682724345338687
                 11.5577      0.1679382002941692      0.1679382002941692
                 11.5731      0.1676050710484997      0.1676050710484997
                 11.5885      0.1672730416890485      0.1672730416890485
                 11.6039      0.1669421071385624      0.1669421071385624
                 11.6193      0.1666122623496799      0.1666122623496799
                 11.6347      0.1662835023052702      0.1662835023052702
                 11.6501      0.1659558220171495      0.1659558220171495
                 11.6655      0.1656292165277141      0.1656292165277141
                 11.6809      0.1653036809079863      0.1653036809079863
                 11.6963       0.164979210257912       0.164979210257912
                 11.7117      0.1646557997057979      0.1646557997057979
                 11.7271      0.1643334444096627      0.1643334444096627
                 11.7425      0.1640121395550488      0.1640121395550488
                 11.7579      0.1636918803560892      0.1636918803560892
                 11.7733      0.1633726620549487      0.1633726620549487
                 11.7887      0.1630544799215526      0.1630544799215526
                 11.8041      0.1627373292534131      0.1627373292534131
                 11.8195      0.1624212053745946      0.1624212053745946
                 11.8349      0.1621061036379839      0.1621061036379839
                 11.8503      0.1617920194224835      0.1617920194224835
                 11.8657      0.1614789481338028      0.1614789481338028
                 11.8811      0.1611668852047656      0.1611668852047656
                 11.8965      0.1608558260937543      0.1608558260937543
                 11.9119      0.1605457662866988      0.1605457662866988
                 11.9273       0.160236701294466       0.160236701294466
                 11.9427      0.1599286266542302      0.1599286266542302
                 11.9581      0.1596215379289236      0.1596215379289236
                 11.9735      0.1593154307072185      0.1593154307072185
                 11.9889      0.1590103006026934      0.1590103006026934
                 12.0043      0.1587061432542006      0.1587061432542006
                 12.0197      0.1584029543259911      0.1584029543259911
                 12.0351      0.1581007295066471      0.1581007295066471
                 12.0505      0.1577994645098324      0.1577994645098324
                 12.0659      0.1574991550727955      0.1574991550727955
                 12.0813      0.1571997969581274      0.1571997969581274
                 12.0967       0.156901385952121       0.156901385952121
                 12.1121      0.1566039178650967      0.1566039178650967
                 12.1275      0.1563073885308641      0.1563073885308641
                 12.1429      0.1560117938076704      0.1560117938076704
                 12.1583      0.1557171295761816      0.1557171295761816
                 12.1737      0.1554233917411973      0.1554233917411973
                 12.1891      0.1551305762304003      0.1551305762304003
                 12.2045      0.1548386789945878      0.1548386789945878
                 12.2199      0.1545476960065197      0.1545476960065197
                 12.2353      0.1542576232628756      0.1542576232628756
                 12.2507      0.1539684567826234      0.1539684567826234
                 12.2661      0.1536801926062503      0.1536801926062503
                 12.2815      0.1533928267972936      0.1533928267972936
                 12.2969      0.1531063554408067      0.1531063554408067
                 12.3123      0.1528207746435986      0.1528207746435986
                 12.3277      0.1525360805354787      0.1525360805354787
                 12.3431       0.152252269266624       0.152252269266624
                 12.3585      0.1519693370089219      0.1519693370089219
                 12.3739      0.1516872799555905      0.1516872799555905
                 12.3893      0.1514060943213729      0.1514060943213729
                 12.4047      0.1511257763418218      0.1511257763418218
                 12.4201      0.1508463222732108      0.1508463222732108
                 12.4355      0.1505677283927775      0.1505677283927775
                 12.4509      0.1502899909980598      0.1502899909980598
                 12.4663      0.1500131064071435      0.1500131064071435
                 12.4817      0.1497370709590511      0.1497370709590511
                 12.4971      0.1494618810118356      0.1494618810118356
                 12.5125      0.1491875329445533      0.1491875329445533
                 12.5279      0.1489140231558845      0.1489140231558845
                 12.5433      0.1486413480646698      0.1486413480646698
                 12.5587      0.1483695041084853      0.1483695041084853
                 12.5741      0.1480984877450911      0.1480984877450911
                 12.5895        0.14782829545139        0.14782829545139
                 12.6049      0.1475589237237278      0.1475589237237278
                 12.6203      0.1472903690773804      0.1472903690773804
                 12.6357      0.1470226280470466      0.1470226280470466
                 12.6511      0.1467556971857139      0.1467556971857139
                 12.6665      0.1464895730655364      0.1464895730655364
                 12.6819      0.1462242522768925      0.1462242522768925
                 12.6973      0.1459597314291695      0.1459597314291695
                 12.7127      0.1456960071502524      0.1456960071502524
                 12.7281      0.1454330760855848      0.1454330760855848
                 12.7435      0.1451709348991937      0.1451709348991937
                 12.7589      0.1449095802727988      0.1449095802727988
                 12.7743      0.1446490089066459      0.1446490089066459
                 12.7897      0.1443892175182828      0.1443892175182828
                 12.8051      0.1441302028428673      0.1441302028428673
                 12.8205      0.1438719616330932      0.1438719616330932
                 12.8359      0.1436144906596436      0.1436144906596436
                 12.8513       0.143357786709872       0.143357786709872
                 12.8667      0.1431018465888806      0.1431018465888806
                 12.8821      0.1428466671185359      0.1428466671185359
                 12.8975      0.1425922451372566      0.1425922451372566
                 12.9129      0.1423385775009945      0.1423385775009945
                 12.9283      0.1420856610823993      0.1420856610823993
                 12.9437      0.1418334927710348      0.1418334927710348
                 12.9591      0.1415820694717769      0.1415820694717769
                 12.9745      0.1413313881074769      0.1413313881074769
                 12.9899      0.1410814456163047      0.1410814456163047
                 13.0053       0.140832238952928       0.140832238952928
                 13.0207      0.1405837650883491      0.1405837650883491
                 13.0361      0.1403360210092624      0.1403360210092624
                 13.0515      0.1400890037183249      0.1400890037183249
                 13.0669       0.139842710234186       0.139842710234186
                 13.0823      0.1395971375908947      0.1395971375908947
                 13.0977      0.1393522828386031      0.1393522828386031
                 13.1131      0.1391081430426377      0.1391081430426377
                 13.1285      0.1388647152832937      0.1388647152832937
                 13.1439       0.138621996657113       0.138621996657113
                 13.1593       0.138379984275096       0.138379984275096
                 13.1747      0.1381386752639342      0.1381386752639342
                 13.1901      0.1378980667647008      0.1378980667647008
                 13.2055      0.1376581559339893      0.1376581559339893
                 13.2209      0.1374189399426053      0.1374189399426053
                 13.2363      0.1371804159768491      0.1371804159768491
                 13.2517       0.136942581236777       0.136942581236777
                 13.2671       0.136705432937677       0.136705432937677
                 13.2825      0.1364689683088582      0.1364689683088582
                 13.2979       0.136233184594408       0.136233184594408
                 13.3133       0.135998079052414       0.135998079052414
                 13.3287      0.1357636489552903      0.1357636489552903
                 13.3441      0.1355298915892405      0.1355298915892405
                 13.3595      0.1352968042545369      0.1352968042545369
                 13.3749      0.1350643842660392      0.1350643842660392
                 13.3903      0.1348326289515072      0.1348326289515072
                 13.4057       0.134601535652938       0.134601535652938
                 13.4211      0.1343711017256446      0.1343711017256446
                 13.4365      0.1341413245390198      0.1341413245390198
                 13.4519      0.1339122014756149      0.1339122014756149
                 13.4673      0.1336837299312808      0.1336837299312808
                 13.4827      0.1334559073155438      0.1334559073155438
                 13.4981      0.1332287310510255      0.1332287310510255
                 13.5135      0.1330021985733421      0.1330021985733421
                 13.5289      0.1327763073307166      0.1327763073307166
                 13.5443      0.1325510547854614      0.1325510547854614
                 13.5597      0.1323264384121991      0.1323264384121991
                 13.5751       0.132102455698291       0.132102455698291
                 13.5905       0.131879104143836       0.131879104143836
                 13.6059       0.131656381261905       0.131656381261905
                 13.6213      0.1314342845778212      0.1314342845778212
                 13.6367      0.1312128116294935      0.1312128116294935
                 13.6521      0.1309919599676543      0.1309919599676543
                 13.6675      0.1307717271548517      0.1307717271548517
                 13.6829      0.1305521107658804      0.1305521107658804
                 13.6983      0.1303331083882121      0.1303331083882121
                 13.7137      0.1301147176212774      0.1301147176212774
                 13.7291      0.1298969360763685      0.1298969360763685
                 13.7445      0.1296797613767371      0.1296797613767371
                 13.7599      0.1294631911578345      0.1294631911578345
                 13.7753      0.1292472230666412      0.1292472230666412
                 13.7907      0.1290318547624843      0.1290318547624843
                 13.8061      0.1288170839153604      0.1288170839153604
                 13.8215       0.128602908207665       0.128602908207665
                 13.8369      0.1283893253330435      0.1283893253330435
                 13.8523      0.1281763329968261      0.1281763329968261
                 13.8677      0.1279639289158395      0.1279639289158395
                 13.8831      0.1277521108175935      0.1277521108175935
                 13.8985      0.1275408764418215      0.1275408764418215
                 13.9139      0.1273302235382781      0.1273302235382781
                 13.9293      0.1271201498691889      0.1271201498691889
                 13.9447      0.1269106532066656      0.1269106532066656
                 13.9601      0.1267017313346303      0.1267017313346303
                 13.9755      0.1264933820472851      0.1264933820472851
                 13.9909      0.1262856031506057      0.1262856031506057
                 14.0063      0.1260783924605715      0.1260783924605715
                 14.0217      0.1258717478040362      0.1258717478040362
                 14.0371      0.1256656670188783      0.1256656670188783
                 14.0525      0.1254601479532159      0.1254601479532159
                 14.0679        0.12525518846599        0.12525518846599
                 14.0833      0.1250507864264925      0.1250507864264925
                 14.0987      0.1248469397143489      0.1248469397143489
                 14.1141       0.124643646219456       0.124643646219456
                 14.1295      0.1244409038424928      0.1244409038424928
                 14.1449      0.1242387104941138      0.1242387104941138
                 14.1603      0.1240370640950292      0.1240370640950292
                 14.1757      0.1238359625760396      0.1238359625760396
                 14.1911       0.123635403878164       0.123635403878164
                 14.2065      0.1234353859522423      0.1234353859522423
                 14.2219       0.123235906759257       0.123235906759257
                 14.2373      0.1230369642700317      0.1230369642700317
                 14.2527       0.122838556465001       0.122838556465001
                 14.2681      0.1226406813345342      0.1226406813345342
                 14.2835      0.1224433368787296      0.1224433368787296
                 14.2989      0.1222465211073538      0.1222465211073538
                 14.3143      0.1220502320397101      0.1220502320397101
                 14.3297      0.1218544677044091      0.1218544677044091
                 14.3451      0.1216592261398856      0.1216592261398856
                 14.3605      0.1214645053938583      0.1214645053938583
                 14.3759      0.1212703035232232      0.1212703035232232
                 14.3913      0.1210766185945217      0.1210766185945217
                 14.4067      0.1208834486832335      0.1208834486832335
                 14.4221      0.1206907918740546      0.1206907918740546
                 14.4375      0.1204986462611261      0.1204986462611261
                 14.4529      0.1203070099474242      0.1203070099474242
                 14.4683      0.1201158810451105      0.1201158810451105
                 14.4837      0.1199252576752334      0.1199252576752334
                 14.4991      0.1197351379676232      0.1197351379676232
                 14.5145      0.1195455200613631      0.1195455200613631
                 14.5299      0.1193564021041789      0.1193564021041789
                 14.5453      0.1191677822525511      0.1191677822525511
                 14.5607      0.1189796586716097      0.1189796586716097
                 14.5761      0.1187920295353426      0.1187920295353426
                 14.5915      0.1186048930262741      0.1186048930262741
                 14.6069      0.1184182473354821      0.1184182473354821
                 14.6223      0.1182320906625897      0.1182320906625897
                 14.6377      0.1180464212156856      0.1180464212156856
                 14.6531      0.1178612372113171      0.1178612372113171
                 14.6685      0.1176765368747229      0.1176765368747229
                 14.6839      0.1174923184387933      0.1174923184387933
                 14.6993      0.1173085801453849      0.1173085801453849
                 14.7147      0.1171253202442091      0.1171253202442091
                 14.7301      0.1169425369931138      0.1169425369931138
                 14.7455      0.1167602286583661      0.1167602286583661
                 14.7609      0.1165783935143814      0.1165783935143814
                 14.7763      0.1163970298432621      0.1163970298432621
                 14.7917      0.1162161359353684      0.1162161359353684
                 14.8071      0.1160357100891685      0.1160357100891685
                 14.8225      0.1158557506105613      0.1158557506105613
                 14.8379      0.1156762558139767      0.1156762558139767
                 14.8533      0.1154972240209529      0.1154972240209529
                 14.8687      0.1153186535615982      0.1153186535615982
                 14.8841       0.115140542773048       0.115140542773048
                 14.8995      0.1149628900005913      0.1149628900005913
                 14.9149      0.1147856935970888      0.1147856935970888
                 14.9303      0.1146089519228494      0.1146089519228494
                 14.9457      0.1144326633457238      0.1144326633457238
                 14.9611       0.114256826241484       0.114256826241484
                 14.9765      0.1140814389928599      0.1140814389928599
                 14.9919      0.1139064999903288      0.1139064999903288
                 15.0073      0.1137320076317767      0.1137320076317767
                 15.0227      0.1135579603224228      0.1135579603224228
                 15.0381      0.1133843564748655      0.1133843564748655
                 15.0535      0.1132111945085278      0.1132111945085278
                 15.0689      0.1130384728505915      0.1130384728505915
                 15.0843      0.1128661899352509      0.1128661899352509
                 15.0997      0.1126943442037829      0.1126943442037829
                 15.1151      0.1125229341046654      0.1125229341046654
                 15.1305      0.1123519580934561      0.1123519580934561
                 15.1459      0.1121814146327907      0.1121814146327907
                 15.1613      0.1120113021919735      0.1120113021919735
                 15.1767      0.1118416192475054      0.1118416192475054
                 15.1921      0.1116723642830345      0.1116723642830345
                 15.2075      0.1115035357887549      0.1115035357887549
                 15.2229      0.1113351322617432      0.1113351322617432
                 15.2383      0.1111671522058368      0.1111671522058368
                 15.2537      0.1109995941318514      0.1109995941318514
                 15.2691      0.1108324565570276      0.1108324565570276
                 15.2845      0.1106657380056075      0.1106657380056075
                 15.2999      0.1104994370082349      0.1104994370082349
                 15.3153      0.1103335521024602      0.1103335521024602
                 15.3307      0.1101680818319475      0.1101680818319475
                 15.3461      0.1100030247473413      0.1100030247473413
                 15.3615      0.1098383794056176      0.1098383794056176
                 15.3769      0.1096741443702066      0.1096741443702066
                 15.3923      0.1095103182110882      0.1095103182110882
                 15.4077      0.1093468995044344      0.1093468995044344
                 15.4231      0.1091838868327303      0.1091838868327303
                 15.4385       0.109021278785112       0.109021278785112
