# File created on Tue Jul  7 15:36:44 2026
# ======================================== 
# = Running code assuming AXISYMMETRY    = 
# ======================================== 
# Data for Inflation GW initial data initial data at coord. time 0 and proper central time 0
# Evolved with (136,10,9) gridpoints (including 4 ghosts)
# Evolution with geodesic slicing and constant shift
# using eighth-order spatial differencing with 4 ghost zones 
# data 1 at theta = 0 and phi = 3.14159
# data 2 at theta = 1.5708 and phi = 3.14159
#                      r                    a_rt                    a_rt
#                               (     0,3.14159)        (1.5708,3.14159)
#========================================================================
               -0.546875                       0   1.001504667899001e-17
               -0.390625                       0   7.203612886015552e-18
               -0.234375                       0   3.311895067280207e-17
               -0.078125   3.851859888774472e-34   1.178255336926296e-17
                0.078125   3.851859888774472e-34  -1.178255336926296e-17
                0.234375                       0  -3.311895067280207e-17
                0.390625                       0  -7.203612886015552e-18
                0.546875                       0  -1.001504667899001e-17
                0.703125                       0  -8.893928453765153e-18
                0.859375                       0  -9.840789619871806e-18
                1.015625                       0  -1.114460697812686e-17
                1.171875                       0  -9.930142875279354e-18
                1.328125                       0  -1.518591359026415e-17
                1.484375                       0  -1.694209752673332e-17
                1.640625                       0  -1.442918105796082e-17
                1.796875                       0  -1.561560213310883e-17
                1.953125                       0  -1.479618302029951e-17
                2.109375                       0  -7.684948394016225e-18
                2.265625   1.925929944387236e-34   -7.70684181148852e-18
                2.421875   7.703719777548943e-34  -9.171819727310182e-18
                2.578125  -3.851859888774472e-34  -3.934972064654043e-18
                2.734375   3.851859888774472e-34   4.374831748007364e-18
                2.890625   7.703719777548943e-34   9.049169783610471e-18
                3.046875                       0   7.965903179067246e-18
                3.203125                       0   5.159997148541169e-18
                3.359375                       0   3.081726506737706e-18
                3.515625                       0   3.377202736313457e-18
                3.671875                       0   4.998968715487161e-18
                3.828125                       0   5.728629704403557e-18
                3.984375                       0   6.741560973784964e-18
                4.140625                       0   8.543929759816564e-18
                4.296875  -7.703719777548943e-34   7.843459957441229e-18
                4.453125                       0   2.635265990736297e-18
                4.609375                       0  -3.490742718321839e-18
                4.765625                       0  -5.747134198992298e-18
                4.921875                       0   -4.84269647687639e-18
                5.078125   1.925929944387236e-34  -2.180000862484874e-18
                5.234375                       0   2.496825203933533e-20
                5.390625                       0   8.997675909553196e-19
                5.546875                       0   1.920991260781298e-18
                5.703125                       0   4.000522864040902e-18
                5.859375                       0   4.655254305637287e-18
                6.015625                       0   2.412692112982124e-18
                6.171875                       0  -3.195449889454283e-19
                6.328125  -2.407412430484045e-35  -8.117888055569389e-19
                6.484375  -1.203706215242022e-34   1.071512594569745e-18
                6.640625                       0   2.488138712335026e-18
                6.796875    4.81482486096809e-35   1.640237532087209e-18
                6.953125                       0  -1.483113785465896e-18
                7.109375                       0  -3.159988778817907e-18
                7.265625                       0  -2.742654651243773e-18
                7.421875                       0  -2.791603076323117e-18
                7.578125                       0  -4.489078705102459e-18
                7.734375   -4.81482486096809e-35  -6.150710539136809e-18
                7.890625                       0  -7.055025968030513e-18
                8.046875                       0  -7.309987847794354e-18
                8.203125                       0  -6.872072219184508e-18
                8.359375                       0  -4.676750909675969e-18
                8.515625                       0  -9.025726657194927e-19
                8.671875                       0   2.615506914822223e-18
                8.828125                       0   4.751110355201639e-18
                8.984375                       0   5.540995015621791e-18
                9.140625                       0   5.174504703763518e-18
                9.296875                       0   4.835997929581665e-18
                9.453125                       0   5.443805779514873e-18
                9.609375                       0   6.402589065129009e-18
                9.765625                       0    7.91919600636943e-18
                9.921875                       0   1.017695452520568e-17
               10.078125   3.851859888774472e-34   1.192322553794098e-17
               10.234375                       0   1.259342071326191e-17
               10.390625                       0   1.260856123606749e-17
               10.546875   3.851859888774472e-34   1.318956064939929e-17
               10.703125  -1.155557966632342e-33   1.544186370058936e-17
               10.859375                       0   1.859746499768809e-17
               11.015625                       0   2.055063393551903e-17
               11.171875                       0   2.053342531559814e-17
               11.328125                       0   1.938216959109685e-17
               11.484375  -1.540743955509789e-33    1.83502119298279e-17
               11.640625                       0   1.695437764352008e-17
               11.796875  -3.851859888774472e-34   1.412893485851849e-17
               11.953125                       0   1.012448964948173e-17
               12.109375                       0   6.289972588992539e-18
               12.265625   3.851859888774472e-34   4.082990110491795e-18
               12.421875                       0   3.186805783893493e-18
               12.578125                       0   2.355153385744178e-18
               12.734375                       0   1.801869329481132e-18
               12.890625                       0   2.359465793031196e-18
               13.046875   3.851859888774472e-34   4.492191133167386e-18
               13.203125                       0   7.108074785543728e-18
               13.359375                       0   9.106770833530389e-18
               13.515625                       0   9.783102970150901e-18
               13.671875                       0   8.826643421073439e-18
               13.828125                       0   7.089168905018177e-18
               13.984375                       0   5.420576935971896e-18
               14.140625   3.851859888774472e-34   4.356994000049751e-18
               14.296875                       0   4.679649189528371e-18
               14.453125                       0   6.857820146564415e-18
               14.609375                       0   1.008938015231391e-17
               14.765625                       0   1.330845711171901e-17
               14.921875                       0   1.638708185991175e-17
               15.078125                       0   1.947769964104464e-17
               15.234375                       0   2.219492628189764e-17
               15.390625                       0   2.417256249901737e-17
               15.546875                       0   2.522172159601127e-17
               15.703125                       0   2.579033206743687e-17
               15.859375                       0   2.661801469767368e-17
               16.015625                       0   2.782710486528091e-17
               16.171875                       0   2.855305760381372e-17
               16.328125                       0   2.828607936293332e-17
               16.484375                       0   2.693653671807633e-17
               16.640625  -1.925929944387236e-34   2.482522010042784e-17
               16.796875                       0   2.288688242348168e-17
               16.953125                       0   2.188478209094808e-17
               17.109375                       0   2.242960383707019e-17
               17.265625   7.703719777548943e-34   2.407430474681043e-17
               17.421875                       0   2.564743472694012e-17
               17.578125   7.703719777548943e-34   2.636694407799571e-17
               17.734375                       0   2.641649714933047e-17
               17.890625                       0   2.609009825938738e-17
               18.046875                       0   2.542271353284711e-17
               18.203125   1.925929944387236e-34   2.470158373895345e-17
               18.359375                       0   2.418030628725136e-17
               18.515625                       0   2.388243017729159e-17
               18.671875   7.703719777548943e-34   2.351112053690072e-17
               18.828125                       0   2.324231753026168e-17
               18.984375                       0   2.297228013421529e-17
               19.140625                       0   2.229820799501885e-17
               19.296875                       0   2.104820811492031e-17
               19.453125                       0   1.944846600721632e-17
               19.609375   1.540743955509789e-33   1.802188607465705e-17
               19.765625                       0   1.706102608585097e-17
               19.921875   1.540743955509789e-33    1.62497909752092e-17
               20.078125                       0                       0
               20.234375                       0                       0
               20.390625                       0                       0
               20.546875                       0                       0
