# File created on Tue Jul  7 16:46:47 2026
# ======================================== 
# = Running code assuming AXISYMMETRY    = 
# ======================================== 
# Data for Inflation GW initial data initial data at coord. time 0 and proper central time 0
# Evolved with (264,10,9) gridpoints (including 4 ghosts)
# Evolution with geodesic slicing and constant shift
# using eighth-order spatial differencing with 4 ghost zones 
# data 1 at theta = 0 and phi = 3.14159
# data 2 at theta = 1.5708 and phi = 3.14159
#                      r                    a_rt                    a_rt
#                               (     0,3.14159)        (1.5708,3.14159)
#========================================================================
              -0.2734375                       0   -2.98182390959451e-16
              -0.1953125                       0  -3.330048729371497e-16
              -0.1171875                       0  -2.861260214843038e-16
              -0.0390625                       0  -1.097302848819317e-15
               0.0390625   9.860761315262648e-32   1.097302848819317e-15
               0.1171875   2.465190328815662e-32   2.861260214843038e-16
               0.1953125                       0   3.330048729371497e-16
               0.2734375                       0    2.98182390959451e-16
               0.3515625                       0   2.488231896978269e-16
               0.4296875                       0   2.210233535644318e-16
               0.5078125                       0   2.257179642300812e-16
               0.5859375   1.848892746611746e-32   2.350265248825209e-16
               0.6640625  -2.465190328815662e-32   2.354298372832554e-16
               0.7421875                       0   2.037783489499673e-16
               0.8203125                       0   1.652610383167648e-16
               0.8984375                       0   1.605010457262162e-16
               0.9765625                       0   1.704106619370661e-16
               1.0546875                       0    1.38850859258827e-16
               1.1328125                       0   3.096621383986833e-17
               1.2109375  -6.162975822039155e-33  -7.206944316925708e-17
               1.2890625  -3.081487911019577e-33    -1.3181621925582e-16
               1.3671875                       0  -1.380215689245074e-16
               1.4453125                       0  -9.145667673700174e-17
               1.5234375                       0  -5.145479668601256e-17
               1.6015625                       0   3.411241807919971e-18
               1.6796875                       0   6.329300056519065e-17
               1.7578125                       0   7.741200714020659e-17
               1.8359375                       0    8.62800485116968e-17
               1.9140625   1.232595164407831e-32   1.214716960089407e-16
               1.9921875  -1.232595164407831e-32   1.471462513733707e-16
               2.0703125                       0   1.544660529798444e-16
               2.1484375                       0    1.54225997705703e-16
               2.2265625                       0   1.620126944669539e-16
               2.3046875                       0    1.85320248364768e-16
               2.3828125                       0    2.11888349896908e-16
               2.4609375                       0   2.115259021377738e-16
               2.5390625                       0   1.878975558430689e-16
               2.6171875                       0   1.683396850624757e-16
               2.6953125                       0   1.765123347895937e-16
               2.7734375                       0   2.093987125994355e-16
               2.8515625                       0   2.478966407917949e-16
               2.9296875  -2.465190328815662e-32   2.854479761968263e-16
               3.0078125                       0   3.109647187358513e-16
               3.0859375                       0   3.116281605435218e-16
               3.1640625  -2.465190328815662e-32   2.875212144221639e-16
               3.2421875                       0    2.49630878689677e-16
               3.3203125                       0   1.993035168462154e-16
               3.3984375                       0   1.435760209165981e-16
               3.4765625                       0   9.462926984795594e-17
               3.5546875  -1.540743955509789e-33   5.237146672949088e-17
               3.6328125                       0   1.369622472448794e-17
               3.7109375                       0  -1.878697570231473e-17
               3.7890625                       0  -4.157529397378804e-17
               3.8671875   1.540743955509789e-33  -5.067642341166099e-17
               3.9453125                       0  -4.058722315493351e-17
               4.0234375                       0  -1.414181714746969e-17
               4.1015625                       0   1.399443004974011e-17
               4.1796875                       0   3.933884462674012e-17
               4.2578125   6.162975822039155e-33   6.187360055399661e-17
               4.3359375                       0   7.745957090551446e-17
               4.4140625  -3.081487911019577e-33   8.803040921695909e-17
               4.4921875                       0   9.661772050699002e-17
               4.5703125                       0   9.078062089064927e-17
               4.6484375  -6.162975822039155e-33   6.359444244597251e-17
               4.7265625                       0   2.007732941371231e-17
               4.8046875                       0  -2.581776607771008e-17
               4.8828125  -1.540743955509789e-33  -5.807617514581938e-17
               4.9609375                       0  -7.324295367671642e-17
               5.0390625                       0  -7.494396049281666e-17
               5.1171875                       0  -7.099852893986423e-17
               5.1953125  -6.162975822039155e-33  -6.922663114016816e-17
               5.2734375   6.162975822039155e-33  -5.888318253189327e-17
               5.3515625                       0   -2.64706508577415e-17
               5.4296875                       0   1.375046487099266e-17
               5.5078125                       0   4.197286112181841e-17
               5.5859375                       0   4.097346728540871e-17
               5.6640625                       0   1.904996254712976e-17
               5.7421875                       0   -9.77118960018722e-19
               5.8203125                       0  -9.606737938106462e-18
               5.8984375   5.777789833161708e-34  -7.486613799639346e-18
               5.9765625                       0  -8.200343412571383e-18
               6.0546875   7.703719777548943e-34  -2.701367764288085e-17
               6.1328125                       0  -7.483104054966367e-17
               6.2109375                       0  -1.381188169174063e-16
               6.2890625   1.540743955509789e-33   -1.95531718608607e-16
               6.3671875   6.162975822039155e-33  -2.340628209419638e-16
               6.4453125                       0  -2.567924280578552e-16
               6.5234375  -2.465190328815662e-32  -2.732836538716945e-16
               6.6015625  -2.465190328815662e-32  -2.893449622732708e-16
               6.6796875                       0  -3.084888850802159e-16
               6.7578125                       0  -3.266405529598955e-16
               6.8359375                       0  -3.320042393500214e-16
               6.9140625                       0  -3.224793010733922e-16
               6.9921875                       0  -3.122865628629758e-16
               7.0703125                       0  -3.069923367333248e-16
               7.1484375                       0  -3.070859373764847e-16
               7.2265625                       0  -3.088252242214542e-16
               7.3046875                       0  -3.130804794511793e-16
               7.3828125                       0  -3.229527383236205e-16
               7.4609375                       0  -3.301038944268724e-16
               7.5390625                       0  -3.234271276356749e-16
               7.6171875                       0  -3.014716957843817e-16
               7.6953125  -2.465190328815662e-32  -2.702245949305775e-16
               7.7734375                       0  -2.405751332297459e-16
               7.8515625                       0  -2.226689774842521e-16
               7.9296875                       0  -2.184142762603765e-16
               8.0078125                       0  -2.193568348403655e-16
               8.0859375   6.162975822039155e-33  -2.189407701766945e-16
               8.1640625                       0  -2.112262601239419e-16
               8.2421875  -6.162975822039155e-33  -1.949658468226576e-16
               8.3203125                       0  -1.719695321162052e-16
               8.3984375                       0  -1.452428026998206e-16
               8.4765625                       0   -1.18516943914053e-16
               8.5546875                       0  -9.522216204366468e-17
               8.6328125                       0  -7.494900792233566e-17
               8.7109375                       0  -5.406303294454467e-17
               8.7890625   3.081487911019577e-33  -3.467026582134806e-17
               8.8671875                       0  -2.266091140082564e-17
               8.9453125  -1.540743955509789e-33   -1.82619997590409e-17
               9.0234375   1.540743955509789e-33  -1.852244243289273e-17
               9.1015625                       0  -2.190126483407258e-17
               9.1796875                       0   -2.80173384369059e-17
               9.2578125                       0  -3.319992343094173e-17
               9.3359375   3.081487911019577e-33  -3.152269530027953e-17
               9.4140625                       0  -2.175809282644948e-17
               9.4921875                       0  -8.812641733165711e-18
               9.5703125                       0   2.984904213220574e-18
               9.6484375                       0   7.192714881992564e-18
               9.7265625   2.407412430484045e-35  -7.280066805013857e-19
               9.8046875                       0    -2.3570892746913e-17
               9.8828125                       0  -5.714050058100277e-17
               9.9609375  -3.081487911019577e-33  -8.919370055853428e-17
              10.0390625                       0  -1.090809958532218e-16
              10.1171875   1.540743955509789e-32     -1.180123948992e-16
              10.1953125                       0  -1.213844878025526e-16
              10.2734375                       0  -1.219893366510824e-16
              10.3515625                       0  -1.193177259074935e-16
              10.4296875   3.081487911019577e-33  -1.109210249875531e-16
              10.5078125                       0  -1.004032459450285e-16
              10.5859375                       0  -9.366407801257487e-17
              10.6640625   3.081487911019577e-33  -9.162028000556546e-17
              10.7421875  -3.081487911019577e-33   -9.02390712734929e-17
              10.8203125                       0  -8.767339539887456e-17
              10.8984375                       0  -8.426157006626557e-17
              10.9765625                       0  -8.263060929419046e-17
              11.0546875                       0  -8.419185404089323e-17
              11.1328125                       0  -8.859955551153909e-17
              11.2109375   3.081487911019577e-33  -9.509469113551242e-17
              11.2890625                       0  -9.878159524179286e-17
              11.3671875                       0   -9.81369322126987e-17
              11.4453125                       0  -9.859775850830946e-17
              11.5234375                       0  -1.035560639513565e-16
              11.6015625                       0   -1.10497542387466e-16
              11.6796875                       0  -1.137514385016345e-16
              11.7578125                       0  -1.081775708973908e-16
              11.8359375                       0   -9.08283235191265e-17
              11.9140625  -6.162975822039155e-33  -6.876819385574776e-17
              11.9921875   3.851859888774472e-34  -4.960088140255498e-17
              12.0703125                       0  -3.600731839655725e-17
              12.1484375                       0  -2.653218192513282e-17
              12.2265625                       0  -1.991184783665915e-17
              12.3046875  -1.540743955509789e-33   -1.62111574648195e-17
              12.3828125                       0   -1.30950798388821e-17
              12.4609375  -7.703719777548943e-34  -7.614197766981807e-18
              12.5390625  -9.027796614315168e-36  -3.861022204335317e-19
              12.6171875                       0   5.086817494582165e-18
              12.6953125                       0   7.315017350380285e-18
              12.7734375   7.703719777548943e-34     8.0472703380813e-18
              12.8515625                       0   8.962004521193798e-18
              12.9296875                       0   8.784087306665986e-18
              13.0078125                       0   5.382782588660959e-18
              13.0859375                       0   8.923041782181835e-19
              13.1640625    4.81482486096809e-35  -2.235923288834246e-18
              13.2421875                       0  -3.414955667166497e-18
              13.3203125   1.925929944387236e-34  -1.899640459530828e-18
              13.3984375                       0   1.464680732364324e-18
              13.4765625                       0   4.869170116141506e-18
              13.5546875  -1.925929944387236e-34   7.218770751866239e-18
              13.6328125                       0   6.835217819197486e-18
              13.7109375                       0   3.694143825753482e-18
              13.7890625  -2.407412430484045e-35   7.920433768532561e-19
              13.8671875   -4.81482486096809e-35   1.546001749949251e-18
              13.9453125                       0    4.73824477608778e-18
              14.0234375                       0   6.937473417213767e-18
              14.1015625                       0   7.233815418046387e-18
              14.1796875  -1.925929944387236e-34   6.658656320201658e-18
              14.2578125                       0   7.592648893308703e-18
              14.3359375                       0   1.020269575710554e-17
              14.4140625   1.925929944387236e-33    1.52799462721569e-17
              14.4921875                       0   2.259476662332119e-17
              14.5703125                       0   3.056018014217264e-17
              14.6484375                       0   3.762301263098077e-17
              14.7265625                       0   4.149481276950113e-17
              14.8046875                       0   3.866135854335485e-17
              14.8828125                       0   2.807239766049308e-17
              14.9609375                       0   1.203764440430159e-17
              15.0390625                       0  -7.079214471601693e-19
              15.1171875  -2.407412430484045e-35  -3.065009667502272e-18
              15.1953125                       0   5.937715983056622e-18
              15.2734375                       0   2.035438437921687e-17
              15.3515625  -3.081487911019577e-33   3.148670633426837e-17
              15.4296875                       0   3.426675273208411e-17
              15.5078125                       0   2.986667387669825e-17
              15.5859375                       0   2.173077642026022e-17
              15.6640625                       0   1.262949839013992e-17
              15.7421875                       0   2.629853223049879e-18
              15.8203125                       0   -9.03039449760668e-18
              15.8984375                       0  -2.394001681304059e-17
              15.9765625                       0  -4.067453741121846e-17
              16.0546875   1.540743955509789e-33  -5.493657873160509e-17
              16.1328125                       0  -6.497390943243946e-17
              16.2109375   6.162975822039155e-33  -7.199701452758363e-17
              16.2890625                       0  -7.892787686791945e-17
              16.3671875                       0  -8.794693805538911e-17
              16.4453125   3.851859888774472e-33  -9.852477634585375e-17
              16.5234375                       0  -1.071666195169545e-16
              16.6015625                       0   -1.12264751882411e-16
              16.6796875  -3.081487911019577e-33  -1.163699278675879e-16
              16.7578125                       0  -1.219710352634572e-16
              16.8359375   1.232595164407831e-32  -1.293577639072863e-16
              16.9140625                       0  -1.353900059222928e-16
              16.9921875                       0  -1.361850701622328e-16
              17.0703125                       0    -1.3011535944855e-16
              17.1484375  -1.232595164407831e-32  -1.183607543686391e-16
              17.2265625   3.081487911019577e-33  -1.025087385045063e-16
              17.3046875                       0  -8.657672693597832e-17
              17.3828125                       0  -7.617214115636828e-17
              17.4609375                       0  -7.507996370742559e-17
              17.5390625                       0  -8.448683958609029e-17
              17.6171875                       0  -1.014577166317315e-16
              17.6953125  -1.232595164407831e-32  -1.225935687667077e-16
              17.7734375                       0  -1.435911690538038e-16
              17.8515625                       0  -1.617269835946542e-16
              17.9296875                       0  -1.750720941415749e-16
              18.0078125                       0  -1.828807950037879e-16
              18.0859375                       0   -1.86166533364971e-16
              18.1640625                       0  -1.873987113385514e-16
              18.2421875                       0  -1.880918583360594e-16
              18.3203125                       0  -1.895843358419329e-16
              18.3984375                       0  -1.939952971429206e-16
              18.4765625                       0  -2.009012104711252e-16
              18.5546875                       0  -2.093283340631997e-16
              18.6328125                       0  -2.183748297636815e-16
              18.7109375                       0  -2.280085313710745e-16
              18.7890625                       0   -2.36828140582567e-16
              18.8671875                       0  -2.433250708549095e-16
              18.9453125                       0  -2.458560676778489e-16
              19.0234375                       0  -2.427083661810586e-16
              19.1015625                       0  -2.346624258010509e-16
              19.1796875                       0  -2.257216685053669e-16
              19.2578125                       0  -2.190721707731365e-16
              19.3359375                       0  -2.148433330856381e-16
              19.4140625                       0  -2.115447029662427e-16
              19.4921875                       0  -2.086245115577384e-16
              19.5703125                       0  -2.068097811619684e-16
              19.6484375                       0  -2.073220870243772e-16
              19.7265625   6.162975822039155e-33  -2.129115049862363e-16
              19.8046875                       0  -2.229204325348262e-16
              19.8828125                       0  -2.306612397029781e-16
              19.9609375                       0  -2.297650864650344e-16
              20.0390625                       0                       0
              20.1171875                       0                       0
              20.1953125                       0                       0
              20.2734375                       0                       0
