# File created on Wed Jul  8 11:31:14 2026
# Data for Inflation GW initial data initial data at coord time 0.163788 and central proper time 0.163788
# Evolved with (264,10,9) gridpoints (including 4 ghosts)
# Evolution with geodesic slicing and constant shift shift condition 
# data for phi = 3.14159
#              r           theta                a_rt
#===============================================================
     0.025065104      0.78539816  -3.390773431698368e-13
     0.025065104       2.3561945  -3.414979629993834e-13

     0.075195312      0.78539816  -7.667793649478646e-14
     0.075195312       2.3561945   -7.72375641365957e-14

      0.12532552      0.78539816   3.149538872101619e-13
      0.12532552       2.3561945   3.150492249162051e-13

      0.17545573      0.78539816   2.297577730433059e-13
      0.17545573       2.3561945   2.301997462649344e-13

      0.22558594      0.78539816  -7.402071364780758e-14
      0.22558594       2.3561945   -7.40739379841072e-14

      0.27571615      0.78539816   -1.29104213306978e-13
      0.27571615       2.3561945  -1.292007038627063e-13

      0.32584635      0.78539816  -8.663854114967335e-14
      0.32584635       2.3561945  -8.668327947322878e-14

      0.37597656      0.78539816  -8.258002138840134e-14
      0.37597656       2.3561945  -8.254311968666576e-14

      0.42610677      0.78539816  -7.045199191914234e-14
      0.42610677       2.3561945  -7.043260935551829e-14

      0.47623698      0.78539816  -5.465244594781981e-14
      0.47623698       2.3561945  -5.468544803817122e-14

      0.52636719      0.78539816  -4.286506985797877e-14
      0.52636719       2.3561945  -4.293813856104349e-14

       0.5764974      0.78539816  -3.289518078758019e-14
       0.5764974       2.3561945  -3.292390876331618e-14

       0.6266276      0.78539816  -2.425090243779249e-14
       0.6266276       2.3561945  -2.427548930462159e-14

      0.67675781      0.78539816  -1.676799075766121e-14
      0.67675781       2.3561945  -1.678558088037772e-14

      0.72688802      0.78539816  -1.073828283540876e-14
      0.72688802       2.3561945  -1.074329840972778e-14

      0.77701823      0.78539816  -5.068547577324005e-15
      0.77701823       2.3561945  -5.083451880566852e-15

      0.82714844      0.78539816   4.228742031305514e-17
      0.82714844       2.3561945   3.976677492772728e-17

      0.87727865      0.78539816   4.096122797565254e-15
      0.87727865       2.3561945   4.098398502873032e-15

      0.92740885      0.78539816   7.793966966847596e-15
      0.92740885       2.3561945   7.796903527437756e-15

      0.97753906      0.78539816    1.11725762666263e-14
      0.97753906       2.3561945   1.117664707680281e-14

       1.0276693      0.78539816   1.423538890749259e-14
       1.0276693       2.3561945   1.423930620440465e-14

       1.0777995      0.78539816   1.683789205191735e-14
       1.0777995       2.3561945   1.683722541019214e-14

       1.1279297      0.78539816   1.909828065466837e-14
       1.1279297       2.3561945   1.909662720676601e-14

       1.1780599      0.78539816   2.137738333986485e-14
       1.1780599       2.3561945   2.138401898094048e-14

       1.2281901      0.78539816   2.342370790454012e-14
       1.2281901       2.3561945   2.342814146006757e-14

       1.2783203      0.78539816   2.529820270906054e-14
       1.2783203       2.3561945   2.529491332066819e-14

       1.3284505      0.78539816   2.701316110415952e-14
       1.3284505       2.3561945   2.700311717748983e-14

       1.3785807      0.78539816   2.846882067957868e-14
       1.3785807       2.3561945   2.846186810666232e-14

       1.4287109      0.78539816    2.98948568868197e-14
       1.4287109       2.3561945   2.989946535044015e-14

       1.4788411      0.78539816   3.130740878973648e-14
       1.4788411       2.3561945   3.131086188332732e-14

       1.5289714      0.78539816    3.25526571811285e-14
       1.5289714       2.3561945   3.255177506078168e-14

       1.5791016      0.78539816    3.36184226626173e-14
       1.5791016       2.3561945   3.361163584739851e-14

       1.6292318      0.78539816   3.479857080602974e-14
       1.6292318       2.3561945   3.479432688934866e-14

        1.679362      0.78539816    3.56234229004949e-14
        1.679362       2.3561945   3.562204424227084e-14

       1.7294922      0.78539816   3.636946789104676e-14
       1.7294922       2.3561945   3.636833192950398e-14

       1.7796224      0.78539816   3.715813965334572e-14
       1.7796224       2.3561945   3.715680508130812e-14

       1.8297526      0.78539816   3.783801845001769e-14
       1.8297526       2.3561945   3.783495187677695e-14

       1.8798828      0.78539816   3.852854396039438e-14
       1.8798828       2.3561945   3.852432267183048e-14

        1.930013      0.78539816   3.921314782352656e-14
        1.930013       2.3561945   3.921120338410497e-14

       1.9801432      0.78539816   3.984890602599766e-14
       1.9801432       2.3561945   3.984633160821172e-14

       2.0302734      0.78539816   4.027306911295371e-14
       2.0302734       2.3561945   4.026870096138041e-14

       2.0804036      0.78539816   4.070681676825124e-14
       2.0804036       2.3561945   4.070485196355262e-14

       2.1305339      0.78539816   4.124322299954079e-14
       2.1305339       2.3561945   4.124278442441509e-14

       2.1806641      0.78539816     4.1543377506944e-14
       2.1806641       2.3561945   4.154081581041723e-14

       2.2307943      0.78539816   4.174714227380991e-14
       2.2307943       2.3561945   4.174297783804535e-14

       2.2809245      0.78539816   4.212118290452859e-14
       2.2809245       2.3561945   4.212038828821081e-14

       2.3310547      0.78539816     4.2512546589183e-14
       2.3310547       2.3561945   4.251147552774146e-14

       2.3811849      0.78539816   4.284173865658003e-14
       2.3811849       2.3561945   4.283959498792555e-14

       2.4313151      0.78539816   4.306564446987259e-14
       2.4313151       2.3561945   4.306494333705736e-14

       2.4814453      0.78539816   4.334650457489941e-14
       2.4814453       2.3561945   4.334750623117103e-14

       2.5315755      0.78539816   4.342316430981202e-14
       2.5315755       2.3561945   4.342418222724513e-14

       2.5817057      0.78539816   4.346616574377756e-14
       2.5817057       2.3561945   4.346423286986073e-14

       2.6318359      0.78539816   4.357769510662344e-14
       2.6318359       2.3561945   4.357774698197456e-14

       2.6819661      0.78539816   4.368333828674428e-14
       2.6819661       2.3561945   4.368511037711359e-14

       2.7320964      0.78539816   4.376749385453832e-14
       2.7320964       2.3561945   4.376591129894435e-14

       2.7822266      0.78539816   4.375682207772985e-14
       2.7822266       2.3561945   4.375508382519724e-14

       2.8323568      0.78539816   4.384772880440171e-14
       2.8323568       2.3561945   4.384520738770653e-14

        2.882487      0.78539816   4.390511385863285e-14
        2.882487       2.3561945   4.390589266113257e-14

       2.9326172      0.78539816   4.388749852837803e-14
       2.9326172       2.3561945   4.388752276003214e-14

       2.9827474      0.78539816   4.392467865389705e-14
       2.9827474       2.3561945   4.392223891045091e-14

       3.0328776      0.78539816   4.396543360237681e-14
       3.0328776       2.3561945   4.396522874201485e-14

       3.0830078      0.78539816   4.394385936019848e-14
       3.0830078       2.3561945   4.394436287615558e-14

        3.133138      0.78539816   4.395672753855194e-14
        3.133138       2.3561945   4.395563846522328e-14

       3.1832682      0.78539816    4.39528332758155e-14
       3.1832682       2.3561945   4.395395751025653e-14

       3.2333984      0.78539816   4.391484262509649e-14
       3.2333984       2.3561945   4.391655203026624e-14

       3.2835286      0.78539816    4.38798244777413e-14
       3.2835286       2.3561945   4.387973313703619e-14

       3.3336589      0.78539816   4.389674785165491e-14
       3.3336589       2.3561945   4.389808709769759e-14

       3.3837891      0.78539816   4.392261045963787e-14
       3.3837891       2.3561945   4.392101892461611e-14

       3.4339193      0.78539816   4.393973889231016e-14
       3.4339193       2.3561945   4.393873109135089e-14

       3.4840495      0.78539816   4.398021407709219e-14
       3.4840495       2.3561945   4.398070807216978e-14

       3.5341797      0.78539816   4.400408878937952e-14
       3.5341797       2.3561945   4.400368559732968e-14

       3.5843099      0.78539816    4.40611616575672e-14
       3.5843099       2.3561945   4.406095274065106e-14

       3.6344401      0.78539816   4.419676452473107e-14
       3.6344401       2.3561945   4.419660647925522e-14

       3.6845703      0.78539816   4.429706254284006e-14
       3.6845703       2.3561945   4.429816005518307e-14

       3.7347005      0.78539816    4.43724201471771e-14
       3.7347005       2.3561945   4.437218380235591e-14

       3.7848307      0.78539816   4.449448878794224e-14
       3.7848307       2.3561945   4.449486204163727e-14

       3.8349609      0.78539816   4.465090419094869e-14
       3.8349609       2.3561945    4.46510959655603e-14

       3.8850911      0.78539816   4.480217930068113e-14
       3.8850911       2.3561945   4.480181794404814e-14

       3.9352214      0.78539816   4.508043641999343e-14
       3.9352214       2.3561945   4.507936917565652e-14

       3.9853516      0.78539816   4.532450210931762e-14
       3.9853516       2.3561945   4.532296663607386e-14

       4.0354818      0.78539816   4.547980056821853e-14
       4.0354818       2.3561945   4.547920849952405e-14

        4.085612      0.78539816   4.572920763270724e-14
        4.085612       2.3561945   4.572853965128991e-14

       4.1357422      0.78539816   4.596311739115248e-14
       4.1357422       2.3561945    4.59624827882362e-14

       4.1858724      0.78539816   4.620847873553489e-14
       4.1858724       2.3561945   4.620787652364188e-14

       4.2360026      0.78539816   4.644069334619703e-14
       4.2360026       2.3561945    4.64402735710546e-14

       4.2861328      0.78539816   4.676192349002764e-14
       4.2861328       2.3561945   4.676147339983559e-14

        4.336263      0.78539816   4.717600893839742e-14
        4.336263       2.3561945   4.717539218087263e-14

       4.3863932      0.78539816   4.758482841439922e-14
       4.3863932       2.3561945   4.758478012825758e-14

       4.4365234      0.78539816   4.800729347096148e-14
       4.4365234       2.3561945   4.800781341392272e-14

       4.4866536      0.78539816   4.832409110407294e-14
       4.4866536       2.3561945   4.832521633278239e-14

       4.5367839      0.78539816   4.859617066746736e-14
       4.5367839       2.3561945   4.859662000586542e-14

       4.5869141      0.78539816     4.8925359381581e-14
       4.5869141       2.3561945    4.89261346706913e-14

       4.6370443      0.78539816   4.930166950599165e-14
       4.6370443       2.3561945   4.930217117722634e-14

       4.6871745      0.78539816   4.974953350834586e-14
       4.6871745       2.3561945   4.974967191229228e-14

       4.7373047      0.78539816   5.010985191311604e-14
       4.7373047       2.3561945   5.011104750974044e-14

       4.7874349      0.78539816   5.048414787480831e-14
       4.7874349       2.3561945    5.04842007889238e-14

       4.8375651      0.78539816   5.087505881091222e-14
       4.8375651       2.3561945   5.087495270308649e-14

       4.8876953      0.78539816   5.111838016987566e-14
       4.8876953       2.3561945   5.111828006581513e-14

       4.9378255      0.78539816   5.138730254121504e-14
       4.9378255       2.3561945   5.138774580602349e-14

       4.9879557      0.78539816   5.155416663119947e-14
       4.9879557       2.3561945   5.155443753206973e-14

       5.0380859      0.78539816   5.164601757913129e-14
       5.0380859       2.3561945   5.164696837876951e-14

       5.0882161      0.78539816   5.182061350778019e-14
       5.0882161       2.3561945   5.182127965846129e-14

       5.1383464      0.78539816   5.203379360016139e-14
       5.1383464       2.3561945   5.203360551098372e-14

       5.1884766      0.78539816   5.220029404696042e-14
       5.1884766       2.3561945   5.220061843862795e-14

       5.2386068      0.78539816   5.225240495901581e-14
       5.2386068       2.3561945   5.225256074187675e-14

        5.288737      0.78539816    5.22817685682712e-14
        5.288737       2.3561945   5.228112574594324e-14

       5.3388672      0.78539816    5.23809268275784e-14
       5.3388672       2.3561945   5.238059812294918e-14

       5.3889974      0.78539816   5.233725972484725e-14
       5.3889974       2.3561945   5.233711719314384e-14

       5.4391276      0.78539816   5.224919567224551e-14
       5.4391276       2.3561945   5.224886326858516e-14

       5.4892578      0.78539816   5.222874841228539e-14
       5.4892578       2.3561945   5.222876076377956e-14

        5.539388      0.78539816   5.212215812627779e-14
        5.539388       2.3561945   5.212126435995704e-14

       5.5895182      0.78539816   5.209670278273994e-14
       5.5895182       2.3561945   5.209619928162473e-14

       5.6396484      0.78539816   5.219254822377726e-14
       5.6396484       2.3561945    5.21929230695284e-14

       5.6897786      0.78539816   5.222454840802721e-14
       5.6897786       2.3561945   5.222492731521658e-14

       5.7399089      0.78539816   5.219064059457581e-14
       5.7399089       2.3561945   5.218993524649319e-14

       5.7900391      0.78539816    5.21663005453422e-14
       5.7900391       2.3561945   5.216546908244206e-14

       5.8401693      0.78539816   5.211909109693739e-14
       5.8401693       2.3561945   5.211874646253911e-14

       5.8902995      0.78539816   5.210744008158649e-14
       5.8902995       2.3561945   5.210750749656054e-14

       5.9404297      0.78539816   5.219688205376193e-14
       5.9404297       2.3561945   5.219670819543971e-14

       5.9905599      0.78539816    5.22711255636093e-14
       5.9905599       2.3561945    5.22706499156542e-14

       6.0406901      0.78539816   5.220310437178654e-14
       6.0406901       2.3561945   5.220273924106002e-14

       6.0908203      0.78539816   5.218239394662997e-14
       6.0908203       2.3561945   5.218220151447096e-14

       6.1409505      0.78539816   5.218448727523696e-14
       6.1409505       2.3561945   5.218440571105031e-14

       6.1910807      0.78539816   5.213555345018694e-14
       6.1910807       2.3561945   5.213518241908301e-14

       6.2412109      0.78539816    5.21570076314422e-14
       6.2412109       2.3561945   5.215688481844436e-14

       6.2913411      0.78539816   5.216936779346195e-14
       6.2913411       2.3561945   5.216923964395301e-14

       6.3414714      0.78539816   5.210688717371633e-14
       6.3414714       2.3561945   5.210670619836015e-14

       6.3916016      0.78539816    5.20530844295826e-14
       6.3916016       2.3561945   5.205298972619152e-14

       6.4417318      0.78539816   5.197650578083064e-14
       6.4417318       2.3561945   5.197655808078686e-14

        6.491862      0.78539816   5.188472008133533e-14
        6.491862       2.3561945   5.188493279709025e-14

       6.5419922      0.78539816   5.177149883054175e-14
       6.5419922       2.3561945    5.17725868145378e-14

       6.5921224      0.78539816   5.163192058446595e-14
       6.5921224       2.3561945   5.163261329805844e-14

       6.6422526      0.78539816   5.150631972858821e-14
       6.6422526       2.3561945   5.150695345029227e-14

       6.6923828      0.78539816   5.132363177984542e-14
       6.6923828       2.3561945   5.132359035128131e-14

        6.742513      0.78539816   5.121190421007957e-14
        6.742513       2.3561945   5.121221877141091e-14

       6.7926432      0.78539816   5.110786433764678e-14
       6.7926432       2.3561945   5.110836207876216e-14

       6.8427734      0.78539816    5.09376881683646e-14
       6.8427734       2.3561945   5.093799017335728e-14

       6.8929036      0.78539816   5.083848812028498e-14
       6.8929036       2.3561945    5.08392456993429e-14

       6.9430339      0.78539816   5.062617513271701e-14
       6.9430339       2.3561945   5.062644568484147e-14

       6.9931641      0.78539816   5.034730790063832e-14
       6.9931641       2.3561945   5.034760473447794e-14

       7.0432943      0.78539816   5.015038944850848e-14
       7.0432943       2.3561945   5.015079998969652e-14

       7.0934245      0.78539816   4.990601740206081e-14
       7.0934245       2.3561945   4.990641695424669e-14

       7.1435547      0.78539816   4.972365188166211e-14
       7.1435547       2.3561945   4.972360025060615e-14

       7.1936849      0.78539816    4.95768603648613e-14
       7.1936849       2.3561945   4.957670484585717e-14

       7.2438151      0.78539816   4.931191713419499e-14
       7.2438151       2.3561945   4.931192234053672e-14

       7.2939453      0.78539816   4.904879380297737e-14
       7.2939453       2.3561945   4.904830810459092e-14

       7.3440755      0.78539816   4.878508585708622e-14
       7.3440755       2.3561945   4.878465688862319e-14

       7.3942057      0.78539816   4.846761101341249e-14
       7.3942057       2.3561945   4.846713735350006e-14

       7.4443359      0.78539816   4.813611992281075e-14
       7.4443359       2.3561945   4.813588213385741e-14

       7.4944661      0.78539816   4.782435768416001e-14
       7.4944661       2.3561945   4.782409488358976e-14

       7.5445964      0.78539816   4.750759070694695e-14
       7.5445964       2.3561945   4.750784317356297e-14

       7.5947266      0.78539816   4.720699415297144e-14
       7.5947266       2.3561945   4.720707595732714e-14

       7.6448568      0.78539816    4.69246245159309e-14
       7.6448568       2.3561945   4.692465818459267e-14

        7.694987      0.78539816   4.657609429998657e-14
        7.694987       2.3561945   4.657572107341948e-14

       7.7451172      0.78539816    4.62327829874907e-14
       7.7451172       2.3561945   4.623230873687075e-14

       7.7952474      0.78539816   4.592557180693712e-14
       7.7952474       2.3561945   4.592526969030093e-14

       7.8453776      0.78539816   4.556053389875003e-14
       7.8453776       2.3561945   4.556080701848796e-14

       7.8955078      0.78539816   4.524016825581918e-14
       7.8955078       2.3561945   4.524041287218198e-14

        7.945638      0.78539816    4.49807998802333e-14
        7.945638       2.3561945   4.498073773008374e-14

       7.9957682      0.78539816   4.468347407757257e-14
       7.9957682       2.3561945   4.468349991297684e-14

       8.0458984      0.78539816   4.449880147946592e-14
       8.0458984       2.3561945   4.449859152746682e-14

       8.0960286      0.78539816   4.435095237171014e-14
       8.0960286       2.3561945   4.435121889658994e-14

       8.1461589      0.78539816   4.413096935107247e-14
       8.1461589       2.3561945   4.413104618789019e-14

       8.1962891      0.78539816   4.392544019652689e-14
       8.1962891       2.3561945   4.392566556887319e-14

       8.2464193      0.78539816   4.375758051233966e-14
       8.2464193       2.3561945   4.375756913989947e-14

       8.2965495      0.78539816   4.355831827363245e-14
       8.2965495       2.3561945    4.35582361201418e-14

       8.3466797      0.78539816   4.337706940919998e-14
       8.3466797       2.3561945   4.337730722754873e-14

       8.3968099      0.78539816   4.321072587413429e-14
       8.3968099       2.3561945   4.321091360069411e-14

       8.4469401      0.78539816   4.301761627304116e-14
       8.4469401       2.3561945   4.301735926933011e-14

       8.4970703      0.78539816   4.280243612794633e-14
       8.4970703       2.3561945   4.280207180536344e-14

       8.5472005      0.78539816   4.256655628874236e-14
       8.5472005       2.3561945   4.256654151861831e-14

       8.5973307      0.78539816    4.23484960837087e-14
       8.5973307       2.3561945   4.234821249576448e-14

       8.6474609      0.78539816   4.209243291660851e-14
       8.6474609       2.3561945   4.209235267276047e-14

       8.6975911      0.78539816    4.18613968130147e-14
       8.6975911       2.3561945   4.186121492262765e-14

       8.7477214      0.78539816   4.163364987306263e-14
       8.7477214       2.3561945   4.163352185599589e-14

       8.7978516      0.78539816   4.136948479252532e-14
       8.7978516       2.3561945   4.136929278907091e-14

       8.8479818      0.78539816   4.111717488024598e-14
       8.8479818       2.3561945   4.111699416006232e-14

        8.898112      0.78539816   4.086829613656842e-14
        8.898112       2.3561945   4.086842524888648e-14

       8.9482422      0.78539816   4.066899877630428e-14
       8.9482422       2.3561945   4.066910838938962e-14

       8.9983724      0.78539816   4.053990138023018e-14
       8.9983724       2.3561945   4.054002314925249e-14

       9.0485026      0.78539816   4.035815457403086e-14
       9.0485026       2.3561945   4.035831624768465e-14

       9.0986328      0.78539816   4.012671890859862e-14
       9.0986328       2.3561945     4.0126817101606e-14

        9.148763      0.78539816   3.993563203020665e-14
        9.148763       2.3561945   3.993562263909562e-14

       9.1988932      0.78539816   3.971104449803086e-14
       9.1988932       2.3561945    3.97108661796733e-14

       9.2490234      0.78539816   3.950994639872703e-14
       9.2490234       2.3561945   3.951002398255324e-14

       9.2991536      0.78539816   3.937368867409485e-14
       9.2991536       2.3561945   3.937394697450141e-14

       9.3492839      0.78539816   3.927184767489834e-14
       9.3492839       2.3561945   3.927232923134203e-14

       9.3994141      0.78539816   3.913259565844145e-14
       9.3994141       2.3561945   3.913290677800333e-14

       9.4495443      0.78539816   3.893514103255019e-14
       9.4495443       2.3561945   3.893523077670969e-14

       9.4996745      0.78539816   3.875908393082025e-14
       9.4996745       2.3561945   3.875900548073258e-14

       9.5498047      0.78539816     3.8578857443795e-14
       9.5498047       2.3561945   3.857888994831608e-14

       9.5999349      0.78539816   3.836928732429499e-14
       9.5999349       2.3561945   3.836949549199184e-14

       9.6500651      0.78539816     3.8186569712865e-14
       9.6500651       2.3561945   3.818672290603373e-14

       9.7001953      0.78539816   3.805045133713812e-14
       9.7001953       2.3561945   3.805061709805142e-14

       9.7503255      0.78539816   3.792371622154534e-14
       9.7503255       2.3561945    3.79239228997942e-14

       9.8004557      0.78539816   3.779578522830663e-14
       9.8004557       2.3561945    3.77959405009076e-14

       9.8505859      0.78539816   3.771289412959124e-14
       9.8505859       2.3561945    3.77128852918049e-14

       9.9007161      0.78539816   3.760645128319151e-14
       9.9007161       2.3561945   3.760618175848897e-14

       9.9508464      0.78539816    3.74890533664939e-14
       9.9508464       2.3561945   3.748888543434024e-14

       10.000977      0.78539816    3.73316813726167e-14
       10.000977       2.3561945   3.733176352561602e-14

       10.051107      0.78539816   3.718529535358924e-14
       10.051107       2.3561945   3.718528046830795e-14

       10.101237      0.78539816   3.711046365158463e-14
       10.101237       2.3561945   3.711014112824053e-14

       10.151367      0.78539816   3.701911954208973e-14
       10.151367       2.3561945   3.701881273872697e-14

       10.201497      0.78539816   3.695878427673697e-14
       10.201497       2.3561945   3.695917939308369e-14

       10.251628      0.78539816   3.695436718343111e-14
       10.251628       2.3561945   3.695504967080828e-14

       10.301758      0.78539816    3.69693446755567e-14
       10.301758       2.3561945   3.696970301147908e-14

       10.351888      0.78539816   3.693129463665279e-14
       10.351888       2.3561945   3.693119293916427e-14

       10.402018      0.78539816    3.69194005575937e-14
       10.402018       2.3561945   3.691945268286017e-14

       10.452148      0.78539816   3.701770831563165e-14
       10.452148       2.3561945    3.70176284858149e-14

       10.502279      0.78539816   3.713581887160283e-14
       10.502279       2.3561945   3.713562499947276e-14

       10.552409      0.78539816   3.723651837049987e-14
       10.552409       2.3561945   3.723641022162055e-14

       10.602539      0.78539816   3.738165436909536e-14
       10.602539       2.3561945   3.738163321139381e-14

       10.652669      0.78539816   3.751753837846723e-14
       10.652669       2.3561945   3.751755263563994e-14

       10.702799      0.78539816   3.760194856420723e-14
       10.702799       2.3561945    3.76019600512886e-14

        10.75293      0.78539816   3.775939785487602e-14
        10.75293       2.3561945   3.775937421300147e-14

        10.80306      0.78539816   3.792869339973476e-14
        10.80306       2.3561945   3.792845055285939e-14

        10.85319      0.78539816   3.808110860367751e-14
        10.85319       2.3561945   3.808089156559856e-14

        10.90332      0.78539816   3.826830471300285e-14
        10.90332       2.3561945   3.826824307340967e-14

       10.953451      0.78539816   3.841754305019002e-14
       10.953451       2.3561945   3.841742967661724e-14

       11.003581      0.78539816   3.852805726587626e-14
       11.003581       2.3561945   3.852796038828933e-14

       11.053711      0.78539816   3.865638306085449e-14
       11.053711       2.3561945   3.865635427933564e-14

       11.103841      0.78539816   3.877013467468901e-14
       11.103841       2.3561945   3.877002748082357e-14

       11.153971      0.78539816   3.887036231790787e-14
       11.153971       2.3561945   3.887064345621622e-14

       11.204102      0.78539816   3.898433799711515e-14
       11.204102       2.3561945   3.898434904424074e-14

       11.254232      0.78539816   3.907628024908082e-14
       11.254232       2.3561945   3.907628256520689e-14

       11.304362      0.78539816   3.914611951384422e-14
       11.304362       2.3561945     3.9146444219204e-14

       11.354492      0.78539816   3.923262547121293e-14
       11.354492       2.3561945   3.923270051290966e-14

       11.404622      0.78539816    3.93363187306949e-14
       11.404622       2.3561945    3.93361272384599e-14

       11.454753      0.78539816   3.944965895093359e-14
       11.454753       2.3561945   3.944950074994145e-14

       11.504883      0.78539816   3.959782215292297e-14
       11.504883       2.3561945   3.959798017599377e-14

       11.555013      0.78539816   3.967966342454787e-14
       11.555013       2.3561945   3.968000437627385e-14

       11.605143      0.78539816   3.961312498357038e-14
       11.605143       2.3561945   3.961310065850642e-14

       11.655273      0.78539816   3.960161672515374e-14
       11.655273       2.3561945   3.960134454486916e-14

       11.705404      0.78539816   3.963231028187233e-14
       11.705404       2.3561945   3.963230693365315e-14

       11.755534      0.78539816   3.958431405462982e-14
       11.755534       2.3561945   3.958434781416449e-14

       11.805664      0.78539816   3.954529062478874e-14
       11.805664       2.3561945   3.954521971753092e-14

       11.855794      0.78539816   3.957473463299891e-14
       11.855794       2.3561945   3.957470645183643e-14

       11.905924      0.78539816   3.956515674596562e-14
       11.905924       2.3561945    3.95651950632629e-14

       11.956055      0.78539816   3.942485309872599e-14
       11.956055       2.3561945   3.942482949415794e-14

       12.006185      0.78539816   3.926236886678955e-14
       12.006185       2.3561945   3.926207443940604e-14

       12.056315      0.78539816   3.916087085634938e-14
       12.056315       2.3561945   3.916036196459831e-14

       12.106445      0.78539816   3.897186828307609e-14
       12.106445       2.3561945   3.897177710591681e-14

       12.156576      0.78539816   3.873182027541485e-14
       12.156576       2.3561945   3.873193406958667e-14

       12.206706      0.78539816   3.864104553775851e-14
       12.206706       2.3561945   3.864109984896291e-14

       12.256836      0.78539816   3.852160656664978e-14
       12.256836       2.3561945   3.852176029522602e-14

       12.306966      0.78539816   3.831118332866776e-14
       12.306966       2.3561945    3.83113330567805e-14

       12.357096      0.78539816   3.811009116772474e-14
       12.357096       2.3561945   3.811010506485537e-14

       12.407227      0.78539816   3.790954803503419e-14
       12.407227       2.3561945   3.790948636984607e-14

       12.457357      0.78539816   3.770008243622717e-14
       12.457357       2.3561945   3.769976951888478e-14

       12.507487      0.78539816   3.749924413983788e-14
       12.507487       2.3561945   3.749908240448642e-14

       12.557617      0.78539816   3.716886390020775e-14
       12.557617       2.3561945   3.716896546693372e-14

       12.607747      0.78539816   3.713144016833653e-14
       12.607747       2.3561945    3.71314363346307e-14

       12.657878      0.78539816   3.686862431992479e-14
       12.657878       2.3561945   3.686862458726739e-14

       12.708008      0.78539816   2.961735674392341e-14
       12.708008       2.3561945   2.961740409443612e-14

       12.758138      0.78539816   1.894744096929055e-14
       12.758138       2.3561945   1.894755787592539e-14

       12.808268      0.78539816   1.887686640861931e-14
       12.808268       2.3561945   1.887676618857251e-14

       12.858398      0.78539816   1.936748590505656e-14
       12.858398       2.3561945   1.936726415500897e-14

       12.908529      0.78539816   2.315072019894372e-14
       12.908529       2.3561945   2.315056361214884e-14

       12.958659      0.78539816   2.981438550774488e-14
       12.958659       2.3561945   2.981434509608941e-14

       13.008789      0.78539816   3.558247209482075e-14
       13.008789       2.3561945   3.558249506702356e-14

