# File created on Wed Jul  8 11:31:14 2026
# ======================================== 
# = Running code assuming AXISYMMETRY    = 
# ======================================== 
# Data for Inflation GW initial data initial data at coord. time 0.163788 and proper central time 0.163788
# Evolved with (264,10,9) gridpoints (including 4 ghosts)
# Evolution with geodesic slicing and constant shift
# using eighth-order spatial differencing with 4 ghost zones 
# data 1 at theta = 0 and phi = 3.14159
# data 2 at theta = 1.5708 and phi = 3.14159
#                      r                    a_rt                    a_rt
#                               (     0,3.14159)        (1.5708,3.14159)
#========================================================================
     -0.1754557291666667                       0   -3.09033958285224e-13
     -0.1253255208333333                       0  -4.232833409599028e-13
           -0.0751953125                       0   1.034119769867099e-13
    -0.02506510416666667                       0   4.572615338324448e-13
     0.02506510416666667                       0  -4.572615338324448e-13
            0.0751953125                       0  -1.034119769867099e-13
      0.1253255208333333                       0   4.232833409599028e-13
      0.1754557291666667                       0   3.090339582852239e-13
            0.2255859375                       0  -9.950109406519274e-14
      0.2757161458333334                       0  -1.735486162233817e-13
      0.3258463541666667                       0  -1.164505982310124e-13
            0.3759765625                       0  -1.109421104098107e-13
      0.4261067708333334                       0  -9.465684148141262e-14
      0.4762369791666667  -6.310887241768094e-30  -7.346139752183772e-14
            0.5263671875                       0  -5.764903065653058e-14
      0.5764973958333334                       0  -4.422220079200849e-14
      0.6266276041666667   3.155443620884047e-30  -3.260366945193446e-14
            0.6767578125   7.888609052210118e-31  -2.254380594430741e-14
      0.7268880208333334                       0  -1.443293739907611e-14
      0.7770182291666667                       0   -6.82087463577042e-15
            0.8271484375                       0    5.51301624274007e-17
      0.8772786458333334                       0   5.505693998731975e-15
      0.9274088541666667                       0   1.047511611334797e-14
            0.9775390625  -1.183291357831518e-30   1.501588443386643e-14
       1.027669270833333                       0   1.913143577830596e-14
       1.077799479166667                       0   2.262546954485481e-14
            1.1279296875                       0   2.566220371940122e-14
       1.178059895833333                       0   2.873031718429108e-14
       1.228190104166667                       0   3.147858629184579e-14
            1.2783203125                       0     3.3992249832474e-14
       1.328450520833333                       0   3.629218697048316e-14
       1.378580729166667                       0   3.825030652825567e-14
            1.4287109375                       0   4.017431025315896e-14
       1.478841145833333                       0   4.207165060846475e-14
       1.528971354166667                       0   4.374204041253339e-14
            1.5791015625                       0   4.517019556141686e-14
       1.629231770833333                       0   4.675772813908236e-14
       1.679361979166667                       0   4.786804823654574e-14
            1.7294921875                       0   4.887070925443253e-14
       1.779622395833333                       0   4.993035349359555e-14
       1.829752604166667  -3.944304526105059e-31   5.084277693831515e-14
            1.8798828125                       0   5.176989476852609e-14
       1.930013020833333                       0   5.269136096762743e-14
       1.980143229166667  -1.577721810442024e-30   5.354523778548443e-14
            2.0302734375                       0   5.411400176869324e-14
       2.080403645833333                       0   5.469846492918072e-14
       2.130533854166667                       0   5.542028623797036e-14
            2.1806640625                       0   5.582219238510206e-14
       2.230794270833333  -1.577721810442024e-30   5.609492445015275e-14
       2.280924479166667                       0   5.659980564512178e-14
            2.3310546875   1.577721810442024e-30   5.712551485980864e-14
       2.381184895833333                       0   5.756714604240218e-14
       2.431315104166667                       0   5.786898868278105e-14
            2.4814453125                       0   5.824753851032858e-14
       2.531575520833333                       0   5.835056095458528e-14
       2.581705729166667                       0   5.840636156853823e-14
            2.6318359375                       0   5.855756265327677e-14
       2.681966145833333                       0    5.87006764460295e-14
       2.732096354166667                       0   5.881150658749617e-14
            2.7822265625                       0   5.879706177852914e-14
       2.832356770833333                       0   5.891869150407273e-14
       2.882486979166667                       0   5.899802000546739e-14
            2.9326171875                       0   5.897384242815057e-14
       2.982747395833333   1.577721810442024e-30   5.902214773854629e-14
       3.032877604166667                       0   5.907841376263815e-14
            3.0830078125                       0   5.904989931505039e-14
       3.133138020833333                       0   5.906612090878648e-14
       3.183268229166667                       0   5.906237505939214e-14
            3.2333984375                       0   5.901171828407184e-14
       3.283528645833333   1.577721810442024e-30   5.896345277242863e-14
       3.333658854166667                       0   5.898715473159622e-14
            3.3837890625                       0   5.901993849254565e-14
       3.433919270833333                       0   5.904334702027228e-14
       3.484049479166667                       0   5.909874456903538e-14
            3.5341796875                       0   5.913022341607025e-14
       3.584309895833333                       0    5.92070456113029e-14
       3.634440104166667   1.577721810442024e-30   5.938929614330329e-14
            3.6845703125                       0   5.952491518304679e-14
       3.734700520833333                       0   5.962528077859248e-14
       3.784830729166667                       0   5.978972008862374e-14
            3.8349609375                       0   5.999978135515447e-14
       3.885091145833333   4.733165431326071e-30   6.020268564880248e-14
       3.935221354166667   1.577721810442024e-30   6.057611938457732e-14
            3.9853515625   6.310887241768094e-30    6.09037680633099e-14
       4.035481770833334  -1.577721810442024e-30   6.111308421738953e-14
       4.085611979166667                       0   6.144817395643557e-14
            4.1357421875                       0   6.176251262052677e-14
       4.185872395833334  -6.310887241768094e-30   6.209223868975939e-14
       4.236002604166667   6.310887241768094e-30   6.240439964752844e-14
            4.2861328125                       0   6.283603228537686e-14
       4.336263020833334                       0   6.339234762700956e-14
       4.386393229166667   6.310887241768094e-30   6.394208073959753e-14
            4.4365234375  -6.310887241768094e-30   6.451014993828157e-14
       4.486653645833334   7.888609052210118e-30   6.493625343413717e-14
       4.536783854166667  -7.888609052210118e-30   6.530140623364545e-14
            4.5869140625                       0   6.574397256637043e-14
       4.637044270833334                       0   6.624945545903709e-14
       4.687174479166667  -6.310887241768094e-30   6.685102864199125e-14
            4.7373046875                       0    6.73359167997317e-14
       4.787434895833334                       0   6.783810925844502e-14
       4.837565104166667                       0   6.836328898596789e-14
            4.8876953125                       0   6.869025609585474e-14
       4.937825520833334   1.577721810442024e-30   6.905198560830088e-14
       4.987955729166667   6.310887241768094e-30    6.92760934221965e-14
            5.0380859375                       0    6.93999749404646e-14
       5.088216145833334                       0   6.963439697106849e-14
       5.138346354166667  -6.310887241768094e-30   6.992028377780062e-14
            5.1884765625   7.888609052210118e-30   7.014436307625469e-14
       5.238606770833334                       0   7.021427383028719e-14
       5.288736979166667   6.310887241768094e-30   7.025319461736282e-14
            5.3388671875                       0   7.038664957613572e-14
       5.388997395833334                       0   7.032809699177527e-14
       5.439127604166667   6.310887241768094e-30   7.020963335087061e-14
            5.4892578125                       0   7.018238897766864e-14
       5.539388020833334                       0   7.003854948293902e-14
       5.589518229166667                       0   7.000460607449501e-14
            5.6396484375                       0   7.013398852518975e-14
       5.689778645833334  -6.310887241768094e-30   7.017699150155442e-14
       5.739908854166667                       0   7.013069939321823e-14
            5.7900390625                       0   7.009790771866756e-14
       5.840169270833334                       0   7.003479711027327e-14
       5.890299479166667   1.577721810442024e-30   7.001941790406755e-14
            5.9404296875                       0   7.013944344868233e-14
       5.990559895833334                       0   7.023900540013015e-14
       6.040690104166667   6.310887241768094e-30   7.014767617738129e-14
            6.0908203125   6.310887241768094e-30   7.011996257542718e-14
       6.140950520833334   6.310887241768094e-30   7.012284997516175e-14
       6.191080729166667                       0   7.005690066216574e-14
            6.2412109375  -6.310887241768094e-30   7.008589648976754e-14
       6.291341145833334   6.310887241768094e-30   7.010250187201318e-14
       6.341471354166667                       0    7.00185080468639e-14
            6.3916015625   6.310887241768094e-30   6.994626857341073e-14
       6.441731770833334                       0   6.984346478202425e-14
       6.491861979166667                       0   6.972023552769218e-14
            6.5419921875                       0   6.956868254278782e-14
       6.592122395833334                       0   6.938085870232107e-14
       6.642252604166667  -6.310887241768094e-30   6.921204291706032e-14
            6.6923828125  -7.888609052210118e-30   6.896610236935079e-14
       6.742513020833334                       0   6.881620762818891e-14
       6.792643229166667                       0   6.867652712352475e-14
            6.8427734375                       0   6.844772138584439e-14
       6.892903645833334  -6.310887241768094e-30    6.83147274100625e-14
       6.943033854166667                       0    6.80291046117971e-14
            6.9931640625   6.310887241768094e-30   6.765439442671873e-14
       7.043294270833334                       0   6.738986165379397e-14
       7.093424479166667                       0    6.70614793331441e-14
            7.1435546875                       0   6.681612252636773e-14
       7.193684895833334                       0   6.661880162595148e-14
       7.243815104166667                       0   6.626289214708536e-14
            7.2939453125   6.310887241768094e-30   6.590899034414744e-14
       7.344075520833334   6.310887241768094e-30   6.555467090727351e-14
       7.394205729166667                       0   6.512803405901936e-14
            7.4443359375                       0   6.468275138182392e-14
       7.494466145833334   6.310887241768094e-30   6.426380406895687e-14
       7.544596354166667                       0   6.383849463846761e-14
            7.5947265625   6.310887241768094e-30   6.343445335535686e-14
       7.644856770833334  -6.310887241768094e-30   6.305498681441427e-14
       7.694986979166667   6.310887241768094e-30   6.258637595400719e-14
            7.7451171875                       0   6.212498350230535e-14
       7.795247395833334  -7.888609052210118e-30   6.171228413095681e-14
       7.845377604166667                       0   6.122215092876928e-14
            7.8955078125  -6.310887241768094e-30   6.079164044537578e-14
       7.945638020833334  -6.310887241768094e-30   6.044290808193176e-14
       7.995768229166667                       0   6.004343564990036e-14
            8.0458984375                       0   5.979512342653293e-14
       8.096028645833334                       0   5.959677132088912e-14
       8.146158854166668  -1.577721810442024e-30   5.930104169024054e-14
            8.1962890625                       0   5.902496168612819e-14
       8.246419270833334  -1.577721810442024e-30   5.879924117259815e-14
       8.296549479166668                       0   5.853143498331709e-14
            8.3466796875                       0   5.828809680281554e-14
       8.396809895833334   1.577721810442024e-30   5.806453902215033e-14
       8.446940104166668                       0   5.780474919253069e-14
            8.4970703125                       0    5.75155287676925e-14
       8.547200520833334                       0   5.719880008932045e-14
       8.597330729166668                       0   5.690560107683353e-14
            8.6474609375                       0   5.656165281785728e-14
       8.697591145833334                       0   5.625112975988469e-14
       8.747721354166668   1.577721810442024e-30   5.594513100546119e-14
            8.7978515625                       0   5.559011618763496e-14
       8.847981770833334                       0   5.525108232395714e-14
       8.898111979166668                       0    5.49168596808525e-14
            8.9482421875                       0   5.464904075195058e-14
       8.998372395833334  -1.577721810442024e-30   5.447557429324615e-14
       9.048502604166668                       0   5.423137883334011e-14
            9.0986328125                       0   5.392034450685623e-14
       9.148763020833334                       0   5.366349923093746e-14
       9.198893229166668                       0   5.336159623658248e-14
            9.2490234375                       0    5.30915425999227e-14
       9.299153645833334                       0   5.290856770140061e-14
       9.349283854166668                       0   5.277186885888025e-14
            9.3994140625                       0   5.258463444948634e-14
       9.449544270833334                       0   5.231915605934648e-14
       9.499674479166668                       0   5.208246632338706e-14
            9.5498046875                       0   5.184036152907464e-14
       9.599934895833334                       0   5.155886970469271e-14
       9.650065104166668                       0   5.131330597832258e-14
            9.7001953125                       0   5.113040535489297e-14
       9.750325520833334                       0   5.096013253464999e-14
       9.800455729166668  -3.944304526105059e-31   5.078819072431581e-14
            9.8505859375   3.944304526105059e-31   5.067669554875053e-14
       9.900716145833334  -3.944304526105059e-31   5.053348782487907e-14
       9.950846354166668  -3.944304526105059e-31   5.037580263181044e-14
           10.0009765625                       0   5.016450204100011e-14
       10.05110677083333                       0   4.996773063033717e-14
       10.10123697916667                       0   4.986696883644504e-14
           10.1513671875                       0   4.974423575117372e-14
       10.20149739583333                       0   4.966363184066076e-14
       10.25162760416667                       0   4.965788944894209e-14
           10.3017578125  -1.577721810442024e-30   4.967779766472716e-14
       10.35188802083333                       0   4.962635884000209e-14
       10.40201822916667                       0   4.961047952092995e-14
           10.4521484375                       0    4.97424919134719e-14
       10.50227864583333                       0   4.990112635087891e-14
       10.55240885416667                       0   5.003649889783091e-14
           10.6025390625                       0   5.023158384314116e-14
       10.65266927083333                       0   5.041420177510325e-14
       10.70279947916667                       0   5.052762610103626e-14
           10.7529296875                       0   5.073917498310518e-14
       10.80305989583333                       0   5.096651859314918e-14
       10.85319010416667  -1.577721810442024e-30   5.117134386373235e-14
           10.9033203125                       0   5.142299304399592e-14
       10.95345052083333   1.577721810442024e-30   5.162349730082363e-14
       11.00358072916667                       0   5.177201186139251e-14
           11.0537109375  -1.577721810442024e-30   5.194449540044024e-14
       11.10384114583333                       0   5.209729644823501e-14
       11.15397135416667                       0   5.223223825448962e-14
           11.2041015625                       0   5.238521160591099e-14
       11.25423177083333  -1.577721810442024e-30   5.250875314084955e-14
       11.30436197916667                       0   5.260281625814176e-14
           11.3544921875                       0   5.271889089558236e-14
       11.40462239583333                       0   5.285804963552588e-14
       11.45475260416667                       0   5.301037292402541e-14
           11.5048828125                       0   5.320967968974094e-14
       11.55501302083333  -1.577721810442024e-30   5.331977680367709e-14
       11.60514322916667                       0   5.323012035327036e-14
           11.6552734375                       0   5.321448960329664e-14
       11.70540364583333                       0   5.325591469168118e-14
       11.75553385416667                       0   5.319144469309618e-14
           11.8056640625                       0   5.313893663624602e-14
       11.85579427083333                       0   5.317853072887374e-14
       11.90592447916667                       0   5.316570512182541e-14
           11.9560546875  -1.577721810442024e-30   5.297713049209389e-14
       12.00618489583333                       0   5.275861034635016e-14
       12.05631510416667  -1.577721810442024e-30   5.262207830157423e-14
           12.1064453125   1.577721810442024e-30    5.23683867457296e-14
       12.15657552083333                       0    5.20459599505479e-14
       12.20670572916667                       0   5.192394143170345e-14
           12.2568359375  -1.577721810442024e-30   5.176351211032281e-14
       12.30696614583333  -1.577721810442024e-30   5.148075319647305e-14
       12.35709635416667                       0   5.121044434376476e-14
           12.4072265625                       0   5.094091374077892e-14
       12.45735677083333                       0   5.065927553234085e-14
       12.50748697916667                       0   5.038950064696789e-14
           12.5576171875                       0   4.994572910604817e-14
       12.60774739583333                       0   4.989537015043111e-14
       12.65787760416667                       0   4.954221410951974e-14
           12.7080078125                       0   3.979835493827281e-14
       12.75813802083333                       0   2.546070234912946e-14
       12.80826822916667                       0   2.536572190123826e-14
           12.8583984375                       0   2.602491019660652e-14
       12.90852864583333   3.944304526105059e-30   3.110867506057782e-14
       12.95865885416667                       0   4.006305337445116e-14
           13.0087890625                       0   4.781396231186414e-14
