# File created on Wed Jul  8 11:31:12 2026
# Data for Inflation GW initial data initial data at coord time 0.0377973 and central proper time 0.0377973
# Evolved with (264,10,9) gridpoints (including 4 ghosts)
# Evolution with geodesic slicing and constant shift shift condition 
# data for phi = 3.14159
#              r           theta                a_rt
#===============================================================
     0.025065104      0.78539816  -1.350788917457332e-13
     0.025065104       2.3561945  -1.352068135775049e-13

     0.075195312      0.78539816  -4.753436297405489e-13
     0.075195312       2.3561945  -4.758656668738691e-13

      0.12532552      0.78539816    -4.2139660763523e-13
      0.12532552       2.3561945  -4.215351139089831e-13

      0.17545573      0.78539816  -2.847598418245053e-13
      0.17545573       2.3561945  -2.847334302477676e-13

      0.22558594      0.78539816  -1.948406597931327e-13
      0.22558594       2.3561945  -1.948259992459176e-13

      0.27571615      0.78539816  -1.551815517660372e-13
      0.27571615       2.3561945  -1.551268842565654e-13

      0.32584635      0.78539816  -1.160017786878953e-13
      0.32584635       2.3561945  -1.159625209465323e-13

      0.37597656      0.78539816  -8.853259507283559e-14
      0.37597656       2.3561945  -8.852452769920766e-14

      0.42610677      0.78539816  -6.845565552692309e-14
      0.42610677       2.3561945  -6.844387235767241e-14

      0.47623698      0.78539816  -5.243650158263601e-14
      0.47623698       2.3561945  -5.243131953601879e-14

      0.52636719      0.78539816  -3.960868088509675e-14
      0.52636719       2.3561945  -3.962139012160532e-14

       0.5764974      0.78539816  -2.912204339122183e-14
       0.5764974       2.3561945  -2.912390462151254e-14

       0.6266276      0.78539816  -2.035606338775339e-14
       0.6266276       2.3561945  -2.036470404191931e-14

      0.67675781      0.78539816  -1.292580847610274e-14
      0.67675781       2.3561945  -1.292861432733504e-14

      0.72688802      0.78539816  -6.571779554917159e-15
      0.72688802       2.3561945   -6.57592307162777e-15

      0.77701823      0.78539816  -1.144229124346666e-15
      0.77701823       2.3561945  -1.148930926204665e-15

      0.82714844      0.78539816   3.533146740890037e-15
      0.82714844       2.3561945   3.533462936951355e-15

      0.87727865      0.78539816   7.617580662206095e-15
      0.87727865       2.3561945   7.617640460997436e-15

      0.92740885      0.78539816   1.114734770218656e-14
      0.92740885       2.3561945   1.114731638106227e-14

      0.97753906      0.78539816    1.43278795514415e-14
      0.97753906       2.3561945   1.432776172941398e-14

       1.0276693      0.78539816   1.719332856346052e-14
       1.0276693       2.3561945   1.719557151478419e-14

       1.0777995      0.78539816   1.976001121326135e-14
       1.0777995       2.3561945   1.976403836544978e-14

       1.1279297      0.78539816   2.209432608879512e-14
       1.1279297       2.3561945   2.209684780183185e-14

       1.1780599      0.78539816   2.421855168059152e-14
       1.1780599       2.3561945   2.421859380426679e-14

       1.2281901      0.78539816   2.606312023186144e-14
       1.2281901       2.3561945   2.606303237813624e-14

       1.2783203      0.78539816   2.776255885186777e-14
       1.2783203       2.3561945   2.776250836286107e-14

       1.3284505      0.78539816    2.93927295083905e-14
       1.3284505       2.3561945   2.939417211178774e-14

       1.3785807      0.78539816   3.092175358323268e-14
       1.3785807       2.3561945   3.092326310880778e-14

       1.4287109      0.78539816   3.230611606888243e-14
       1.4287109       2.3561945   3.230542621386257e-14

       1.4788411      0.78539816   3.357104927564158e-14
       1.4788411       2.3561945    3.35693495688771e-14

       1.5289714      0.78539816    3.47771410005801e-14
       1.5289714       2.3561945   3.477687170526672e-14

       1.5791016      0.78539816   3.592453714432502e-14
       1.5791016       2.3561945   3.592461840785129e-14

       1.6292318      0.78539816   3.698196199551855e-14
       1.6292318       2.3561945   3.698195873386945e-14

        1.679362      0.78539816   3.796025445784457e-14
        1.679362       2.3561945   3.796023903126206e-14

       1.7294922      0.78539816   3.886666813912853e-14
       1.7294922       2.3561945   3.886665889059855e-14

       1.7796224      0.78539816   3.966795699757014e-14
       1.7796224       2.3561945   3.966797892961367e-14

       1.8297526      0.78539816   4.033390432819019e-14
       1.8297526       2.3561945   4.033392579924373e-14

       1.8798828      0.78539816   4.090872556266703e-14
       1.8798828       2.3561945   4.090872785785856e-14

        1.930013      0.78539816   4.143140773488658e-14
        1.930013       2.3561945    4.14314078706447e-14

       1.9801432      0.78539816   4.189557104852774e-14
       1.9801432       2.3561945   4.189562665462996e-14

       2.0302734      0.78539816   4.234263155898387e-14
       2.0302734       2.3561945    4.23423377254993e-14

       2.0804036      0.78539816    4.28382940316721e-14
       2.0804036       2.3561945   4.283745296843605e-14

       2.1305339      0.78539816   4.335215445901313e-14
       2.1305339       2.3561945   4.335204018967308e-14

       2.1806641      0.78539816   4.381522003341861e-14
       2.1806641       2.3561945   4.381526876697808e-14

       2.2307943      0.78539816   4.419773742305023e-14
       2.2307943       2.3561945   4.419772704037069e-14

       2.2809245      0.78539816   4.451854914873526e-14
       2.2809245       2.3561945   4.451853872212009e-14

       2.3310547      0.78539816   4.476724377626911e-14
       2.3310547       2.3561945   4.476723928684507e-14

       2.3811849      0.78539816   4.492638210719179e-14
       2.3811849       2.3561945   4.492637181657453e-14

       2.4313151      0.78539816   4.506102874726044e-14
       2.4313151       2.3561945   4.506102649302678e-14

       2.4814453      0.78539816   4.525282866311893e-14
       2.4814453       2.3561945   4.525282614959503e-14

       2.5315755      0.78539816   4.548467434996071e-14
       2.5315755       2.3561945   4.548464025490241e-14

       2.5817057      0.78539816   4.569993819366619e-14
       2.5817057       2.3561945   4.570019585135912e-14

       2.6318359      0.78539816   4.584830557272832e-14
       2.6318359       2.3561945   4.584895411635414e-14

       2.6819661      0.78539816   4.592204175848487e-14
       2.6819661       2.3561945   4.592254666709252e-14

       2.7320964      0.78539816   4.595326534006179e-14
       2.7320964       2.3561945   4.595333692938193e-14

       2.7822266      0.78539816    4.59310984687152e-14
       2.7822266       2.3561945   4.593150533671318e-14

       2.8323568      0.78539816   4.587540711157237e-14
       2.8323568       2.3561945   4.587536685923847e-14

        2.882487      0.78539816   4.582203309973473e-14
        2.882487       2.3561945   4.582147401716175e-14

       2.9326172      0.78539816   4.577571295395374e-14
       2.9326172       2.3561945   4.577520423162856e-14

       2.9827474      0.78539816    4.57330122020915e-14
       2.9827474       2.3561945   4.573259756756028e-14

       3.0328776      0.78539816   4.572944730541297e-14
       3.0328776       2.3561945   4.572940100201201e-14

       3.0830078      0.78539816   4.575922406541461e-14
       3.0830078       2.3561945   4.575924565356225e-14

        3.133138      0.78539816    4.57885045738728e-14
        3.133138       2.3561945   4.578850038720019e-14

       3.1832682      0.78539816   4.581924832779201e-14
       3.1832682       2.3561945   4.581926459432685e-14

       3.2333984      0.78539816   4.584300131268313e-14
       3.2333984       2.3561945   4.584286872079162e-14

       3.2835286      0.78539816   4.583122169547908e-14
       3.2835286       2.3561945   4.583094743931228e-14

       3.3336589      0.78539816   4.578607969073771e-14
       3.3336589       2.3561945   4.578634547963724e-14

       3.3837891      0.78539816    4.57296063778637e-14
       3.3837891       2.3561945   4.572944540128985e-14

       3.4339193      0.78539816    4.56770699938613e-14
       3.4339193       2.3561945   4.567708000474198e-14

       3.4840495      0.78539816   4.564197789189236e-14
       3.4840495       2.3561945   4.564237500742881e-14

       3.5341797      0.78539816   4.563186515665887e-14
       3.5341797       2.3561945   4.563211431501787e-14

       3.5843099      0.78539816    4.56449862498666e-14
       3.5843099       2.3561945   4.564498945478281e-14

       3.6344401      0.78539816   4.567763428049489e-14
       3.6344401       2.3561945   4.567762713653761e-14

       3.6845703      0.78539816   4.574039635541068e-14
       3.6845703       2.3561945   4.574039745942647e-14

       3.7347005      0.78539816    4.58749264852727e-14
       3.7347005       2.3561945   4.587492728283145e-14

       3.7848307      0.78539816   4.606091215808261e-14
       3.7848307       2.3561945    4.60609122178014e-14

       3.8349609      0.78539816   4.623848433157389e-14
       3.8349609       2.3561945    4.62384856702865e-14

       3.8850911      0.78539816   4.639246125452034e-14
       3.8850911       2.3561945   4.639246590504552e-14

       3.9352214      0.78539816   4.657620716360993e-14
       3.9352214       2.3561945   4.657621198488754e-14

       3.9853516      0.78539816   4.679354835566142e-14
       3.9853516       2.3561945   4.679354973268382e-14

       4.0354818      0.78539816   4.701827427728896e-14
       4.0354818       2.3561945   4.701827434621471e-14

        4.085612      0.78539816   4.724794643494333e-14
        4.085612       2.3561945   4.724796089258266e-14

       4.1357422      0.78539816   4.748706710819796e-14
       4.1357422       2.3561945   4.748699852752272e-14

       4.1858724      0.78539816   4.773710933098418e-14
       4.1858724       2.3561945   4.773690014386072e-14

       4.2360026      0.78539816   4.800570797080696e-14
       4.2360026       2.3561945   4.800567810252593e-14

       4.2861328      0.78539816   4.827042120804438e-14
       4.2861328       2.3561945   4.827059869880227e-14

        4.336263      0.78539816   4.854787650514075e-14
        4.336263       2.3561945     4.8548123349949e-14

       4.3863932      0.78539816   4.886021684973749e-14
       4.3863932       2.3561945   4.886034355977172e-14

       4.4365234      0.78539816   4.923865499831209e-14
       4.4365234       2.3561945     4.9238645816169e-14

       4.4866536      0.78539816   4.970318917858388e-14
       4.4866536       2.3561945   4.970318743642376e-14

       4.5367839      0.78539816   5.021950516115294e-14
       4.5367839       2.3561945   5.021950598509636e-14

       4.5869141      0.78539816   5.070043806812548e-14
       4.5869141       2.3561945   5.070044072327046e-14

       4.6370443      0.78539816   5.110714619753913e-14
       4.6370443       2.3561945   5.110714760711551e-14

       4.6871745      0.78539816   5.145603402030798e-14
       4.6871745       2.3561945   5.145603382635049e-14

       4.7373047      0.78539816   5.178612832452185e-14
       4.7373047       2.3561945   5.178612925739875e-14

       4.7874349      0.78539816   5.212048076382784e-14
       4.7874349       2.3561945   5.212048337539385e-14

       4.8375651      0.78539816   5.245549713427097e-14
       4.8375651       2.3561945   5.245549759306259e-14

       4.8876953      0.78539816   5.278589888057602e-14
       4.8876953       2.3561945   5.278589872313954e-14

       4.9378255      0.78539816   5.313297613633507e-14
       4.9378255       2.3561945   5.313297594045758e-14

       4.9879557      0.78539816   5.348877966840013e-14
       4.9879557       2.3561945   5.348877988915856e-14

       5.0380859      0.78539816   5.378633234432876e-14
       5.0380859       2.3561945   5.378633189569424e-14

       5.0882161      0.78539816   5.396423395577792e-14
       5.0882161       2.3561945   5.396422812604748e-14

       5.1383464      0.78539816    5.40438470761973e-14
       5.1383464       2.3561945    5.40438482749167e-14

       5.1884766      0.78539816   5.405844451555209e-14
       5.1884766       2.3561945   5.405856915353759e-14

       5.2386068      0.78539816   5.404905478168135e-14
       5.2386068       2.3561945   5.404904313264891e-14

        5.288737      0.78539816   5.405034535121269e-14
        5.288737       2.3561945   5.405017127464153e-14

       5.3388672      0.78539816   5.406477503826453e-14
       5.3388672       2.3561945   5.406466104543309e-14

       5.3889974      0.78539816   5.408055257017789e-14
       5.3889974       2.3561945   5.408054973189225e-14

       5.4391276      0.78539816   5.410580174215517e-14
       5.4391276       2.3561945   5.410580473022617e-14

       5.4892578      0.78539816    5.41315680834737e-14
       5.4892578       2.3561945   5.413156260955277e-14

        5.539388      0.78539816    5.41289619577159e-14
        5.539388       2.3561945    5.41290552345084e-14

       5.5895182      0.78539816   5.406239635009084e-14
       5.5895182       2.3561945   5.406243376743741e-14

       5.6396484      0.78539816   5.393129070623231e-14
       5.6396484       2.3561945   5.393114584982803e-14

       5.6897786      0.78539816    5.37953551544716e-14
       5.6897786       2.3561945   5.379525208290385e-14

       5.7399089      0.78539816   5.373818906568949e-14
       5.7399089       2.3561945   5.373828441476909e-14

       5.7900391      0.78539816   5.376611448412443e-14
       5.7900391       2.3561945    5.37661595801698e-14

       5.8401693      0.78539816   5.379679730398204e-14
       5.8401693       2.3561945   5.379679798256917e-14

       5.8902995      0.78539816   5.382025074420212e-14
       5.8902995       2.3561945   5.382019597842643e-14

       5.9404297      0.78539816   5.386443207831182e-14
       5.9404297       2.3561945   5.386433899944623e-14

       5.9905599      0.78539816   5.392881180950711e-14
       5.9905599       2.3561945   5.392880871631715e-14

       6.0406901      0.78539816   5.399819201523434e-14
       6.0406901       2.3561945   5.399819732406013e-14

       6.0908203      0.78539816   5.409526982140089e-14
       6.0908203       2.3561945   5.409518637460666e-14

       6.1409505      0.78539816   5.416268796552986e-14
       6.1409505       2.3561945   5.416264101307104e-14

       6.1910807      0.78539816   5.414469349793463e-14
       6.1910807       2.3561945   5.414464953101584e-14

       6.2412109      0.78539816   5.405958872250313e-14
       6.2412109       2.3561945   5.405950539318695e-14

       6.2913411      0.78539816   5.397108016207117e-14
       6.2913411       2.3561945   5.397107207376174e-14

       6.3414714      0.78539816   5.390507445824651e-14
       6.3414714       2.3561945   5.390507650386454e-14

       6.3916016      0.78539816   5.385518682467228e-14
       6.3916016       2.3561945   5.385526427349451e-14

       6.4417318      0.78539816   5.380034028703642e-14
       6.4417318       2.3561945   5.380039201812627e-14

        6.491862      0.78539816   5.372187813719088e-14
        6.491862       2.3561945   5.372187697172801e-14

       6.5419922      0.78539816   5.364693543900061e-14
       6.5419922       2.3561945   5.364693019743187e-14

       6.5921224      0.78539816   5.359567022718501e-14
       6.5921224       2.3561945   5.359568028113777e-14

       6.6422526      0.78539816   5.350616889505773e-14
       6.6422526       2.3561945   5.350625082752708e-14

       6.6923828      0.78539816    5.33417167561119e-14
       6.6923828       2.3561945   5.334174297954095e-14

        6.742513      0.78539816   5.315187394777925e-14
        6.742513       2.3561945    5.31519274627837e-14

       6.7926432      0.78539816   5.294860377705983e-14
       6.7926432       2.3561945   5.294865892369178e-14

       6.8427734      0.78539816   5.273685858621739e-14
       6.8427734       2.3561945   5.273687764713741e-14

       6.8929036      0.78539816   5.254788846686943e-14
       6.8929036       2.3561945   5.254797075591255e-14

       6.9430339      0.78539816   5.240392801776431e-14
       6.9430339       2.3561945   5.240401923339466e-14

       6.9931641      0.78539816    5.22920688826271e-14
       6.9931641       2.3561945   5.229209447379736e-14

       7.0432943      0.78539816   5.215842206365181e-14
       7.0432943       2.3561945   5.215841535061196e-14

       7.0934245      0.78539816   5.196716721842365e-14
       7.0934245       2.3561945   5.196717340653634e-14

       7.1435547      0.78539816   5.172973610840695e-14
       7.1435547       2.3561945    5.17297122023025e-14

       7.1936849      0.78539816   5.147699001749435e-14
       7.1936849       2.3561945   5.147692588655808e-14

       7.2438151      0.78539816    5.12160238200395e-14
       7.2438151       2.3561945   5.121607807217834e-14

       7.2939453      0.78539816   5.094475900591732e-14
       7.2939453       2.3561945    5.09447383450365e-14

       7.3440755      0.78539816   5.067201603400204e-14
       7.3440755       2.3561945   5.067192682769804e-14

       7.3942057      0.78539816   5.040254235234994e-14
       7.3942057       2.3561945   5.040249525405964e-14

       7.4443359      0.78539816    5.01306286053361e-14
       7.4443359       2.3561945   5.013061430709189e-14

       7.4944661      0.78539816   4.983077132449758e-14
       7.4944661       2.3561945   4.983070517913292e-14

       7.5445964      0.78539816   4.947162389472976e-14
       7.5445964       2.3561945   4.947155018812612e-14

       7.5947266      0.78539816   4.909143557646902e-14
       7.5947266       2.3561945   4.909135266901019e-14

       7.6448568      0.78539816   4.873336537564159e-14
       7.6448568       2.3561945   4.873336470947714e-14

        7.694987      0.78539816   4.838979943481146e-14
        7.694987       2.3561945   4.838987651209923e-14

       7.7451172      0.78539816   4.804144184012496e-14
       7.7451172       2.3561945   4.804149990827704e-14

       7.7952474      0.78539816   4.769275031743613e-14
       7.7952474       2.3561945   4.769275460801818e-14

       7.8453776      0.78539816   4.735828804541615e-14
       7.8453776       2.3561945   4.735828418879588e-14

       7.8955078      0.78539816    4.70473183820296e-14
       7.8955078       2.3561945   4.704732340882431e-14

        7.945638      0.78539816   4.674091469096536e-14
        7.945638       2.3561945   4.674087654515523e-14

       7.9957682      0.78539816   4.642338150628435e-14
       7.9957682       2.3561945   4.642333574918954e-14

       8.0458984      0.78539816   4.610762906323011e-14
       8.0458984       2.3561945   4.610762998354112e-14

       8.0960286      0.78539816   4.583329395862045e-14
       8.0960286       2.3561945   4.583329248439936e-14

       8.1461589      0.78539816   4.563669626334875e-14
       8.1461589       2.3561945   4.563664374373366e-14

       8.1962891      0.78539816   4.551324932756098e-14
       8.1962891       2.3561945   4.551322462988075e-14

       8.2464193      0.78539816   4.542655271135155e-14
       8.2464193       2.3561945   4.542655929846225e-14

       8.2965495      0.78539816   4.534760097591836e-14
       8.2965495       2.3561945   4.534758305278647e-14

       8.3466797      0.78539816   4.526188053796485e-14
       8.3466797       2.3561945   4.526182006265798e-14

       8.3968099      0.78539816   4.516052476630254e-14
       8.3968099       2.3561945    4.51604654551474e-14

       8.4469401      0.78539816   4.503044357801682e-14
       8.4469401       2.3561945    4.50304249922721e-14

       8.4970703      0.78539816   4.484361482885862e-14
       8.4970703       2.3561945   4.484366539879777e-14

       8.5472005      0.78539816   4.460089951023029e-14
       8.5472005       2.3561945   4.460089850082243e-14

       8.5973307      0.78539816   4.430402207175483e-14
       8.5973307       2.3561945   4.430398776423126e-14

       8.6474609      0.78539816   4.396113574721428e-14
       8.6474609       2.3561945   4.396112049207953e-14

       8.6975911      0.78539816   4.360817971869399e-14
       8.6975911       2.3561945   4.360813327642581e-14

       8.7477214      0.78539816   4.329557014704563e-14
       8.7477214       2.3561945   4.329555622492994e-14

       8.7978516      0.78539816   4.300531303342531e-14
       8.7978516       2.3561945   4.300531387926989e-14

       8.8479818      0.78539816   4.273246395457767e-14
       8.8479818       2.3561945   4.273246482380748e-14

        8.898112      0.78539816    4.24914832480699e-14
        8.898112       2.3561945   4.249148351287866e-14

       8.9482422      0.78539816   4.228728139053715e-14
       8.9482422       2.3561945   4.228728327170134e-14

       8.9983724      0.78539816   4.211089349447963e-14
       8.9983724       2.3561945    4.21108933611088e-14

       9.0485026      0.78539816   4.196404837057996e-14
       9.0485026       2.3561945   4.196404367853334e-14

       9.0986328      0.78539816   4.185665309445392e-14
       9.0986328       2.3561945   4.185669174292974e-14

        9.148763      0.78539816   4.178112032819168e-14
        9.148763       2.3561945     4.1781144692906e-14

       9.1988932      0.78539816   4.168111810147445e-14
       9.1988932       2.3561945   4.168112973970522e-14

       9.2490234      0.78539816   4.150392527942412e-14
       9.2490234       2.3561945   4.150397390839923e-14

       9.2991536      0.78539816   4.125940935155147e-14
       9.2991536       2.3561945     4.1259460449674e-14

       9.3492839      0.78539816   4.100711779673621e-14
       9.3492839       2.3561945   4.100709073500931e-14

       9.3994141      0.78539816   4.076052750868243e-14
       9.3994141       2.3561945   4.076049883759249e-14

       9.4495443      0.78539816   4.052634609429227e-14
       9.4495443       2.3561945   4.052636532204268e-14

       9.4996745      0.78539816   4.033941018851241e-14
       9.4996745       2.3561945    4.03394582081416e-14

       9.5498047      0.78539816   4.020810022664164e-14
       9.5498047       2.3561945   4.020814513862608e-14

       9.5999349      0.78539816   4.009552218160716e-14
       9.5999349       2.3561945   4.009556689925935e-14

       9.6500651      0.78539816   3.997013122766889e-14
       9.6500651       2.3561945   3.997018400872568e-14

       9.7001953      0.78539816   3.983564281627567e-14
       9.7001953       2.3561945   3.983563863593438e-14

       9.7503255      0.78539816   3.970044336123525e-14
       9.7503255       2.3561945   3.970038846800421e-14

       9.8004557      0.78539816   3.955141038888291e-14
       9.8004557       2.3561945   3.955138430900133e-14

       9.8505859      0.78539816   3.938888578058578e-14
       9.8505859       2.3561945   3.938892778381191e-14

       9.9007161      0.78539816   3.924097842584201e-14
       9.9007161       2.3561945   3.924102700490456e-14

       9.9508464      0.78539816   3.912995267907484e-14
       9.9508464       2.3561945   3.912993500860874e-14

       10.000977      0.78539816   3.904316607573604e-14
       10.000977       2.3561945   3.904311091740285e-14

       10.051107      0.78539816   3.896391070532089e-14
       10.051107       2.3561945   3.896389973700981e-14

       10.101237      0.78539816   3.886237511806845e-14
       10.101237       2.3561945   3.886241794749771e-14

       10.151367      0.78539816   3.873143785442399e-14
       10.151367       2.3561945   3.873147727104928e-14

       10.201497      0.78539816    3.86043385185644e-14
       10.201497       2.3561945   3.860434444559551e-14

       10.251628      0.78539816   3.852086994088922e-14
       10.251628       2.3561945   3.852086786903482e-14

       10.301758      0.78539816   3.846906070313704e-14
       10.301758       2.3561945   3.846905971122366e-14

       10.351888      0.78539816   3.846010830628244e-14
       10.351888       2.3561945   3.846011003204305e-14

       10.402018      0.78539816   3.849664083780499e-14
       10.402018       2.3561945    3.84966357421022e-14

       10.452148      0.78539816   3.856329729405626e-14
       10.452148       2.3561945   3.856330271810261e-14

       10.502279      0.78539816   3.865261243356789e-14
       10.502279       2.3561945   3.865264604907736e-14

       10.552409      0.78539816   3.878782680544939e-14
       10.552409       2.3561945   3.878783139181499e-14

       10.602539      0.78539816   3.898684935308998e-14
       10.602539       2.3561945   3.898687826462148e-14

       10.652669      0.78539816   3.922190503162801e-14
       10.652669       2.3561945   3.922191475766272e-14

       10.702799      0.78539816   3.945969008079786e-14
       10.702799       2.3561945   3.945965625898527e-14

        10.75293      0.78539816   3.967468842958063e-14
        10.75293       2.3561945   3.967464815011894e-14

        10.80306      0.78539816   3.985269214902237e-14
        10.80306       2.3561945   3.985268317579221e-14

        10.85319      0.78539816   3.999618746831847e-14
        10.85319       2.3561945    3.99962201846992e-14

        10.90332      0.78539816   4.012443056739344e-14
        10.90332       2.3561945   4.012444081248065e-14

       10.953451      0.78539816   4.024658215805882e-14
       10.953451       2.3561945   4.024660086508329e-14

       11.003581      0.78539816   4.037247192627091e-14
       11.003581       2.3561945   4.037249259242883e-14

       11.053711      0.78539816   4.050514344545671e-14
       11.053711       2.3561945   4.050515134374636e-14

       11.103841      0.78539816   4.063428181363252e-14
       11.103841       2.3561945   4.063431029519654e-14

       11.153971      0.78539816   4.075173951114309e-14
       11.153971       2.3561945   4.075175868256212e-14

       11.204102      0.78539816   4.089150627229073e-14
       11.204102       2.3561945   4.089148359030465e-14

       11.254232      0.78539816   4.102948241716608e-14
       11.254232       2.3561945   4.102945896029071e-14

       11.304362      0.78539816   4.114115395796364e-14
       11.304362       2.3561945   4.114115142801452e-14

       11.354492      0.78539816   4.123223062774686e-14
       11.354492       2.3561945   4.123223155163428e-14

       11.404622      0.78539816   4.131575380927939e-14
       11.404622       2.3561945   4.131575385125259e-14

       11.454753      0.78539816   4.138075968615625e-14
       11.454753       2.3561945   4.138076797993666e-14

       11.504883      0.78539816   4.142723570247727e-14
       11.504883       2.3561945   4.142720830478833e-14

       11.555013      0.78539816   4.148564619673139e-14
       11.555013       2.3561945   4.148563859639374e-14

       11.605143      0.78539816   4.160296524124546e-14
       11.605143       2.3561945   4.160299112398848e-14

       11.655273      0.78539816   4.175908650536116e-14
       11.655273       2.3561945   4.175909232302962e-14

       11.705404      0.78539816    4.18542079189887e-14
       11.705404       2.3561945   4.185417887741802e-14

       11.755534      0.78539816   4.181691680209151e-14
       11.755534       2.3561945   4.181690372047419e-14

       11.805664      0.78539816   4.174108272032547e-14
       11.805664       2.3561945   4.174108829247933e-14

       11.855794      0.78539816   4.169013770453205e-14
       11.855794       2.3561945   4.169013333547344e-14

       11.905924      0.78539816   4.159288828944932e-14
       11.905924       2.3561945   4.159285336213198e-14

       11.956055      0.78539816   4.142348980906597e-14
       11.956055       2.3561945   4.142346070246229e-14

       12.006185      0.78539816   4.127217754261726e-14
       12.006185       2.3561945   4.127219732396841e-14

       12.056315      0.78539816    4.11899257916316e-14
       12.056315       2.3561945   4.118993898607646e-14

       12.106445      0.78539816   4.107363438561404e-14
       12.106445       2.3561945   4.107363584686205e-14

       12.156576      0.78539816    4.08918792485206e-14
       12.156576       2.3561945   4.089187161572076e-14

       12.206706      0.78539816   4.067220135877519e-14
       12.206706       2.3561945   4.067220895210537e-14

       12.256836      0.78539816   4.044475425196085e-14
       12.256836       2.3561945   4.044477872877583e-14

       12.306966      0.78539816     4.0223239782037e-14
       12.306966       2.3561945   4.022324837751564e-14

       12.357096      0.78539816   4.002309743580065e-14
       12.357096       2.3561945   4.002309625501052e-14

       12.407227      0.78539816     3.9840878555522e-14
       12.407227       2.3561945   3.984087519079424e-14

       12.457357      0.78539816   3.964732659255597e-14
       12.457357       2.3561945   3.964733481677758e-14

       12.507487      0.78539816   3.942508679757541e-14
       12.507487       2.3561945   3.942507773181512e-14

       12.557617      0.78539816   3.919388491192229e-14
       12.557617       2.3561945   3.919386296580961e-14

       12.607747      0.78539816   3.897851168031908e-14
       12.607747       2.3561945   3.897852643255108e-14

       12.657878      0.78539816   3.875745366400958e-14
       12.657878       2.3561945   3.875746582051132e-14

       12.708008      0.78539816   3.848122023878463e-14
       12.708008       2.3561945   3.848122232222207e-14

       12.758138      0.78539816   3.814813682810099e-14
       12.758138       2.3561945   3.814813153324934e-14

       12.808268      0.78539816   3.781145564520282e-14
       12.808268       2.3561945   3.781145587339517e-14

       12.858398      0.78539816   3.753553155050429e-14
       12.858398       2.3561945   3.753555545063154e-14

       12.908529      0.78539816   3.734620817239824e-14
       12.908529       2.3561945   3.734624268202316e-14

       12.958659      0.78539816   3.722100612329499e-14
       12.958659       2.3561945   3.722099374340405e-14

       13.008789      0.78539816   3.712975266596732e-14
       13.008789       2.3561945   3.712974372804565e-14

