# File created on Wed Jul  8 11:31:17 2026
# Data for Inflation GW initial data initial data at coord time 1.12447 and central proper time 1.12447
# Evolved with (264,10,9) gridpoints (including 4 ghosts)
# Evolution with geodesic slicing and constant shift shift condition 
# data for phi = 3.14159
#              r           theta                a_rt
#===============================================================
     0.025065104      0.78539816  -1.025792600343423e-14
     0.025065104       2.3561945  -6.503991170513937e-15

     0.075195312      0.78539816  -2.755835340432036e-15
     0.075195312       2.3561945  -2.335820284687309e-15

      0.12532552      0.78539816  -3.700600547630625e-16
      0.12532552       2.3561945    1.85595679652047e-15

      0.17545573      0.78539816  -2.769753516815627e-16
      0.17545573       2.3561945   8.602654537849029e-16

      0.22558594      0.78539816  -7.272650139107766e-16
      0.22558594       2.3561945   8.150523126470921e-16

      0.27571615      0.78539816   7.654513487815338e-16
      0.27571615       2.3561945   1.427002946814471e-15

      0.32584635      0.78539816   2.161820379193787e-15
      0.32584635       2.3561945   1.673529331448335e-15

      0.37597656      0.78539816   1.739356003209848e-15
      0.37597656       2.3561945   1.211152359683216e-15

      0.42610677      0.78539816   2.185267225482311e-15
      0.42610677       2.3561945   2.211269829742845e-15

      0.47623698      0.78539816   4.521653458192582e-15
      0.47623698       2.3561945   4.557142257881078e-15

      0.52636719      0.78539816   3.953145599512909e-15
      0.52636719       2.3561945   3.883776605377663e-15

       0.5764974      0.78539816   5.948095635440015e-15
       0.5764974       2.3561945   5.825852905725575e-15

       0.6266276      0.78539816   7.127628962564713e-15
       0.6266276       2.3561945    7.10978974430017e-15

      0.67675781      0.78539816   4.622072661202308e-15
      0.67675781       2.3561945   4.627121024132965e-15

      0.72688802      0.78539816   1.107640943585574e-14
      0.72688802       2.3561945   1.104107792958939e-14

      0.77701823      0.78539816   1.389946790595599e-14
      0.77701823       2.3561945   1.395807718073579e-14

      0.82714844      0.78539816    9.53536122543563e-15
      0.82714844       2.3561945   9.588651331549214e-15

      0.87727865      0.78539816   2.302940724658086e-14
      0.87727865       2.3561945   2.299069410551981e-14

      0.92740885      0.78539816   3.952687892276749e-14
      0.92740885       2.3561945   3.950145456638587e-14

      0.97753906      0.78539816   3.030815543485839e-14
      0.97753906       2.3561945   3.030992162823488e-14

       1.0276693      0.78539816   1.111192485227951e-14
       1.0276693       2.3561945   1.109266557156986e-14

       1.0777995      0.78539816   2.712469133284866e-15
       1.0777995       2.3561945   2.688228375771802e-15

       1.1279297      0.78539816   7.654619718817297e-16
       1.1279297       2.3561945   7.291735844875343e-16

       1.1780599      0.78539816  -1.357979842116812e-15
       1.1780599       2.3561945  -1.340846735144909e-15

       1.2281901      0.78539816  -3.162069330915115e-15
       1.2281901       2.3561945  -3.148133299236564e-15

       1.2783203      0.78539816  -3.773110663764351e-15
       1.2783203       2.3561945  -3.759674286305581e-15

       1.3284505      0.78539816   -3.66957647217524e-15
       1.3284505       2.3561945   -3.67008651860288e-15

       1.3785807      0.78539816  -3.475261021281259e-15
       1.3785807       2.3561945  -3.456757377744415e-15

       1.4287109      0.78539816  -3.518865655648917e-15
       1.4287109       2.3561945  -3.515889046863372e-15

       1.4788411      0.78539816  -3.346260670377544e-15
       1.4788411       2.3561945   -3.37705236894907e-15

       1.5289714      0.78539816  -2.863586722079268e-15
       1.5289714       2.3561945  -2.896484666205895e-15

       1.5791016      0.78539816  -2.311750379723304e-15
       1.5791016       2.3561945  -2.317959456634349e-15

       1.6292318      0.78539816  -1.797534469342714e-15
       1.6292318       2.3561945  -1.811401948440063e-15

        1.679362      0.78539816  -1.309104249555558e-15
        1.679362       2.3561945  -1.296313191168128e-15

       1.7294922      0.78539816  -9.278200894876026e-16
       1.7294922       2.3561945  -9.057627438064973e-16

       1.7796224      0.78539816  -7.117212003597983e-16
       1.7796224       2.3561945  -7.100889077219892e-16

       1.8297526      0.78539816  -3.427974423058357e-16
       1.8297526       2.3561945  -3.630399913618321e-16

       1.8798828      0.78539816   1.104639712051274e-16
       1.8798828       2.3561945   1.011741017129459e-16

        1.930013      0.78539816    5.21204557060402e-16
        1.930013       2.3561945   5.401686684444713e-16

       1.9801432      0.78539816   8.409229791359868e-16
       1.9801432       2.3561945   8.430366635856119e-16

       2.0302734      0.78539816   1.142117338073023e-15
       2.0302734       2.3561945    1.12811892383322e-15

       2.0804036      0.78539816   1.434452314011172e-15
       2.0804036       2.3561945   1.423040655004496e-15

       2.1305339      0.78539816   1.999260517900754e-15
       2.1305339       2.3561945    1.99896013574031e-15

       2.1806641      0.78539816   2.391108852810938e-15
       2.1806641       2.3561945   2.394673869552354e-15

       2.2307943      0.78539816   2.546999094457831e-15
       2.2307943       2.3561945   2.547195608785187e-15

       2.2809245      0.78539816   2.796996590152343e-15
       2.2809245       2.3561945   2.808102808862431e-15

       2.3310547      0.78539816   3.227850016229252e-15
       2.3310547       2.3561945   3.210001419194393e-15

       2.3811849      0.78539816   3.485900992284187e-15
       2.3811849       2.3561945    3.46108222476022e-15

       2.4313151      0.78539816   3.640733233501934e-15
       2.4313151       2.3561945   3.645391705501736e-15

       2.4814453      0.78539816   4.029905242650185e-15
       2.4814453       2.3561945   4.036280235749089e-15

       2.5315755      0.78539816   4.436263535197272e-15
       2.5315755       2.3561945   4.431330197836229e-15

       2.5817057      0.78539816   4.640758773733375e-15
       2.5817057       2.3561945   4.639862932628985e-15

       2.6318359      0.78539816   4.847826527869977e-15
       2.6318359       2.3561945   4.838880408930603e-15

       2.6819661      0.78539816    5.16884750200233e-15
       2.6819661       2.3561945   5.163114168853154e-15

       2.7320964      0.78539816   5.473644845163526e-15
       2.7320964       2.3561945   5.476977548900661e-15

       2.7822266      0.78539816   5.863113577767345e-15
       2.7822266       2.3561945    5.87677349311878e-15

       2.8323568      0.78539816   6.407022719706366e-15
       2.8323568       2.3561945   6.410904042550675e-15

        2.882487      0.78539816   6.869983023360405e-15
        2.882487       2.3561945   6.870076694749547e-15

       2.9326172      0.78539816   7.102372941080622e-15
       2.9326172       2.3561945   7.098967031825329e-15

       2.9827474      0.78539816   7.441750844122276e-15
       2.9827474       2.3561945   7.441714739547025e-15

       3.0328776      0.78539816   7.864465919906346e-15
       3.0328776       2.3561945   7.866293315490944e-15

       3.0830078      0.78539816   8.189387815442633e-15
       3.0830078       2.3561945   8.186480947241089e-15

        3.133138      0.78539816   8.544045646437572e-15
        3.133138       2.3561945   8.542754722802181e-15

       3.1832682      0.78539816   8.858915649621283e-15
       3.1832682       2.3561945   8.858189788603187e-15

       3.2333984      0.78539816   9.205602945465093e-15
       3.2333984       2.3561945   9.199201695951783e-15

       3.2835286      0.78539816   9.628701096514306e-15
       3.2835286       2.3561945   9.623690402213232e-15

       3.3336589      0.78539816   9.993952043933089e-15
       3.3336589       2.3561945   9.992678539183531e-15

       3.3837891      0.78539816   1.030627042071813e-14
       3.3837891       2.3561945   1.030069093109229e-14

       3.4339193      0.78539816    1.05487171601629e-14
       3.4339193       2.3561945   1.054612936602179e-14

       3.4840495      0.78539816   1.092461541277689e-14
       3.4840495       2.3561945   1.092546448116605e-14

       3.5341797      0.78539816   1.147502204382314e-14
       3.5341797       2.3561945   1.147397419219501e-14

       3.5843099      0.78539816   1.197684545594622e-14
       3.5843099       2.3561945   1.197662025596763e-14

       3.6344401      0.78539816   1.248095486182391e-14
       3.6344401       2.3561945   1.248375396578758e-14

       3.6845703      0.78539816   1.297119040526167e-14
       3.6845703       2.3561945   1.297739054360548e-14

       3.7347005      0.78539816   1.340466838113087e-14
       3.7347005       2.3561945   1.340716065289817e-14

       3.7848307      0.78539816   1.370894034357042e-14
       3.7848307       2.3561945   1.371894327410882e-14

       3.8349609      0.78539816   1.402363396558074e-14
       3.8349609       2.3561945   1.402858878824101e-14

       3.8850911      0.78539816   1.445385458440611e-14
       3.8850911       2.3561945   1.445205189506893e-14

       3.9352214      0.78539816   1.484255390898633e-14
       3.9352214       2.3561945   1.484032464293414e-14

       3.9853516      0.78539816   1.527599749159229e-14
       3.9853516       2.3561945   1.528105687460625e-14

       4.0354818      0.78539816   1.574193431276265e-14
       4.0354818       2.3561945   1.575206968809012e-14

        4.085612      0.78539816   1.624002976284398e-14
        4.085612       2.3561945   1.624066340266236e-14

       4.1357422      0.78539816   1.662536152073512e-14
       4.1357422       2.3561945   1.662188448681007e-14

       4.1858724      0.78539816   1.691428385628132e-14
       4.1858724       2.3561945   1.691802318926223e-14

       4.2360026      0.78539816    1.72104420507315e-14
       4.2360026       2.3561945   1.721898119452748e-14

       4.2861328      0.78539816   1.749337643301411e-14
       4.2861328       2.3561945   1.750273299967374e-14

        4.336263      0.78539816   1.768124752784622e-14
        4.336263       2.3561945   1.768909188267313e-14

       4.3863932      0.78539816    1.79762601654411e-14
       4.3863932       2.3561945   1.797941125902098e-14

       4.4365234      0.78539816   1.832450389765533e-14
       4.4365234       2.3561945   1.832727734332215e-14

       4.4866536      0.78539816   1.860746777906588e-14
       4.4866536       2.3561945   1.861246820205918e-14

       4.5367839      0.78539816   1.889729364275704e-14
       4.5367839       2.3561945   1.890014175005128e-14

       4.5869141      0.78539816   1.913212445728739e-14
       4.5869141       2.3561945   1.913577915731927e-14

       4.6370443      0.78539816   1.940602041403029e-14
       4.6370443       2.3561945   1.941947056097132e-14

       4.6871745      0.78539816   1.970322521034882e-14
       4.6871745       2.3561945   1.971838693381195e-14

       4.7373047      0.78539816   1.993531512272505e-14
       4.7373047       2.3561945    1.99339870890902e-14

       4.7874349      0.78539816    2.01393532814003e-14
       4.7874349       2.3561945    2.01259118813991e-14

       4.8375651      0.78539816   2.056682836451203e-14
       4.8375651       2.3561945   2.055986085637077e-14

       4.8876953      0.78539816   2.105523851969871e-14
       4.8876953       2.3561945   2.106973022278777e-14

       4.9378255      0.78539816   2.143129440421443e-14
       4.9378255       2.3561945   2.144062944263086e-14

       4.9879557      0.78539816   2.170525756076105e-14
       4.9879557       2.3561945   2.169819529182525e-14

       5.0380859      0.78539816   2.202243091385184e-14
       5.0380859       2.3561945   2.202473017928603e-14

       5.0882161      0.78539816   2.252443955612274e-14
       5.0882161       2.3561945   2.253347553260077e-14

       5.1383464      0.78539816    2.30994308560454e-14
       5.1383464       2.3561945    2.31032144778928e-14

       5.1884766      0.78539816   2.360500128434828e-14
       5.1884766       2.3561945   2.360269963640504e-14

       5.2386068      0.78539816   2.388306232735533e-14
       5.2386068       2.3561945    2.38813546739367e-14

        5.288737      0.78539816   2.409722090027605e-14
        5.288737       2.3561945   2.410161997352521e-14

       5.3388672      0.78539816   2.437397377234967e-14
       5.3388672       2.3561945   2.437473413165076e-14

       5.3889974      0.78539816   2.475251453040305e-14
       5.3889974       2.3561945   2.475019632713655e-14

       5.4391276      0.78539816   2.515360377387237e-14
       5.4391276       2.3561945    2.51542946358302e-14

       5.4892578      0.78539816   2.559070519100849e-14
       5.4892578       2.3561945   2.559148252152084e-14

        5.539388      0.78539816   2.591154694833531e-14
        5.539388       2.3561945   2.590556190697459e-14

       5.5895182      0.78539816   2.616928584160783e-14
       5.5895182       2.3561945   2.616683520505552e-14

       5.6396484      0.78539816   2.653651213476007e-14
       5.6396484       2.3561945   2.653750449822643e-14

       5.6897786      0.78539816   2.686467065296378e-14
       5.6897786       2.3561945    2.68589050892794e-14

       5.7399089      0.78539816   2.715056968657557e-14
       5.7399089       2.3561945   2.715061984785786e-14

       5.7900391      0.78539816   2.743493289005771e-14
       5.7900391       2.3561945   2.744468132020571e-14

       5.8401693      0.78539816   2.779849831749699e-14
       5.8401693       2.3561945   2.779517838094954e-14

       5.8902995      0.78539816   2.830071546965863e-14
       5.8902995       2.3561945   2.828539907509099e-14

       5.9404297      0.78539816   2.879665064156468e-14
       5.9404297       2.3561945   2.878859975533635e-14

       5.9905599      0.78539816   2.923139120629627e-14
       5.9905599       2.3561945   2.923161518481577e-14

       6.0406901      0.78539816   2.954109025630721e-14
       6.0406901       2.3561945    2.95436941464947e-14

       6.0908203      0.78539816   2.982903987257852e-14
       6.0908203       2.3561945   2.983344001486189e-14

       6.1409505      0.78539816   3.016837043935209e-14
       6.1409505       2.3561945   3.016591593177795e-14

       6.1910807      0.78539816   3.038866669359263e-14
       6.1910807       2.3561945   3.038470287560583e-14

       6.2412109      0.78539816   3.052356919964736e-14
       6.2412109       2.3561945   3.051988655001985e-14

       6.2913411      0.78539816   3.074398104999143e-14
       6.2913411       2.3561945   3.074123127708961e-14

       6.3414714      0.78539816   3.101138532008682e-14
       6.3414714       2.3561945   3.100508424049104e-14

       6.3916016      0.78539816   3.119815310639907e-14
       6.3916016       2.3561945   3.119472978001816e-14

       6.4417318      0.78539816   3.142026026177968e-14
       6.4417318       2.3561945   3.142304150054438e-14

        6.491862      0.78539816   3.160686781338225e-14
        6.491862       2.3561945    3.16021242051745e-14

       6.5419922      0.78539816   3.179580434404054e-14
       6.5419922       2.3561945   3.177876921258082e-14

       6.5921224      0.78539816    3.17841434068734e-14
       6.5921224       2.3561945   3.177087076019537e-14

       6.6422526      0.78539816   3.155115065224952e-14
       6.6422526       2.3561945   3.155222970119675e-14

       6.6923828      0.78539816   3.153481131150521e-14
       6.6923828       2.3561945   3.153919746125355e-14

        6.742513      0.78539816   3.168898903845439e-14
        6.742513       2.3561945   3.168962330965487e-14

       6.7926432      0.78539816   3.171823674224513e-14
       6.7926432       2.3561945   3.171890400149166e-14

       6.8427734      0.78539816   3.181385475124982e-14
       6.8427734       2.3561945   3.181042387875313e-14

       6.8929036      0.78539816   3.192871400202271e-14
       6.8929036       2.3561945   3.192183954552188e-14

       6.9430339      0.78539816   3.196704472889876e-14
       6.9430339       2.3561945   3.195994497254444e-14

       6.9931641      0.78539816   3.212929691452334e-14
       6.9931641       2.3561945   3.212639517751177e-14

       7.0432943      0.78539816   3.227836650105029e-14
       7.0432943       2.3561945   3.227929662526434e-14

       7.0934245      0.78539816   3.228052289427991e-14
       7.0934245       2.3561945   3.228758658134154e-14

       7.1435547      0.78539816   3.234577647041153e-14
       7.1435547       2.3561945   3.235197989783763e-14

       7.1936849      0.78539816   3.245262008764555e-14
       7.1936849       2.3561945   3.244672302731488e-14

       7.2438151      0.78539816   3.271452624423204e-14
       7.2438151       2.3561945   3.272171517795451e-14

       7.2939453      0.78539816   3.314061733600488e-14
       7.2939453       2.3561945   3.315466829865979e-14

       7.3440755      0.78539816   3.330740649559323e-14
       7.3440755       2.3561945   3.330611386176959e-14

       7.3942057      0.78539816   3.335508266515992e-14
       7.3942057       2.3561945   3.334395150889423e-14

       7.4443359      0.78539816   3.339710339757049e-14
       7.4443359       2.3561945   3.339112444988976e-14

       7.4944661      0.78539816   3.339304713478617e-14
       7.4944661       2.3561945   3.339307461891965e-14

       7.5445964      0.78539816   3.343608217174696e-14
       7.5445964       2.3561945   3.343745553127664e-14

       7.5947266      0.78539816    3.33934008971092e-14
       7.5947266       2.3561945   3.339417557926794e-14

       7.6448568      0.78539816   3.311703459954852e-14
       7.6448568       2.3561945   3.311372338350748e-14

        7.694987      0.78539816   3.289058530539216e-14
        7.694987       2.3561945   3.289053149715059e-14

       7.7451172      0.78539816   3.275862435660133e-14
       7.7451172       2.3561945   3.275468543614605e-14

       7.7952474      0.78539816   3.266183634649995e-14
       7.7952474       2.3561945   3.265682996459128e-14

       7.8453776      0.78539816   3.249193335801528e-14
       7.8453776       2.3561945   3.249252463112895e-14

       7.8955078      0.78539816   3.235705465822401e-14
       7.8955078       2.3561945   3.235719101569242e-14

        7.945638      0.78539816   3.243289375086087e-14
        7.945638       2.3561945   3.242646585340077e-14

       7.9957682      0.78539816   3.252386808986215e-14
       7.9957682       2.3561945   3.252393395591591e-14

       8.0458984      0.78539816   3.251973566309927e-14
       8.0458984       2.3561945   3.252350947770668e-14

       8.0960286      0.78539816   3.259248576197421e-14
       8.0960286       2.3561945   3.258656617603601e-14

       8.1461589      0.78539816   3.269728314045962e-14
       8.1461589       2.3561945   3.269049342307511e-14

       8.1962891      0.78539816   3.270606220225164e-14
       8.1962891       2.3561945   3.270308593449986e-14

       8.2464193      0.78539816   3.248052695856942e-14
       8.2464193       2.3561945   3.248071442246783e-14

       8.2965495      0.78539816   3.224829454220341e-14
       8.2965495       2.3561945   3.225792931192165e-14

       8.3466797      0.78539816   3.210767665465489e-14
       8.3466797       2.3561945   3.211931879652318e-14

       8.3968099      0.78539816   3.189205024111994e-14
       8.3968099       2.3561945   3.188722670396422e-14

       8.4469401      0.78539816   3.173365103141069e-14
       8.4469401       2.3561945   3.173043495237931e-14

       8.4970703      0.78539816   3.163574326691773e-14
       8.4970703       2.3561945   3.164212546190863e-14

       8.5472005      0.78539816   3.152461992612709e-14
       8.5472005       2.3561945   3.152696086439258e-14

       8.5973307      0.78539816   3.136953191325431e-14
       8.5973307       2.3561945   3.136857097617708e-14

       8.6474609      0.78539816   3.118162786627071e-14
       8.6474609       2.3561945   3.118258493527086e-14

       8.6975911      0.78539816   3.100632311049893e-14
       8.6975911       2.3561945   3.100420109886327e-14

       8.7477214      0.78539816   3.081567688175676e-14
       8.7477214       2.3561945   3.081307843884928e-14

       8.7978516      0.78539816   3.052576203452392e-14
       8.7978516       2.3561945   3.052627722001738e-14

       8.8479818      0.78539816   3.022875610748769e-14
       8.8479818       2.3561945   3.022925967814526e-14

        8.898112      0.78539816   3.005556032563527e-14
        8.898112       2.3561945   3.005268977233004e-14

       8.9482422      0.78539816   2.990155029754338e-14
       8.9482422       2.3561945   2.989615165424161e-14

       8.9983724      0.78539816   2.970805864697015e-14
       8.9983724       2.3561945   2.970798275091852e-14

       9.0485026      0.78539816     2.9362248429011e-14
       9.0485026       2.3561945   2.937069790057001e-14

       9.0986328      0.78539816    2.90063002645807e-14
       9.0986328       2.3561945   2.900710384023579e-14

        9.148763      0.78539816   2.872745067860525e-14
        9.148763       2.3561945   2.873045463672495e-14

       9.1988932      0.78539816   2.854785441138098e-14
       9.1988932       2.3561945   2.855731213708118e-14

       9.2490234      0.78539816    2.84585886935414e-14
       9.2490234       2.3561945   2.846297274535109e-14

       9.2991536      0.78539816   2.840870942369736e-14
       9.2991536       2.3561945   2.840504828633363e-14

       9.3492839      0.78539816    2.83907855409204e-14
       9.3492839       2.3561945   2.838270455333688e-14

       9.3994141      0.78539816   2.844773656342929e-14
       9.3994141       2.3561945   2.844322862652367e-14

       9.4495443      0.78539816    2.84525210279881e-14
       9.4495443       2.3561945    2.84545979683481e-14

       9.4996745      0.78539816   2.838793570361238e-14
       9.4996745       2.3561945   2.839170585316535e-14

       9.5498047      0.78539816   2.842448131220356e-14
       9.5498047       2.3561945   2.842011278396437e-14

       9.5999349      0.78539816   2.847362090126712e-14
       9.5999349       2.3561945    2.84687101294967e-14

       9.6500651      0.78539816   2.840748062348602e-14
       9.6500651       2.3561945   2.840914404598973e-14

       9.7001953      0.78539816   2.827120044191616e-14
       9.7001953       2.3561945   2.827335904426317e-14

       9.7503255      0.78539816   2.802044357641636e-14
       9.7503255       2.3561945    2.80194237428441e-14

       9.8004557      0.78539816   2.772522500909276e-14
       9.8004557       2.3561945   2.772687885203941e-14

       9.8505859      0.78539816   2.767613058958693e-14
       9.8505859       2.3561945   2.768114229539626e-14

       9.9007161      0.78539816   2.753244797595898e-14
       9.9007161       2.3561945   2.753368874174184e-14

       9.9508464      0.78539816   2.725398625060081e-14
       9.9508464       2.3561945   2.724786987000968e-14

       10.000977      0.78539816   2.711240832806071e-14
       10.000977       2.3561945   2.710985134019661e-14

       10.051107      0.78539816    2.70103742559481e-14
       10.051107       2.3561945   2.701360844318406e-14

       10.101237      0.78539816   2.687599577880344e-14
       10.101237       2.3561945   2.687574029744496e-14

       10.151367      0.78539816   2.669365743351667e-14
       10.151367       2.3561945    2.66929752206762e-14

       10.201497      0.78539816   2.656897128096276e-14
       10.201497       2.3561945   2.657013219694299e-14

       10.251628      0.78539816   2.653058657430902e-14
       10.251628       2.3561945   2.653243821351724e-14

       10.301758      0.78539816    2.64077129933059e-14
       10.301758       2.3561945    2.64118104856026e-14

       10.351888      0.78539816   2.621349343908426e-14
       10.351888       2.3561945   2.621015217804215e-14

       10.402018      0.78539816   2.600516408564328e-14
       10.402018       2.3561945   2.599953678674035e-14

       10.452148      0.78539816   2.592723239988289e-14
       10.452148       2.3561945   2.593108153431404e-14

       10.502279      0.78539816   2.589271515925201e-14
       10.502279       2.3561945    2.58955533638078e-14

       10.552409      0.78539816   2.576507492192542e-14
       10.552409       2.3561945   2.576206287499306e-14

       10.602539      0.78539816   2.549861690079649e-14
       10.602539       2.3561945   2.549648863342162e-14

       10.652669      0.78539816   2.528263987652166e-14
       10.652669       2.3561945   2.528298718486629e-14

       10.702799      0.78539816     2.5180651097223e-14
       10.702799       2.3561945   2.517959591552166e-14

        10.75293      0.78539816     2.4926366700561e-14
        10.75293       2.3561945   2.492479018932333e-14

        10.80306      0.78539816   2.468165927302149e-14
        10.80306       2.3561945    2.46799581015265e-14

        10.85319      0.78539816   2.456097047891878e-14
        10.85319       2.3561945   2.456365249997143e-14

        10.90332      0.78539816   2.440100815323244e-14
        10.90332       2.3561945   2.440321185821328e-14

       10.953451      0.78539816   2.419445263629475e-14
       10.953451       2.3561945   2.419609610085113e-14

       11.003581      0.78539816     2.3939489733182e-14
       11.003581       2.3561945   2.394460000013209e-14

       11.053711      0.78539816   2.372952507329752e-14
       11.053711       2.3561945   2.373068454634502e-14

       11.103841      0.78539816   2.354734665034819e-14
       11.103841       2.3561945   2.354267974010336e-14

       11.153971      0.78539816   2.329464695224463e-14
       11.153971       2.3561945   2.329327138263866e-14

       11.204102      0.78539816   2.312681914933798e-14
       11.204102       2.3561945   2.312864424326663e-14

       11.254232      0.78539816   2.301493149146931e-14
       11.254232       2.3561945   2.301710142710528e-14

       11.304362      0.78539816   2.275376902816434e-14
       11.304362       2.3561945   2.275469681023058e-14

       11.354492      0.78539816   2.247527645057947e-14
       11.354492       2.3561945   2.247417023802495e-14

       11.404622      0.78539816   2.229308142148299e-14
       11.404622       2.3561945   2.229304679456469e-14

       11.454753      0.78539816   2.201067293481754e-14
       11.454753       2.3561945   2.201122833104405e-14

       11.504883      0.78539816   2.191566376365448e-14
       11.504883       2.3561945    2.19161834703007e-14

       11.555013      0.78539816   2.222360028024021e-14
       11.555013       2.3561945    2.22212694225844e-14

       11.605143      0.78539816   1.984405608025432e-14
       11.605143       2.3561945   1.984236400402664e-14

       11.655273      0.78539816   1.114874185472569e-14
       11.655273       2.3561945   1.115158709955598e-14

       11.705404      0.78539816   1.704044223994298e-15
       11.705404       2.3561945   1.707391604848481e-15

       11.755534      0.78539816   7.177699892957774e-16
       11.755534       2.3561945   7.198035464918855e-16

       11.805664      0.78539816   5.055554643296622e-15
       11.805664       2.3561945   5.057635598489416e-15

       11.855794      0.78539816   6.957893248735343e-15
       11.855794       2.3561945   6.961025739142325e-15

       11.905924      0.78539816   7.742614640584874e-15
       11.905924       2.3561945   7.744218134434599e-15

       11.956055      0.78539816   1.071029735736151e-14
       11.956055       2.3561945    1.07097832610544e-14

       12.006185      0.78539816   1.470796276082767e-14
       12.006185       2.3561945   1.470974816927318e-14

       12.056315      0.78539816   1.801849116327518e-14
       12.056315       2.3561945   1.802133669970414e-14

       12.106445      0.78539816   2.115079762678281e-14
       12.106445       2.3561945   2.115237215587107e-14

       12.156576      0.78539816   2.529144686280571e-14
       12.156576       2.3561945   2.529181944367323e-14

       12.206706      0.78539816   3.073244362904595e-14
       12.206706       2.3561945   3.073174795887681e-14

       12.256836      0.78539816    3.72435441606326e-14
       12.256836       2.3561945    3.72415622435018e-14

       12.306966      0.78539816   4.486386785465006e-14
       12.306966       2.3561945   4.486051038523511e-14

       12.357096      0.78539816   5.490266904044866e-14
       12.357096       2.3561945   5.490358446820485e-14

       12.407227      0.78539816   6.861598205229024e-14
       12.407227       2.3561945    6.86167595628261e-14

       12.457357      0.78539816    8.89448099324534e-14
       12.457357       2.3561945   8.895104659795911e-14

       12.507487      0.78539816   1.180082321748451e-13
       12.507487       2.3561945   1.179729054303908e-13

       12.557617      0.78539816   1.685757988799035e-13
       12.557617       2.3561945   1.685509065744591e-13

       12.607747      0.78539816   2.230573422506946e-13
       12.607747       2.3561945    2.23063408102411e-13

       12.657878      0.78539816   7.682486076468208e-13
       12.657878       2.3561945   7.683403666930772e-13

       12.708008      0.78539816  -4.433029641444026e-12
       12.708008       2.3561945  -4.440003812357283e-12

       12.758138      0.78539816   -3.75872653680822e-12
       12.758138       2.3561945  -3.768595436895941e-12

       12.808268      0.78539816  -1.699042431995016e-07
       12.808268       2.3561945  -1.698745884860873e-07

       12.858398      0.78539816   3.713287760904332e-10
       12.858398       2.3561945   3.714498082102913e-10

       12.908529      0.78539816  -4.415599485954145e-11
       12.908529       2.3561945  -4.421381988649536e-11

       12.958659      0.78539816                    -nan
       12.958659       2.3561945                    -nan

       13.008789      0.78539816  -7.294387641952354e-13
       13.008789       2.3561945  -7.289688131842219e-13

