# File created on Wed Jul  8 11:31:11 2026
# ======================================== 
# = Running code assuming AXISYMMETRY    = 
# ======================================== 
# Data for Inflation GW initial data initial data at coord. time 0.0377973 and proper central time 0.0377973
# Evolved with (264,10,9) gridpoints (including 4 ghosts)
# Evolution with geodesic slicing and constant shift
# using eighth-order spatial differencing with 4 ghost zones 
# data 1 at theta = 0 and phi = 3.14159
# data 2 at theta = 1.5708 and phi = 3.14159
#                      r                    a_rt                    a_rt
#                               (     0,3.14159)        (1.5708,3.14159)
#========================================================================
            -0.210546875                       0   2.880315156886014e-13
            -0.150390625                       0   4.727457564923003e-13
    -0.09023437500000001                       0   6.482396482068392e-13
            -0.030078125                       0   2.695820168502731e-13
             0.030078125   2.524354896707238e-29  -2.695820168502731e-13
     0.09023437500000001                       0  -6.482396482068392e-13
             0.150390625                       0  -4.727457564923003e-13
             0.210546875   2.524354896707238e-29  -2.880315156886014e-13
             0.270703125                       0  -2.139406865184589e-13
             0.330859375                       0  -1.510887591298484e-13
             0.391015625                       0   -1.10336410758688e-13
             0.451171875                       0  -8.057334258298503e-14
             0.511328125                       0  -5.802629010301216e-14
             0.571484375                       0   -4.04283373118701e-14
      0.6316406250000001  -7.888609052210118e-31  -2.628698957874159e-14
             0.691796875                       0  -1.466894983588357e-14
             0.751953125                       0  -5.040207666275133e-15
             0.812109375  -9.860761315262648e-32   2.945332127663279e-15
             0.872265625                       0   9.725578822090525e-15
      0.9324218750000001                       0   1.542339661517289e-14
             0.992578125                       0   2.045408717854535e-14
             1.052734375                       0   2.487890989484097e-14
             1.112890625                       0   2.877233027891844e-14
             1.173046875   3.155443620884047e-30   3.227781985386015e-14
             1.233203125                       0   3.525613485153187e-14
             1.293359375                       0   3.797007927895749e-14
             1.353515625                       0    4.05495284657822e-14
             1.413671875                       0   4.287449722765694e-14
             1.473828125                       0   4.494378813128203e-14
             1.533984375                       0    4.68897083463056e-14
             1.594140625   1.577721810442024e-30   4.871500169893823e-14
             1.654296875  -3.944304526105059e-31   5.036161500649157e-14
             1.714453125   1.577721810442024e-30    5.18733130482001e-14
             1.774609375                       0   5.320505127353675e-14
             1.834765625                       0    5.42802465755197e-14
             1.894921875                       0   5.518682903625394e-14
             1.955078125                       0   5.599860126600714e-14
             2.015234375                       0   5.671014482583861e-14
             2.075390625   1.577721810442024e-30   5.749425107486503e-14
             2.135546875                       0   5.832126264365231e-14
             2.195703125                       0   5.904312961833039e-14
             2.255859375                       0   5.961239769576314e-14
             2.316015625                       0   6.007158645079525e-14
             2.376171875  -1.577721810442024e-30   6.035196958656443e-14
             2.436328125                       0    6.05716202089882e-14
             2.496484375  -6.310887241768094e-30   6.089958026043079e-14
             2.556640625                       0   6.127269468185823e-14
             2.616796875   6.310887241768094e-30   6.156211188450045e-14
             2.676953125                       0   6.170051701955771e-14
             2.737109375   6.310887241768094e-30    6.17502038455072e-14
             2.797265625   6.310887241768094e-30   6.170076653879464e-14
             2.857421875                       0   6.160479152678839e-14
             2.917578125                       0   6.153184093676806e-14
             2.977734375                       0   6.145688699017504e-14
             3.037890625                       0   6.145125239084745e-14
             3.098046875                       0   6.150338076800899e-14
             3.158203125  -6.310887241768094e-30   6.154610355420834e-14
             3.218359375                       0   6.159660301656281e-14
             3.278515625   6.310887241768094e-30   6.158947513941248e-14
             3.338671875   6.310887241768094e-30   6.151777316155704e-14
             3.398828125  -1.577721810442024e-30   6.142649756067307e-14
             3.458984375  -6.310887241768094e-30   6.135118568727703e-14
             3.519140625   6.310887241768094e-30   6.131834777985379e-14
             3.579296875   6.310887241768094e-30   6.133263119620748e-14
             3.639453125                       0   6.138560847809325e-14
             3.699609375                       0   6.150511746428564e-14
             3.759765625   6.310887241768094e-30   6.176565689381122e-14
             3.819921875   6.310887241768094e-30   6.206839356327122e-14
             3.880078125  -6.310887241768094e-30   6.231767082139153e-14
             3.940234375  -1.577721810442024e-30   6.261409656922414e-14
       4.000390625000001                       0   6.297047434575863e-14
             4.060546875                       0   6.333274203233498e-14
             4.120703125                       0   6.371384516555873e-14
             4.180859375                       0   6.411133695964894e-14
             4.241015625   6.310887241768094e-30   6.454390092307996e-14
       4.301171875000001                       0   6.497169120007633e-14
             4.361328125                       0   6.543903634191744e-14
             4.421484375  -6.310887241768094e-30   6.599914484396211e-14
             4.481640625  -6.310887241768094e-30   6.672124301921198e-14
             4.541796875                       0   6.755112105906161e-14
       4.601953125000001  -6.310887241768094e-30   6.830405439119499e-14
             4.662109375                       0   6.891577938153752e-14
             4.722265625  -6.310887241768094e-30   6.945395546981052e-14
             4.782421875  -1.577721810442024e-30    6.99917934288789e-14
             4.842578125                       0   7.053184536460918e-14
       4.902734375000001                       0   7.106726798664859e-14
             4.962890625                       0   7.163712755216895e-14
             5.023046875   6.310887241768094e-30   7.217288334387718e-14
             5.083203125                       0   7.249700447766556e-14
             5.143359375   6.310887241768094e-30   7.262642841430842e-14
       5.203515625000001  -6.310887241768094e-30   7.263831562498664e-14
             5.263671875  -6.310887241768094e-30   7.262484813577459e-14
             5.323828125                       0   7.264430701729504e-14
             5.383984375   6.310887241768094e-30   7.266798004018545e-14
             5.444140625  -6.310887241768094e-30   7.270844517377408e-14
       5.504296875000001                       0   7.274419838054825e-14
             5.564453125                       0   7.270457954868699e-14
             5.624609375   1.577721810442024e-30   7.252987806289134e-14
             5.684765625                       0   7.230165605420765e-14
             5.744921875                       0   7.220979638974338e-14
       5.805078125000001                       0   7.226650648190979e-14
             5.865234375   6.310887241768094e-30   7.230233984763113e-14
             5.925390625                       0   7.235812744431647e-14
             5.985546875  -6.310887241768094e-30   7.245856300979479e-14
             6.045703125   6.310887241768094e-30    7.25711407456983e-14
       6.105859375000001  -6.310887241768094e-30   7.272646753433542e-14
             6.166015625   6.310887241768094e-30   7.278697621403741e-14
             6.226171875                       0   7.267944083769507e-14
             6.286328125                       0    7.25342699229167e-14
             6.346484375                       0   7.242762789773216e-14
       6.406640625000001   4.733165431326071e-30   7.234790176437037e-14
             6.466796875                       0   7.224725871154769e-14
             6.526953125                       0   7.211106882640969e-14
             6.587109375   6.310887241768094e-30   7.202727017962625e-14
             6.647265625   1.577721810442024e-30   7.188186967067516e-14
       6.707421875000001                       0    7.16003606222033e-14
             6.767578125                       0   7.129069909526206e-14
             6.827734375                       0   7.094935337367137e-14
             6.887890625                       0   7.063397486089146e-14
             6.948046875                       0   7.040144767645158e-14
       7.008203125000001   6.310887241768094e-30   7.022042420846893e-14
             7.068359375                       0   6.997061075522807e-14
             7.128515625                       0   6.961029562909675e-14
             7.188671875                       0   6.920660449861349e-14
             7.248828125                       0   6.878581038685582e-14
       7.308984375000001  -6.310887241768094e-30   6.834658938923263e-14
             7.369140625                       0   6.790897713949685e-14
             7.429296875                       0   6.747335998029446e-14
             7.489453125                       0   6.700451443595585e-14
             7.549609375                       0   6.642656317668575e-14
       7.609765625000001                       0   6.581667502642491e-14
             7.669921875  -6.310887241768094e-30   6.525557357700221e-14
             7.730078125                       0   6.469705308767491e-14
             7.790234375   1.577721810442024e-30   6.413345053438533e-14
             7.850390625   6.310887241768094e-30   6.359440883244308e-14
       7.910546875000001  -6.310887241768094e-30   6.309720055673724e-14
             7.970703125                       0   6.259726802006714e-14
             8.030859375                       0    6.20814878393647e-14
       8.091015625000001                       0   6.162085835023172e-14
       8.151171875000001  -6.310887241768094e-30   6.130366177824749e-14
             8.211328125   1.577721810442024e-30   6.112106591851546e-14
             8.271484375                       0   6.098920501119415e-14
             8.331640625   6.310887241768094e-30    6.08568488433478e-14
       8.391796875000001   6.310887241768094e-30   6.069910112359821e-14
       8.451953125000001                       0   6.048852897846965e-14
             8.512109375                       0   6.016795027444794e-14
             8.572265625                       0   5.974201544957734e-14
             8.632421875                       0   5.921666644725729e-14
       8.692578125000001  -1.577721810442024e-30   5.864325711156646e-14
       8.752734375000001                       0   5.813863707919961e-14
             8.812890625                       0    5.76759654522222e-14
             8.873046875  -1.577721810442024e-30   5.725235885144609e-14
             8.933203125                       0   5.690188647693189e-14
       8.993359375000001                       0   5.660872044060207e-14
       9.053515625000001  -1.577721810442024e-30   5.637226401165153e-14
             9.113671875                       0   5.621099092111682e-14
             9.173828125                       0   5.608693267615197e-14
             9.233984375                       0   5.585578116012705e-14
       9.294140625000001  -1.577721810442024e-30   5.547611226101432e-14
       9.354296875000001                       0   5.506963821613882e-14
             9.414453125                       0   5.467560837765299e-14
             9.474609375                       0   5.431935244755297e-14
             9.534765625                       0   5.407754903570809e-14
       9.594921875000001                       0   5.389421559327492e-14
       9.655078125000001                       0   5.369215769792297e-14
             9.715234375                       0   5.347411292155923e-14
             9.775390625                       0   5.325188900904509e-14
             9.835546875  -1.577721810442024e-30   5.299424022138027e-14
       9.895703125000001  -1.577721810442024e-30   5.274765253344579e-14
       9.955859375000001                       0   5.256819026695239e-14
            10.016015625                       0   5.243222765824604e-14
            10.076171875                       0    5.22962511366261e-14
            10.136328125                       0   5.210083493145436e-14
            10.196484375                       0   5.188888966362775e-14
            10.256640625  -1.577721810442024e-30   5.175392242440478e-14
            10.316796875                       0   5.168215493211746e-14
            10.376953125                       0   5.169800262941758e-14
            10.437109375                       0     5.1790699814191e-14
            10.497265625  -1.577721810442024e-30   5.192525880827963e-14
            10.557421875                       0   5.214383609502062e-14
            10.617578125                       0   5.248091534764157e-14
            10.677734375                       0   5.286609833564482e-14
            10.737890625  -1.577721810442024e-30   5.323100308618645e-14
            10.798046875  -1.577721810442024e-30   5.353057648698454e-14
            10.858203125                       0    5.37625867234482e-14
            10.918359375                       0   5.396700881588098e-14
            10.978515625                       0   5.416437978690856e-14
            11.038671875                       0   5.437453257872309e-14
            11.098828125                       0   5.458648753992367e-14
            11.158984375                       0   5.477692085790784e-14
            11.219140625  -1.577721810442024e-30   5.500629952648034e-14
            11.279296875                       0    5.52142681760573e-14
            11.339453125                       0   5.536931076960351e-14
            11.399609375                       0     5.5507791323791e-14
            11.459765625                       0   5.561259814121924e-14
            11.519921875                       0   5.568757311708754e-14
            11.580078125  -1.577721810442024e-30   5.581101937471817e-14
            11.640234375   1.577721810442024e-30   5.605198651724691e-14
            11.700390625                       0   5.623836200979791e-14
            11.760546875                       0   5.618117087882506e-14
            11.820703125   1.577721810442024e-30   5.606264041255585e-14
            11.880859375                       0   5.597628541587329e-14
            11.941015625                       0   5.573436756939302e-14
            12.001171875                       0   5.547374581304853e-14
            12.061328125  -1.577721810442024e-30   5.533793136887388e-14
            12.121484375                       0   5.512879429272755e-14
            12.181640625                       0   5.480263666106107e-14
            12.241796875   1.577721810442024e-30   5.443994383831541e-14
            12.301953125                       0   5.407855942030126e-14
            12.362109375                       0   5.375571043458476e-14
            12.422265625                       0   5.346179644837417e-14
            12.482421875                       0   5.313232659570187e-14
            12.542578125                       0   5.275720663191474e-14
            12.602734375                       0   5.240551477861516e-14
            12.662890625   1.577721810442024e-30   5.204750602847088e-14
            12.723046875   1.577721810442024e-30   5.158163031199888e-14
            12.783203125                       0   5.102951511064864e-14
            12.843359375  -3.944304526105059e-31    5.05367095733028e-14
            12.903515625  -3.944304526105059e-31    5.02050179582414e-14
            12.963671875  -3.944304526105059e-31   5.000215345110255e-14
            13.023828125                       0    4.98572765662998e-14
            13.083984375                       0   4.968861458269401e-14
            13.144140625                       0   4.948374244365187e-14
            13.204296875                       0   4.934129102667454e-14
            13.264453125                       0   4.922800316849489e-14
            13.324609375                       0   4.911961004817984e-14
            13.384765625                       0   4.905155139091226e-14
            13.444921875                       0   4.886419335652788e-14
            13.505078125                       0   4.843064175325131e-14
            13.565234375                       0    4.79971353483273e-14
            13.625390625                       0   4.772770954712815e-14
            13.685546875                       0   4.744836944097608e-14
            13.745703125                       0   4.706687052101479e-14
            13.805859375  -1.577721810442024e-30   4.670128397571227e-14
            13.866015625                       0   4.638440130960414e-14
            13.926171875                       0   4.606291611843043e-14
            13.986328125                       0    4.57138923358488e-14
            14.046484375                       0   4.528578630129222e-14
            14.106640625                       0   4.471756105541325e-14
            14.166796875                       0   4.419027146676965e-14
            14.226953125                       0   4.395101933884549e-14
            14.287109375                       0   4.376635901454762e-14
            14.347265625                       0   4.334290470660704e-14
            14.407421875                       0   4.287234165630421e-14
            14.467578125                       0   4.263219057377086e-14
            14.527734375                       0   4.248102074129611e-14
            14.587890625                       0   4.219230258984214e-14
            14.648046875                       0   4.177937248155876e-14
            14.708203125                       0   4.134831104356866e-14
            14.768359375                       0   4.092605032056946e-14
            14.828515625                       0   4.049050961618098e-14
            14.888671875                       0   4.011098860530993e-14
            14.948828125                       0      3.974095654456e-14
            15.008984375                       0    3.92012085217828e-14
            15.069140625                       0   3.863239298293243e-14
            15.129296875                       0   3.825195701019812e-14
            15.189453125                       0   3.792954916403523e-14
            15.249609375   3.155443620884047e-30   3.713823215468279e-14
            15.309765625   3.155443620884047e-30   3.728137752806697e-14
            15.369921875   7.888609052210118e-31   3.164399609285359e-14
            15.430078125                       0    1.99478347059904e-14
            15.490234375  -9.860761315262648e-32   4.200125612043728e-15
            15.550390625    1.97215226305253e-31  -2.270575506055566e-15
            15.610546875                       0  -1.306824704788077e-15
