# File created on Wed Jul  8 11:31:12 2026
# ======================================== 
# = Running code assuming AXISYMMETRY    = 
# ======================================== 
# Data for Inflation GW initial data initial data at coord. time 0.0377973 and proper central time 0.0377973
# Evolved with (264,10,9) gridpoints (including 4 ghosts)
# Evolution with geodesic slicing and constant shift
# using eighth-order spatial differencing with 4 ghost zones 
# data 1 at theta = 0 and phi = 3.14159
# data 2 at theta = 1.5708 and phi = 3.14159
#                      r                    a_rt                    a_rt
#                               (     0,3.14159)        (1.5708,3.14159)
#========================================================================
     -0.1754557291666667                       0   3.826282921735584e-13
     -0.1253255208333333                       0   5.663447504125183e-13
           -0.0751953125                       0   6.390937461628121e-13
    -0.02506510416666667   6.310887241768094e-30   1.815982082640507e-13
     0.02506510416666667                       0  -1.815982082640506e-13
            0.0751953125                       0  -6.390937461628121e-13
      0.1253255208333333   1.262177448353619e-29  -5.663447504125182e-13
      0.1754557291666667  -1.262177448353619e-29  -3.826282921735584e-13
            0.2255859375  -2.524354896707238e-29  -2.618072865418619e-13
      0.2757161458333334                       0  -2.084884804526861e-13
      0.3258463541666667                       0   -1.55851013816881e-13
            0.3759765625                       0  -1.189602543624666e-13
      0.4261067708333334   3.155443620884047e-30  -9.197937029746259e-14
      0.4762369791666667                       0  -7.045806731409619e-14
            0.5263671875                       0  -5.323270395762795e-14
      0.5764973958333334                       0  -3.913399632105591e-14
      0.6266276041666667                       0  -2.735926561681135e-14
            0.6767578125                       0  -1.737094032105976e-14
      0.7268880208333334                       0  -8.833612702209874e-15
      0.7770182291666667                       0  -1.540716908964176e-15
            0.8271484375  -3.944304526105059e-31   4.747878377299685e-15
      0.8772786458333334                       0   1.023616419215237e-14
      0.9274088541666667                       0    1.49792274309328e-14
            0.9775390625                       0   1.925300898557478e-14
       1.027669270833333                       0   2.310504224007066e-14
       1.077799479166667                       0   2.655522081069654e-14
            1.1279296875                       0     2.9690944957765e-14
       1.178059895833333  -3.155443620884047e-30   3.254370712263918e-14
       1.228190104166667  -7.888609052210118e-31   3.502225878484218e-14
            1.2783203125   3.155443620884047e-30   3.730590453489594e-14
       1.328450520833333                       0   3.949744952605725e-14
       1.378580729166667                       0   4.155212058996469e-14
            1.4287109375                       0    4.34108799712193e-14
       1.478841145833333                       0   4.510995547366098e-14
       1.528971354166667                       0   4.673160228674083e-14
            1.5791015625                       0   4.827365138661847e-14
       1.629231770833333                       0   4.969450924005756e-14
       1.679361979166667   1.577721810442024e-30   5.100908156299352e-14
            1.7294921875                       0   5.222707909809788e-14
       1.779622395833333                       0   5.330383195107662e-14
       1.829752604166667                       0   5.419869836686967e-14
            1.8798828125                       0   5.497110151691564e-14
       1.930013020833333                       0   5.567345423496633e-14
       1.980143229166667                       0   5.629721095680908e-14
            2.0302734375                       0   5.689771373801213e-14
       2.080403645833333                       0   5.756339251569765e-14
       2.130533854166667  -1.577721810442024e-30   5.825438077958604e-14
            2.1806640625                       0   5.887673466276652e-14
       2.230794270833333                       0   5.939070268636091e-14
       2.280924479166667                       0   5.982179341323093e-14
            2.3310546875                       0   6.015598080802984e-14
       2.381184895833333                       0   6.036981904253048e-14
       2.431315104166667   6.310887241768094e-30   6.055075586456799e-14
            2.4814453125   4.733165431326071e-30   6.080848682729219e-14
       2.531575520833333                       0   6.112000825014241e-14
       2.581705729166667  -6.310887241768094e-30   6.140946506150138e-14
            2.6318359375                       0   6.160909635360229e-14
       2.681966145833333                       0   6.170808284843479e-14
       2.732096354166667                       0   6.174974839978249e-14
            2.7822265625   6.310887241768094e-30   6.172018693177219e-14
       2.832356770833333  -6.310887241768094e-30   6.164505126163854e-14
       2.882486979166667  -6.310887241768094e-30   6.157298134416483e-14
            2.9326171875                       0    6.15107724840631e-14
       2.982747395833333                       0   6.145345656398478e-14
       3.032877604166667                       0   6.144891370655116e-14
            3.0830078125  -6.310887241768094e-30   6.148897184243757e-14
       3.133138020833333                       0   6.152830020822092e-14
       3.183268229166667                       0   6.156962586954861e-14
            3.2333984375                       0   6.160144392874085e-14
       3.283528645833333                       0   6.158551988743795e-14
       3.333658854166667                       0   6.152522316134567e-14
            3.3837890625                       0   6.144905041411881e-14
       3.433919270833333  -6.310887241768094e-30   6.137856953031157e-14
       3.484049479166667                       0    6.13316746042314e-14
            3.5341796875                       0    6.13179862075328e-14
       3.584309895833333                       0   6.133545242656133e-14
       3.634440104166667                       0   6.137931626456871e-14
            3.6845703125                       0   6.146365834434373e-14
       3.734700520833333   6.310887241768094e-30   6.164443300044497e-14
       3.784830729166667  -6.310887241768094e-30   6.189435075254706e-14
            3.8349609375                       0   6.213296421999995e-14
       3.885091145833333                       0    6.23398729353333e-14
       3.935221354166667                       0   6.258678161539672e-14
            3.9853515625                       0   6.287883152810697e-14
       4.035481770833334                       0   6.318080610641652e-14
       4.085611979166667  -6.310887241768094e-30    6.34894377356815e-14
            4.1357421875  -6.310887241768094e-30   6.381070034899983e-14
       4.185872395833334  -7.888609052210118e-30   6.414660011591143e-14
       4.236002604166667                       0   6.450765001802054e-14
            4.2861328125   6.310887241768094e-30   6.486349774991259e-14
       4.336263020833334                       0   6.523637490263844e-14
       4.386393229166667                       0   6.565600152513901e-14
            4.4365234375                       0   6.616443648472947e-14
       4.486653645833334                       0   6.678865928820826e-14
       4.536783854166667  -6.310887241768094e-30   6.748246061388625e-14
            4.5869140625                       0   6.812871543796913e-14
       4.637044270833334  -4.733165431326071e-30   6.867522865000234e-14
       4.687174479166667                       0   6.914404558447365e-14
            4.7373046875  -6.310887241768094e-30   6.958761056285291e-14
       4.787434895833334   6.310887241768094e-30   7.003689778103956e-14
       4.837565104166667                       0   7.048707458242725e-14
            4.8876953125  -6.310887241768094e-30   7.093105151499638e-14
       4.937825520833334                       0   7.139743655159506e-14
       4.987955729166667                       0   7.187554782773475e-14
            5.0380859375   6.310887241768094e-30   7.227538378626545e-14
       5.088216145833334                       0   7.251443546122644e-14
       5.138346354166667                       0   7.262142031402973e-14
            5.1884765625  -1.577721810442024e-30   7.264111855891963e-14
       5.238606770833334                       0   7.262840953619064e-14
       5.288736979166667  -6.310887241768094e-30    7.26300346079958e-14
            5.3388671875   1.577721810442024e-30   7.264946486873434e-14
       5.388997395833334  -6.310887241768094e-30   7.267074060920336e-14
       5.439127604166667  -6.310887241768094e-30   7.270467309863122e-14
            5.4892578125                       0   7.273929093437716e-14
       5.539388020833334                       0   7.273585530102571e-14
       5.589518229166667                       0    7.26463702352143e-14
            5.6396484375                       0   7.247007456110303e-14
       5.689778645833334  -6.310887241768094e-30   7.228743923761163e-14
       5.739908854166667                       0   7.221075561968311e-14
            5.7900390625   6.310887241768094e-30   7.224824663694768e-14
       5.840169270833334   6.310887241768094e-30   7.228944683315159e-14
       5.890299479166667                       0   7.232092514176607e-14
            5.9404296875  -6.310887241768094e-30    7.23802680678687e-14
       5.990559895833334                       0   7.246683879078817e-14
       6.040690104166667                       0   7.256007408733847e-14
            6.0908203125                       0   7.269046275669257e-14
       6.140950520833334                       0   7.278108040749747e-14
       6.191080729166667  -6.310887241768094e-30    7.27569023475761e-14
            6.2412109375                       0   7.264251635897928e-14
       6.291341145833334                       0   7.252363353345024e-14
       6.341471354166667                       0   7.243494517766838e-14
            6.3916015625                       0   7.236795933158083e-14
       6.441731770833334                       0   7.229424201753118e-14
       6.491861979166667  -6.310887241768094e-30   7.218877296380488e-14
            6.5419921875                       0   7.208806597447807e-14
       6.592122395833334                       0   7.201918862277937e-14
       6.642252604166667                       0   7.189896950111166e-14
            6.6923828125  -6.310887241768094e-30   7.167794950989176e-14
       6.742513020833334                       0   7.142286657272197e-14
       6.792643229166667                       0   7.114972337706751e-14
            6.8427734375   6.310887241768094e-30   7.086516653178525e-14
       6.892903645833334  -6.310887241768094e-30   7.061128041530663e-14
       6.943033854166667                       0   7.041783955937243e-14
            6.9931640625                       0   7.026748475509768e-14
       7.043294270833334                       0   7.008787513770847e-14
       7.093424479166667                       0     6.9830885107395e-14
            7.1435546875   6.310887241768094e-30   6.951181683375791e-14
       7.193684895833334  -1.577721810442024e-30   6.917216224803522e-14
       7.243815104166667                       0   6.882156845883386e-14
            7.2939453125   6.310887241768094e-30    6.84570060326721e-14
       7.344075520833334                       0   6.809046161020474e-14
       7.394205729166667                       0   6.772838464180645e-14
            7.4443359375                       0   6.736302258178754e-14
       7.494466145833334                       0   6.696005452587674e-14
       7.544596354166667                       0   6.647744508691879e-14
            7.5947265625                       0   6.596656085243134e-14
       7.644856770833334                       0   6.548545927593915e-14
       7.694986979166667  -6.310887241768094e-30   6.502384477683062e-14
            7.7451171875                       0   6.455572648720761e-14
       7.795247395833334                       0   6.408713612178963e-14
       7.845377604166667                       0   6.363769696986121e-14
            7.8955078125                       0   6.321983745322997e-14
       7.945638020833334   6.310887241768094e-30   6.280807848676853e-14
       7.995768229166667   6.310887241768094e-30   6.238138815602153e-14
            8.0458984375                       0   6.195712717204942e-14
       8.096028645833334   1.577721810442024e-30   6.158848776640394e-14
       8.146158854166668  -6.310887241768094e-30   6.132427531725849e-14
            8.1962890625   6.310887241768094e-30   6.115841219015616e-14
       8.246419270833334  -6.310887241768094e-30   6.104193463159365e-14
       8.296549479166668   6.310887241768094e-30   6.093582676928607e-14
            8.3466796875                       0   6.082061134104346e-14
       8.396809895833334                       0   6.068441530503667e-14
       8.446940104166668                       0   6.050964607066285e-14
            8.4970703125                       0   6.025864140295664e-14
       8.547200520833334                       0   5.993245803867605e-14
       8.597330729166668                       0   5.953350660855315e-14
            8.6474609375                       0   5.907276591077553e-14
       8.697591145833334   1.577721810442024e-30   5.859846029359613e-14
       8.747721354166668                       0   5.817841303117109e-14
            8.7978515625                       0   5.778838995696709e-14
       8.847981770833334                       0   5.742174902297753e-14
       8.898111979166668                       0   5.709793079251231e-14
            8.9482421875                       0   5.682353563244148e-14
       8.998372395833334   1.577721810442024e-30   5.658651304359848e-14
       9.048502604166668   1.577721810442024e-30     5.6389186845498e-14
            9.0986328125   1.577721810442024e-30   5.624490356261715e-14
       9.148763020833334                       0      5.614339681105e-14
       9.198893229166668                       0   5.600901026829259e-14
            9.2490234375  -1.577721810442024e-30   5.577093226681882e-14
       9.299153645833334                       0   5.544236564769837e-14
       9.349283854166668                       0   5.510329635726653e-14
            9.3994140625                       0   5.477193957640346e-14
       9.449544270833334                       0   5.445729048285004e-14
       9.499674479166668                       0   5.420611470400191e-14
            9.5498046875                       0   5.402966485478926e-14
       9.599934895833334  -1.577721810442024e-30   5.387838797620719e-14
       9.650065104166668                       0   5.370989929945259e-14
            9.7001953125                       0   5.352914222570363e-14
       9.750325520833334                       0   5.334743388527026e-14
       9.800455729166668                       0   5.314719018764097e-14
            9.8505859375                       0   5.292884348857969e-14
       9.900716145833334                       0   5.273009739878285e-14
       9.950846354166668                       0   5.258086204016241e-14
           10.0009765625                       0   5.246421735476519e-14
       10.05110677083333                       0   5.235774764094094e-14
       10.10123697916667                       0   5.222134534092726e-14
           10.1513671875                       0   5.204539609992736e-14
       10.20149739583333   1.577721810442024e-30   5.187458386654495e-14
       10.25162760416667                       0   5.176241759104272e-14
           10.3017578125                       0   5.169279965339859e-14
       10.35188802083333                       0   5.168077169606244e-14
       10.40201822916667                       0   5.172985770212515e-14
           10.4521484375   1.577721810442024e-30   5.181943438316924e-14
       10.50227864583333                       0   5.193947054302728e-14
       10.55240885416667                       0     5.2121145351287e-14
           10.6025390625                       0   5.238859824314989e-14
       10.65266927083333                       0   5.270444142092971e-14
       10.70279947916667                       0   5.302393582204179e-14
           10.7529296875  -1.577721810442024e-30   5.331283551448565e-14
       10.80305989583333                       0    5.35520490463598e-14
       10.85319010416667                       0   5.374489889187125e-14
           10.9033203125                       0    5.39172104583529e-14
       10.95345052083333                       0    5.40813573436736e-14
       11.00358072916667                       0   5.425052303600139e-14
           11.0537109375                       0   5.442879181149581e-14
       11.10384114583333                       0   5.460233532311953e-14
       11.15397135416667   1.577721810442024e-30   5.476016284889569e-14
           11.2041015625                       0   5.494794631393127e-14
       11.25423177083333                       0   5.513335123797878e-14
       11.30436197916667                       0   5.528342393120408e-14
           11.3544921875                       0    5.54058105267717e-14
       11.40462239583333                       0   5.551804420941993e-14
       11.45475260416667                       0   5.560540140065617e-14
           11.5048828125                       0   5.566782956738158e-14
       11.55501302083333                       0   5.574633197038095e-14
       11.60514322916667                       0   5.590400193289155e-14
           11.6552734375                       0   5.611377640032506e-14
       11.70540364583333                       0   5.624157237883577e-14
       11.75553385416667                       0   5.619147316359883e-14
           11.8056640625                       0   5.608958364922822e-14
       11.85579427083333                       0   5.602111960500369e-14
       11.90592447916667                       0   5.589042017215619e-14
           11.9560546875                       0   5.566279487493305e-14
       12.00618489583333                       0   5.545950186348725e-14
       12.05631510416667                       0    5.53489716475226e-14
           12.1064453125                       0   5.519269718744487e-14
       12.15657552083333                       0   5.494845761191216e-14
       12.20670572916667                       0   5.465327567762287e-14
           12.2568359375                       0   5.434765497143245e-14
       12.30696614583333                       0   5.404998423219943e-14
       12.35709635416667                       0   5.378103638601376e-14
           12.4072265625                       0   5.353617829830622e-14
       12.45735677083333                       0   5.327610063439598e-14
       12.50748697916667                       0   5.297745429318427e-14
           12.5576171875                       0   5.266676810535112e-14
       12.60774739583333                       0   5.237738498208464e-14
       12.65787760416667   1.577721810442024e-30   5.208033652866248e-14
           12.7080078125                       0   5.170914109567637e-14
       12.75813802083333                       0   5.126155530528225e-14
       12.80826822916667                       0   5.080914367655802e-14
           12.8583984375  -3.944304526105059e-31   5.043838657888814e-14
       12.90852864583333   3.944304526105059e-31   5.018399041781437e-14
       12.95865885416667  -1.577721810442024e-30   5.001571866043841e-14
           13.0087890625   1.577721810442024e-30   4.989309913972746e-14
