# File created on Wed Jul  8 11:31:17 2026
# ======================================== 
# = Running code assuming AXISYMMETRY    = 
# ======================================== 
# Data for Inflation GW initial data initial data at coord. time 1.12447 and proper central time 1.12447
# Evolved with (264,10,9) gridpoints (including 4 ghosts)
# Evolution with geodesic slicing and constant shift
# using eighth-order spatial differencing with 4 ghost zones 
# data 1 at theta = 0 and phi = 3.14159
# data 2 at theta = 1.5708 and phi = 3.14159
#                      r                    a_rt                    a_rt
#                               (     0,3.14159)        (1.5708,3.14159)
#========================================================================
     -0.1754557291666667                       0  -3.918980373506817e-16
     -0.1253255208333333                       0  -9.983368733682579e-16
           -0.0751953125                       0   3.420956123127059e-15
    -0.02506510416666667   5.916456789157589e-31   1.126191310124643e-14
     0.02506510416666667                       0  -1.126191310124643e-14
            0.0751953125                       0   -3.42095612312706e-15
      0.1253255208333333                       0   9.983368733682577e-16
      0.1754557291666667                       0   3.918980373506816e-16
            0.2255859375                       0   5.898209133846197e-17
      0.2757161458333334  -9.860761315262648e-32   1.473055229853566e-15
      0.3258463541666667                       0   2.576875586837676e-15
            0.3759765625                       0   1.982372806318778e-15
      0.4261067708333334                       0   2.953923333979402e-15
      0.4762369791666667                       0   6.099815871736989e-15
            0.5263671875                       0   5.265432106410854e-15
      0.5764973958333334                       0   7.910621676095629e-15
      0.6266276041666667                       0   9.565765693674843e-15
            0.6767578125                       0   6.214302007334636e-15
      0.7268880208333334                       0   1.486018682365844e-14
      0.7770182291666667                       0   1.871678810512103e-14
            0.8271484375                       0   1.284894593672419e-14
      0.8772786458333334   3.155443620884047e-30   3.091975559594264e-14
      0.9274088541666667                       0   5.309716156302492e-14
            0.9775390625                       0   4.072777052676579e-14
       1.027669270833333                       0   1.491870919102379e-14
       1.077799479166667                       0   3.628593638897448e-15
            1.1279296875                       0   1.004208264435599e-15
       1.178059895833333                       0  -1.813274106597719e-15
       1.228190104166667                       0   -4.23966739213316e-15
            1.2783203125                       0  -5.061089888328236e-15
       1.328450520833333                       0  -4.931336071929051e-15
       1.378580729166667                       0  -4.657449861845376e-15
            1.4287109375                       0  -4.726475815750444e-15
       1.478841145833333   3.944304526105059e-31  -4.517225948297569e-15
       1.528971354166667                       0  -3.870047964004093e-15
            1.5791015625                       0  -3.110586296302798e-15
       1.629231770833333                       0  -2.424754155697803e-15
       1.679361979166667                       0  -1.750514842986226e-15
            1.7294921875                       0  -1.231938466119473e-15
       1.779622395833333                       0   -9.55278666367451e-16
       1.829752604166667                       0  -4.742345257454644e-16
            1.8798828125                       0   1.421943302418305e-16
       1.930013020833333                       0   7.131101358860868e-16
       1.980143229166667   1.232595164407831e-31   1.131410384953574e-15
            2.0302734375   1.232595164407831e-32   1.525314988468257e-15
       2.080403645833333  -4.930380657631324e-32   1.919878088557402e-15
       2.130533854166667                       0    2.68630450166509e-15
            2.1806640625                       0   3.215447766587836e-15
       2.230794270833333  -9.860761315262648e-32   3.422662066241402e-15
       2.280924479166667                       0    3.76592615871305e-15
            2.3310546875   3.944304526105059e-31   4.325431433175261e-15
       2.381184895833333                       0   4.667504348951711e-15
       2.431315104166667                       0   4.895365193393091e-15
            2.4814453125                       0   5.419468368299512e-15
       2.531575520833333                       0   5.957914539381884e-15
       2.581705729166667                       0    6.23541770896221e-15
            2.6318359375   -1.97215226305253e-31   6.508256223162889e-15
       2.681966145833333                       0   6.941786747606029e-15
       2.732096354166667                       0   7.357449421011875e-15
            2.7822265625                       0   7.887736625751615e-15
       2.832356770833333  -7.888609052210118e-31    8.61204454339145e-15
       2.882486979166667                       0   9.231602623105124e-15
            2.9326171875   7.888609052210118e-31   9.541525294296185e-15
       2.982747395833333                       0   9.999828439027812e-15
       3.032877604166667                       0   1.056910386128255e-14
            3.0830078125                       0   1.100253682492813e-14
       3.133138020833333                       0   1.148019399808296e-14
       3.183268229166667                       0   1.190368021630707e-14
            3.2333984375   3.944304526105059e-31   1.236572811845196e-14
       3.283528645833333                       0   1.293520053820756e-14
       3.333658854166667                       0   1.342851742303148e-14
            3.3837890625                       0   1.384530215824763e-14
       3.433919270833333                       0   1.417310000978034e-14
       3.484049479166667                       0   1.468052242874291e-14
            3.5341796875                       0    1.54188568460747e-14
       3.584309895833333   1.577721810442024e-30   1.609373477519212e-14
       3.634440104166667                       0   1.677316374355146e-14
            3.6845703125  -1.577721810442024e-30   1.743420282502011e-14
       3.734700520833333                       0   1.801419763223826e-14
       3.784830729166667                       0   1.842810930562824e-14
            3.8349609375  -1.577721810442024e-30   1.884758716272398e-14
       3.885091145833333                       0   1.942115591589729e-14
       3.935221354166667                       0   1.994318402707156e-14
            3.9853515625                       0   2.053052090228964e-14
       4.035481770833334                       0   2.116003393807295e-14
       4.085611979166667                       0   2.182296572057457e-14
            4.1357421875                       0   2.233799341131942e-14
       4.185872395833334                       0   2.273108129622457e-14
       4.236002604166667                       0   2.313226874290838e-14
            4.2861328125                       0   2.351301102508715e-14
       4.336263020833334                       0   2.376444679144269e-14
       4.386393229166667                       0   2.415771673831046e-14
            4.4365234375  -7.888609052210118e-31   2.462541552128174e-14
       4.486653645833334                       0    2.50071444873184e-14
       4.536783854166667                       0   2.539515190454309e-14
            4.5869140625                       0   2.571124774106386e-14
       4.637044270833334   7.888609052210118e-31   2.608587674882921e-14
       4.687174479166667  -7.888609052210118e-31   2.648639565935802e-14
            4.7373046875                       0   2.678718742356337e-14
       4.787434895833334                       0   2.705322503125585e-14
       4.837565104166667                       0   2.763199432028063e-14
            4.8876953125                       0   2.830271337385811e-14
       4.937825520833334                       0   2.880457383459918e-14
       4.987955729166667                       0   2.916169488533142e-14
            5.0380859375  -7.888609052210118e-31   2.959418635945201e-14
       5.088216145833334                       0   3.027328670023611e-14
       5.138346354166667   7.888609052210118e-31   3.104240233373973e-14
            5.1884765625                       0   3.171767405613114e-14
       5.238606770833334                       0   3.209171767274307e-14
       5.288736979166667                       0   3.238359621208522e-14
            5.3388671875  -3.155443620884047e-30   3.275303812300029e-14
       5.388997395833334   3.944304526105059e-30   3.325963385740943e-14
       5.439127604166667                       0   3.380061924401891e-14
            5.4892578125                       0   3.438803236935565e-14
       5.539388020833334                       0   3.481462001216134e-14
       5.589518229166667                       0   3.516333132822693e-14
            5.6396484375                       0   3.565910492528781e-14
       5.689778645833334  -3.155443620884047e-30   3.609552745181964e-14
       5.739908854166667                       0   3.648361171844745e-14
            5.7900390625                       0   3.687224079752074e-14
       5.840169270833334  -3.155443620884047e-30   3.735200153176876e-14
       5.890299479166667                       0   3.801879570975364e-14
            5.9404296875                       0   3.869009011041787e-14
       5.990559895833334                       0   3.927983241902841e-14
       6.040690104166667                       0   3.969758952063254e-14
            6.0908203125                       0   4.008572867437402e-14
       6.140950520833334                       0     4.0537098655603e-14
       6.191080729166667                       0   4.083210767930522e-14
            6.2412109375                       0   4.101357183180766e-14
       6.291341145833334                       0   4.131037703225757e-14
       6.341471354166667                       0   4.166731548601324e-14
            6.3916015625                       0   4.192021818931158e-14
       6.441731770833334                       0   4.222284337156147e-14
       6.491861979166667                       0   4.246854151246782e-14
            6.5419921875                       0   4.271416660835497e-14
       6.592122395833334                       0   4.270102514349932e-14
       6.642252604166667                       0   4.239758367497171e-14
            6.6923828125                       0    4.23778496441973e-14
       6.742513020833334                       0    4.25825051713859e-14
       6.792643229166667                       0   4.262182893719816e-14
            6.8427734375                       0   4.274756220453323e-14
       6.892903645833334                       0   4.289959066475652e-14
       6.943033854166667                       0   4.295094620565716e-14
            6.9931640625                       0    4.31717931243361e-14
       7.043294270833334                       0   4.337467991299264e-14
       7.093424479166667                       0   4.338169855393316e-14
            7.1435546875                       0    4.34688050599174e-14
       7.193684895833334                       0   4.360424615536404e-14
       7.243815104166667                       0   4.396497470553159e-14
            7.2939453125                       0   4.454214503579033e-14
       7.344075520833334                       0   4.475595899010314e-14
       7.394205729166667                       0   4.481341358569264e-14
            7.4443359375                       0   4.487334058501235e-14
       7.494466145833334                       0   4.487192555327111e-14
       7.544596354166667                       0   4.493065814421899e-14
            7.5947265625                       0   4.487290294506589e-14
       7.644856770833334                       0   4.449879051986576e-14
       7.694986979166667                       0   4.419668785170841e-14
            7.7451171875                       0   4.401675501700213e-14
       7.795247395833334                       0   4.388597892776442e-14
       7.845377604166667                       0   4.366143271145628e-14
            7.8955078125                       0    4.34798838121626e-14
       7.945638020833334                       0   4.357738223411329e-14
       7.995768229166667                       0   4.370399199950713e-14
            8.0458984375                       0   4.370093032897899e-14
       8.096028645833334                       0   4.379217552085061e-14
       8.146158854166668                       0   4.393241237862489e-14
            8.1962890625                       0   4.394677140437991e-14
       8.246419270833334                       0    4.36458340528844e-14
       8.296549479166668                       0   4.334011915199028e-14
            8.3466796875                       0   4.315251256876027e-14
       8.396809895833334                       0   4.285170169747842e-14
       8.446940104166668                       0   4.263993277035889e-14
            8.4970703125                       0    4.25148180521802e-14
       8.547200520833334                       0    4.23627808436304e-14
       8.597330729166668                       0   4.215216287883672e-14
            8.6474609375                       0   4.190095547603574e-14
       8.697591145833334                       0   4.166332095316523e-14
       8.747721354166668                       0   4.140681998103218e-14
            8.7978515625                       0   4.101933887414493e-14
       8.847981770833334                       0   4.062022935597214e-14
       8.898111979166668                       0   4.038523053457045e-14
            8.9482421875                       0   4.017658099885554e-14
       8.998372395833334                       0   3.992015281420645e-14
       9.048502604166668                       0   3.946119831518724e-14
            9.0986328125                       0   3.897775588292358e-14
       9.148763020833334                       0   3.860453013373748e-14
       9.198893229166668                       0   3.836753377474802e-14
            9.2490234375                       0    3.82441740917559e-14
       9.299153645833334                       0   3.817174346142708e-14
       9.349283854166668                       0   3.814468865707911e-14
            9.3994140625                       0   3.822361723699964e-14
       9.449544270833334                       0   3.823447057566338e-14
       9.499674479166668  -3.155443620884047e-30   3.814882167096004e-14
            9.5498046875                       0   3.819246165836284e-14
       9.599934895833334                       0   3.825812866129445e-14
       9.650065104166668                       0   3.817366969980402e-14
            9.7001953125                       0   3.799087590477673e-14
       9.750325520833334                       0   3.765178585512812e-14
       9.800455729166668                       0   3.725688228169817e-14
            9.8505859375                       0   3.719316771959808e-14
       9.900716145833334   3.155443620884047e-30   3.699756060720524e-14
       9.950846354166668                       0   3.661843458103517e-14
           10.0009765625                       0   3.643058071461038e-14
       10.05110677083333                       0   3.629736337597942e-14
       10.10123697916667                       0   3.611444767622939e-14
           10.1513671875   3.155443620884047e-30   3.586914381453583e-14
       10.20149739583333  -3.155443620884047e-30   3.570283514921793e-14
       10.25162760416667                       0   3.565171977932077e-14
           10.3017578125                       0   3.548811733739164e-14
       10.35188802083333   3.155443620884047e-30   3.522213689900681e-14
       10.40201822916667  -3.155443620884047e-30   3.494065839863275e-14
           10.4521484375   7.888609052210118e-31   3.484230467453855e-14
       10.50227864583333   3.155443620884047e-30   3.479524291393081e-14
       10.55240885416667  -3.155443620884047e-30    3.46197957073046e-14
           10.6025390625  -3.155443620884047e-30   3.426233653080279e-14
       10.65266927083333   3.155443620884047e-30   3.397378068187002e-14
       10.70279947916667                       0   3.383579096168781e-14
           10.7529296875                       0   3.349374603539103e-14
       10.80305989583333  -3.155443620884047e-30   3.316483667352444e-14
       10.85319010416667  -3.155443620884047e-30   3.300560606394186e-14
           10.9033203125                       0    3.27903353201901e-14
       10.95345052083333                       0   3.251239993276989e-14
       11.00358072916667  -3.155443620884047e-30    3.21721227895704e-14
           11.0537109375                       0   3.188732833819733e-14
       11.10384114583333                       0   3.163861148108464e-14
       11.15397135416667   7.888609052210118e-31   3.130125763124971e-14
           11.2041015625                       0   3.107788946690623e-14
       11.25423177083333  -3.155443620884047e-30   3.092777211716731e-14
       11.30436197916667  -3.155443620884047e-30   3.057600048517159e-14
           11.3544921875  -3.155443620884047e-30   3.020040949390609e-14
       11.40462239583333                       0   2.995630489515704e-14
       11.45475260416667                       0   2.957721491300075e-14
           11.5048828125                       0   2.944952236031364e-14
       11.55501302083333                       0   2.986139683158529e-14
       11.60514322916667                       0   2.666431349412627e-14
           11.6552734375  -3.944304526105059e-31     1.4983033516158e-14
       11.70540364583333    1.97215226305253e-31   2.292058447503743e-15
       11.75553385416667  -9.860761315262648e-32    9.65869719357336e-16
           11.8056640625                       0   6.794799693699994e-15
       11.85579427083333   7.888609052210118e-31   9.351773694980308e-15
       11.90592447916667                       0   1.040521577071621e-14
           11.9560546875   3.944304526105059e-31   1.439161666549819e-14
       12.00618489583333                       0    1.97650245311615e-14
       12.05631510416667                       0   2.421425934543923e-14
           12.1064453125                       0   2.842244219772058e-14
       12.15657552083333                       0   3.398563204966554e-14
       12.20670572916667                       0    4.12962537231356e-14
           12.2568359375   3.944304526105059e-31    5.00446808652778e-14
       12.30696614583333  -6.310887241768094e-30   6.028356662992285e-14
       12.35709635416667                       0   7.377607657612657e-14
           12.4072265625   3.155443620884047e-30    9.22032482726563e-14
       12.45735677083333                       0   1.195237786063709e-13
       12.50748697916667                       0   1.585498268285179e-13
           12.5576171875   6.310887241768094e-30   2.265070052271498e-13
       12.60774739583333   3.155443620884047e-29   2.997373791434928e-13
       12.65787760416667                       0   1.032395717134619e-12
           12.7080078125                       0  -5.961569351772755e-12
       12.75813802083333                       0  -5.057419451082484e-12
       12.80826822916667                       0   -2.28288902538755e-07
           12.8583984375   5.169878828456423e-26   4.990543613270494e-10
       12.90852864583333                       0  -5.937346928249348e-11
       12.95865885416667                    -nan                    -nan
           13.0087890625                       0   -9.79867591051823e-13
