# File created on Tue Jul  7 16:46:47 2026
# ======================================== 
# = Running code assuming AXISYMMETRY    = 
# ======================================== 
# Data for Inflation GW initial data initial data at coord. time 0 and proper central time 0
# Evolved with (264,10,9) gridpoints (including 4 ghosts)
# Evolution with geodesic slicing and constant shift
# using eighth-order spatial differencing with 4 ghost zones 
# data 1 at theta = 0 and phi = 3.14159
# data 2 at theta = 1.5708 and phi = 3.14159
#                      r                    a_tt                    a_tt
#                               (     0,3.14159)        (1.5708,3.14159)
#========================================================================
              -0.2734375     0.02263129710644939     0.02263129710644963
              -0.1953125     0.02340654197086753      0.0234065419708679
              -0.1171875     0.01445313902635927     0.01445313902635969
              -0.0390625    0.002326277484883223    0.002326277484884918
               0.0390625    0.002326277484886612    0.002326277484884918
               0.1171875     0.01445313902636011     0.01445313902635969
               0.1953125     0.02340654197086827      0.0234065419708679
               0.2734375     0.02263129710644987     0.02263129710644963
               0.3515625      0.0138974681404253     0.01389746814042521
               0.4296875  -0.0004130863887767183  -0.0004130863887769792
               0.5078125    -0.01653639371841875     -0.0165363937184192
               0.5859375    -0.03093000366713188    -0.03093000366713227
               0.6640625    -0.04129629155184421    -0.04129629155184451
               0.7421875    -0.04688308226989298    -0.04688308226989304
               0.8203125    -0.04824795465463844    -0.04824795465463843
               0.8984375    -0.04666359381836532    -0.04666359381836546
               0.9765625    -0.04349203455644075    -0.04349203455644086
               1.0546875    -0.03977855107472644    -0.03977855107472615
               1.1328125    -0.03613729957756823    -0.03613729957756764
               1.2109375    -0.03283599549661934    -0.03283599549661893
               1.2890625     -0.0299391983435295    -0.02993919834352928
               1.3671875    -0.02742173350826905    -0.02742173350826925
               1.4453125     -0.0252316636228358    -0.02523166362283623
               1.5234375    -0.02331664933342671    -0.02331664933342718
               1.6015625    -0.02163180359733127    -0.02163180359733195
               1.6796875    -0.02014044895998999    -0.02014044895999047
               1.7578125    -0.01881290118950504    -0.01881290118950525
               1.8359375    -0.01762504330912067    -0.01762504330912112
               1.9140625    -0.01655713116136264    -0.01655713116136323
               1.9921875    -0.01559286788002692    -0.01559286788002732
               2.0703125    -0.01471869675781747    -0.01471869675781771
               2.1484375    -0.01392325858203923    -0.01392325858203953
               2.2265625    -0.01319697144526163     -0.0131969714452621
               2.3046875    -0.01253170230188656    -0.01253170230188718
               2.3828125    -0.01192050792035119    -0.01192050792035167
               2.4609375    -0.01135742884708318    -0.01135742884708334
               2.5390625    -0.01083732424742626    -0.01083732424742626
               2.6171875    -0.01035573854344707    -0.01035573854344725
               2.6953125   -0.009908792988640676   -0.009908792988641269
               2.7734375   -0.009493096949925861   -0.009493096949926609
               2.8515625   -0.009105674876426046    -0.00910567487642679
               2.9296875   -0.008743905839484209   -0.008743905839484934
               3.0078125    -0.00840547321152992   -0.008405473211530408
               3.0859375   -0.008088322571374559   -0.008088322571374693
               3.1640625   -0.007790626322300353   -0.007790626322300208
               3.2421875   -0.007510753817378086   -0.007510753817377706
               3.3203125   -0.007247246026082553   -0.007247246026081948
               3.3984375   -0.006998793963890058   -0.006998793963889426
               3.4765625   -0.006764220254342505   -0.006764220254341946
               3.5546875   -0.006542463310173856   -0.006542463310173301
               3.6328125   -0.006332563713421037   -0.006332563713420537
               3.7109375   -0.006133652449202625   -0.006133652449202219
               3.7890625    -0.00594494070804149   -0.005944940708041184
               3.8671875   -0.005765711020313998   -0.005765711020313956
               3.9453125   -0.005595309525997719   -0.005595309525998051
               4.0234375   -0.005433139215210908   -0.005433139215211383
               4.1015625   -0.005278654001539872    -0.00527865400154031
               4.1796875   -0.005131353511971442   -0.005131353511971887
               4.2578125   -0.004990778495282098    -0.00499077849528246
               4.3359375    -0.00485650676569447   -0.004856506765694648
               4.4140625   -0.004728149611074288   -0.004728149611074414
               4.4921875   -0.004605348605345494   -0.004605348605345522
               4.5703125   -0.004487772773527374   -0.004487772773527025
               4.6484375   -0.004375116065139969   -0.004375116065139181
               4.7265625   -0.004267095097911879   -0.004267095097910831
               4.8046875   -0.004163447138964197   -0.004163447138963286
               4.8828125   -0.004063928295090903     -0.0040639282950904
               4.9609375   -0.003968311887538716   -0.003968311887538553
               5.0390625   -0.003876386989917842    -0.00387638698991792
               5.1171875    -0.00378795711064048   -0.003787957110640583
               5.1953125   -0.003702839003646516   -0.003702839003646613
               5.2734375   -0.003620861593217804    -0.00362086159321837
               5.3515625   -0.003541865000438031   -0.003541865000439031
               5.4296875   -0.003465699660366024   -0.003465699660366987
               5.5078125   -0.003392225520310053   -0.003392225520310545
               5.5859375   -0.003321311310726073   -0.003321311310725844
               5.6640625   -0.003252833881252519   -0.003252833881252049
               5.7421875   -0.003186677595260049   -0.003186677595259804
               5.8203125   -0.003122733777044352   -0.003122733777044453
               5.8984375   -0.003060900206450047   -0.003060900206450288
               5.9765625   -0.003001080656291289   -0.003001080656291275
               6.0546875   -0.002943184468443027   -0.002943184468442282
               6.1328125   -0.002887126164917661   -0.002887126164916183
               6.2109375   -0.002832825090638388   -0.002832825090636773
               6.2890625   -0.002780205084966505   -0.002780205084965265
               6.3671875   -0.002729194179343501   -0.002729194179342811
               6.4453125   -0.002679724318681812   -0.002679724318681427
               6.5234375   -0.002631731104376087   -0.002631731104375769
               6.6015625    -0.00258515355702415   -0.002585153557023706
               6.6796875   -0.002539933897132606   -0.002539933897132015
               6.7578125   -0.002496017342253344   -0.002496017342252947
               6.8359375    -0.00245335191914615   -0.002453351919146295
               6.9140625   -0.002411888289697022   -0.002411888289697449
               6.9921875   -0.002371579589442488   -0.002371579589442787
               7.0703125   -0.002332381277659423   -0.002332381277659499
               7.1484375   -0.002294250998075868   -0.002294250998075799
               7.2265625   -0.002257148449341445   -0.002257148449341355
               7.3046875   -0.002221035264478152   -0.002221035264477875
               7.3828125   -0.002185874898600343   -0.002185874898599946
               7.4609375   -0.002151632524257478   -0.002151632524257401
               7.5390625   -0.002118274933807607   -0.002118274933808051
               7.6171875    -0.00208577044828111    -0.00208577044828201
               7.6953125   -0.002054088832243206   -0.002054088832244288
               7.7734375   -0.002023201214204151   -0.002023201214205011
               7.8515625   -0.001993080012164106   -0.001993080012164473
               7.9296875   -0.001963698863914357   -0.001963698863914365
               8.0078125   -0.001935032561748125   -0.001935032561748073
               8.0859375   -0.001907056991261206    -0.00190705699126134
               8.1640625   -0.001879749073949675   -0.001879749073950144
               8.2421875   -0.001853086713335453   -0.001853086713336197
               8.3203125   -0.001827048744371973   -0.001827048744372919
               8.3984375   -0.001801614885901587   -0.001801614885902623
               8.4765625   -0.001776765695953073    -0.00177676569595406
               8.5546875   -0.001752482529686559   -0.001752482529687414
               8.6328125   -0.001728747499808625   -0.001728747499809439
               8.7109375   -0.001705543439292188   -0.001705543439293021
               8.7890625   -0.001682853866247807    -0.00168285386624845
               8.8671875    -0.00166066295080274   -0.001660662950803068
               8.9453125   -0.001638955483854508   -0.001638955483854615
               9.0234375   -0.001617716847573953   -0.001617716847573909
               9.1015625   -0.001596932987542194   -0.001596932987541997
               9.1796875   -0.001576590386419346   -0.001576590386419083
               9.2578125   -0.001556676039054407   -0.001556676039054303
               9.3359375   -0.001537177428954989   -0.001537177428955224
               9.4140625   -0.001518082506039141   -0.001518082506039626
               9.4921875   -0.001499379665593083   -0.001499379665593648
               9.5703125   -0.001481057728357594   -0.001481057728357983
               9.6484375   -0.001463105921658103   -0.001463105921658056
               9.7265625   -0.001445513861495719   -0.001445513861495082
               9.8046875   -0.001428271535525211   -0.001428271535523952
               9.8828125   -0.001411369286863421   -0.001411369286861934
               9.9609375   -0.001394797798695188   -0.001394797798694047
              10.0390625   -0.001378548079660939   -0.001378548079660357
              10.1171875   -0.001362611450020896   -0.001362611450020678
              10.1953125    -0.00134697952858408   -0.001346979528584016
              10.2734375   -0.001331644220365661   -0.001331644220365688
              10.3515625   -0.001316597704905756    -0.00131659770490601
              10.4296875   -0.001301832425156348   -0.001301832425156852
              10.5078125   -0.001287341076834684   -0.001287341076835179
              10.5859375   -0.001273116598161328   -0.001273116598161589
              10.6640625    -0.00125915215994108   -0.001259152159941216
              10.7421875   -0.001245441155997615   -0.001245441155997814
              10.8203125   -0.001231977194018548   -0.001231977194018829
              10.8984375   -0.001218754086893262   -0.001218754086893542
              10.9765625   -0.001205765844612194   -0.001205765844612325
              11.0546875   -0.001193006666752211   -0.001193006666752189
              11.1328125   -0.001180470935507678   -0.001180470935507514
              11.2109375   -0.001168153209161365   -0.001168153209161206
              11.2890625   -0.001156048215849386   -0.001156048215849479
              11.3671875   -0.001144150847468833   -0.001144150847469025
              11.4453125   -0.001132456153611574   -0.001132456153611569
              11.5234375   -0.001120959335478124   -0.001120959335477903
              11.6015625   -0.001109655739804907    -0.00110965573980473
              11.6796875   -0.001098540852906375   -0.001098540852906509
              11.7578125   -0.001087610294975322   -0.001087610294976052
              11.8359375   -0.001076859814785227   -0.001076859814786476
              11.9140625   -0.001066285284894891   -0.001066285284896183
              11.9921875    -0.00105588269738861   -0.001055882697389673
              12.0703125   -0.001045648160106969   -0.001045648160107774
              12.1484375   -0.001035577893248079   -0.001035577893248739
              12.2265625   -0.001025668226176901   -0.001025668226177422
              12.3046875   -0.001015915594270346   -0.001015915594270738
              12.3828125   -0.001006316535654194   -0.001006316535654626
              12.4609375  -0.0009968676877432636    -0.00099686768774383
              12.5390625  -0.0009875657835676339  -0.0009875657835681805
              12.6171875   -0.000978407647940747  -0.0009784076479411002
              12.6953125  -0.0009693901935828671  -0.0009693901935830674
              12.7734375  -0.0009605104173463763  -0.0009605104173465628
              12.8515625  -0.0009517653966885556  -0.0009517653966887719
              12.9296875  -0.0009431522865129994  -0.0009431522865130811
              13.0078125   -0.000934668316452947  -0.0009346683164528449
              13.0859375  -0.0009263107886078079  -0.0009263107886077364
              13.1640625  -0.0009180770756838445  -0.0009180770756838971
              13.2421875  -0.0009099646194386078  -0.0009099646194387963
              13.3203125  -0.0009019709292983288  -0.0009019709292986547
              13.3984375  -0.0008940935810050267  -0.0008940935810054021
              13.4765625  -0.0008863302151654682  -0.0008863302151658286
              13.5546875  -0.0008786785356055255  -0.0008786785356057672
              13.6328125  -0.0008711363074766711  -0.0008711363074767079
              13.7109375  -0.0008637013551128175  -0.0008637013551127399
              13.7890625   -0.000856371559682318  -0.0008563715596823633
              13.8671875  -0.0008491448567173356  -0.0008491448567176083
              13.9453125  -0.0008420192336257589  -0.0008420192336260449
              14.0234375  -0.0008349927272992727   -0.000834992727299422
              14.1015625  -0.0008280634219217624  -0.0008280634219218042
              14.1796875  -0.0008212294470580159  -0.0008212294470581141
              14.2578125  -0.0008144889760705725  -0.0008144889760707927
              14.3359375  -0.0008078402248753818  -0.0008078402248757107
              14.4140625  -0.0008012814510112639  -0.0008012814510117458
              14.4921875  -0.0007948109529646979  -0.0007948109529652505
              14.5703125  -0.0007884270696685377  -0.0007884270696690873
              14.6484375  -0.0007821281800835936    -0.00078212818008407
              14.7265625  -0.0007759127027690615  -0.0007759127027692229
              14.8046875  -0.0007697790953582625  -0.0007697790953579357
              14.8828125  -0.0007637258538760106  -0.0007637258538751768
              14.9609375  -0.0007577515118583127  -0.0007577515118573485
              15.0390625  -0.0007518546392635933  -0.0007518546392631443
              15.1171875  -0.0007460338411887064  -0.0007460338411890666
              15.1953125  -0.0007402877564272969    -0.00074028775642828
              15.2734375  -0.0007346150559286457  -0.0007346150559296874
              15.3515625  -0.0007290144412244782  -0.0007290144412250784
              15.4296875   -0.000723484642894714  -0.0007234846428947513
              15.5078125   -0.000718024419137464  -0.0007180244191371051
              15.5859375  -0.0007126325544979644  -0.0007126325544974635
              15.6640625  -0.0007073078587971928  -0.0007073078587966298
              15.7421875  -0.0007020491662811009  -0.0007020491662804434
              15.8203125  -0.0006968553349942687  -0.0006968553349934196
              15.8984375  -0.0006917252463609868  -0.0006917252463598505
              15.9765625  -0.0006866578049402654  -0.0006866578049391207
              16.0546875  -0.0006816519383124543  -0.0006816519383115722
              16.1328125  -0.0006767065970440724  -0.0006767065970434381
              16.2109375  -0.0006718207546774302  -0.0006718207546768847
              16.2890625  -0.0006669934076929501   -0.000666993407692296
              16.3671875  -0.0006622235753978656  -0.0006622235753970358
              16.4453125  -0.0006575102997068298  -0.0006575102997059891
              16.5234375    -0.00065285264479018  -0.0006528526447895811
              16.6015625  -0.0006482496965798702  -0.0006482496965794769
              16.6796875  -0.0006437005621351652  -0.0006437005621347447
              16.7578125  -0.0006392043688832234   -0.000639204368882625
              16.8359375  -0.0006347602637603715  -0.0006347602637597118
              16.9140625  -0.0006303674122852894  -0.0006303674122848866
              16.9921875  -0.0006260249976014866  -0.0006260249976015671
              17.0703125  -0.0006217322195294099  -0.0006217322195299648
              17.1484375  -0.0006174882936641789  -0.0006174882936651179
              17.2265625  -0.0006132924505473982  -0.0006132924505485456
              17.3046875  -0.0006091439349426188  -0.0006091439349435367
              17.3828125  -0.0006050420052377388  -0.0006050420052380638
              17.4609375  -0.0006009859329895871  -0.0006009859329890901
              17.5390625  -0.0005969750025775512   -0.000596975002576309
              17.6171875  -0.0005930085109963714  -0.0005930085109946574
              17.6953125   -0.000589085767734436  -0.0005890857677325289
              17.7734375  -0.0005852060948892925  -0.0005852060948874874
              17.8515625  -0.0005813688270458312  -0.0005813688270443055
              17.9296875  -0.0005775733117086006  -0.0005775733117074815
              18.0078125  -0.0005738189085027061  -0.0005738189085020141
              18.0859375  -0.0005701049914534594  -0.0005701049914530365
              18.1640625   -0.000566430944509233  -0.0005664309445088688
              18.2421875   -0.000562796171529086   -0.000562796171528707
              18.3203125  -0.0005592000730692608  -0.0005592000730687118
              18.3984375  -0.0005556420984052574   -0.000555642098404462
              18.4765625  -0.0005521216297434562  -0.0005521216297424879
              18.5546875  -0.0005486382409735747  -0.0005486382409725223
              18.6328125  -0.0005451911128527073  -0.0005451911128515961
              18.7109375  -0.0005417803434758251  -0.0005417803434747011
              18.7890625  -0.0005384040124387549  -0.0005384040124377695
              18.8671875  -0.0005350647684621754  -0.0005350647684614458
              18.9453125  -0.0005317550350671666  -0.0005317550350668471
              19.0234375  -0.0005284901970949104  -0.0005284901970950653
              19.1015625  -0.0005252341587983644  -0.0005252341587987863
              19.1796875  -0.0005220663863865375   -0.000522066386386876
              19.2578125  -0.0005188070655787847  -0.0005188070655788768
              19.3359375   -0.000515858094499504  -0.0005158580944994587
              19.4140625   -0.000512316287748209  -0.0005123162877481557
              19.4921875  -0.0005102074228458071  -0.0005102074228456872
              19.5703125  -0.0005049832133705597  -0.0005049832133703028
              19.6484375  -0.0005068132199153437  -0.0005068132199147885
              19.7265625   -0.000492820056495114  -0.0004928200564940483
              19.8046875  -0.0005151525713294119  -0.0005151525713281808
              19.8828125  -0.0004593809558439304  -0.0004593809558433073
              19.9609375  -0.0005492159750149306  -0.0005492159750148488
              20.0390625                       0                       0
              20.1171875                       0                       0
              20.1953125                       0                       0
              20.2734375                       0                       0
