# File created on Wed Jul  8 11:31:17 2026
# Data for Inflation GW initial data initial data at coord time 1.12447 and central proper time 1.12447
# Evolved with (264,10,9) gridpoints (including 4 ghosts)
# Evolution with geodesic slicing and constant shift shift condition 
# data for phi = 3.14159
#              r           theta                a_tt
#===============================================================
     0.025065104      0.78539816   4.536391976878736e-07
     0.025065104       2.3561945   4.536392038020395e-07

     0.075195312      0.78539816   4.329279837430557e-05
     0.075195312       2.3561945   4.329279836759232e-05

      0.12532552      0.78539816     0.00014446409339524
      0.12532552       2.3561945    0.000144464093392455

      0.17545573      0.78539816   0.0002734108114253749
      0.17545573       2.3561945   0.0002734108114380786

      0.22558594      0.78539816   0.0004562168053969644
      0.22558594       2.3561945   0.0004562168053919808

      0.27571615      0.78539816   0.0006780458895873654
      0.27571615       2.3561945   0.0006780458895770133

      0.32584635      0.78539816   0.0009476140848089367
      0.32584635       2.3561945   0.0009476140848115699

      0.37597656      0.78539816    0.001258072399539412
      0.37597656       2.3561945    0.001258072399538188

      0.42610677      0.78539816    0.001614127118690683
      0.42610677       2.3561945    0.001614127118681272

      0.47623698      0.78539816    0.002011180027680611
      0.47623698       2.3561945    0.002011180027678307

      0.52636719      0.78539816     0.00245099507483014
      0.52636719       2.3561945     0.00245099507481876

       0.5764974      0.78539816    0.002933222121745193
       0.5764974       2.3561945    0.002933222121743917

       0.6266276      0.78539816    0.003452425205795897
       0.6266276       2.3561945    0.003452425205787488

      0.67675781      0.78539816    0.004016995482506027
      0.67675781       2.3561945      0.0040169954824939

      0.72688802      0.78539816    0.004612493043173278
      0.72688802       2.3561945    0.004612493043161373

      0.77701823      0.78539816    0.005247603366373512
      0.77701823       2.3561945     0.00524760336636362

      0.82714844      0.78539816    0.005921590714394171
      0.82714844       2.3561945     0.00592159071438337

      0.87727865      0.78539816    0.006599222003884853
      0.87727865       2.3561945    0.006599222003853979

      0.92740885      0.78539816    0.007300981087297272
      0.92740885       2.3561945    0.007300981087257562

      0.97753906      0.78539816    0.008078807635910212
      0.97753906       2.3561945    0.008078807635887109

       1.0276693      0.78539816    0.008933483603592245
       1.0276693       2.3561945    0.008933483603585944

       1.0777995      0.78539816    0.009838051932172525
       1.0777995       2.3561945    0.009838051932180396

       1.1279297      0.78539816     0.01078076450672429
       1.1279297       2.3561945     0.01078076450671811

       1.1780599      0.78539816     0.01176001834513722
       1.1780599       2.3561945     0.01176001834513289

       1.2281901      0.78539816     0.01277356211919972
       1.2281901       2.3561945     0.01277356211920375

       1.2783203      0.78539816     0.01381914692033965
       1.2783203       2.3561945     0.01381914692033765

       1.3284505      0.78539816     0.01489542659610285
       1.3284505       2.3561945     0.01489542659610026

       1.3785807      0.78539816     0.01600129953945479
       1.3785807       2.3561945     0.01600129953944823

       1.4287109      0.78539816     0.01713571954288482
       1.4287109       2.3561945     0.01713571954288912

       1.4788411      0.78539816     0.01829773052557648
       1.4788411       2.3561945     0.01829773052557478

       1.5289714      0.78539816     0.01948642760550884
       1.5289714       2.3561945     0.01948642760550772

       1.5791016      0.78539816     0.02070092848183648
       1.5791016       2.3561945      0.0207009284818261

       1.6292318      0.78539816     0.02194036572394348
       1.6292318       2.3561945     0.02194036572394157

        1.679362      0.78539816     0.02320388106971643
        1.679362       2.3561945      0.0232038810697098

       1.7294922      0.78539816     0.02449062184962865
       1.7294922       2.3561945     0.02449062184963379

       1.7796224      0.78539816     0.02579973980253943
       1.7796224       2.3561945     0.02579973980253954

       1.8297526      0.78539816     0.02713039100960182
       1.8297526       2.3561945      0.0271303910096017

       1.8798828      0.78539816     0.02848173649022724
       1.8798828       2.3561945     0.02848173649022254

        1.930013      0.78539816     0.02985294323255057
        1.930013       2.3561945     0.02985294323255252

       1.9801432      0.78539816     0.03124318545492494
       1.9801432       2.3561945     0.03124318545492276

       2.0302734      0.78539816      0.0326516459726278
       2.0302734       2.3561945     0.03265164597263279

       2.0804036      0.78539816     0.03407751759078672
       2.0804036       2.3561945     0.03407751759077688

       2.1305339      0.78539816     0.03552000446985549
       2.1305339       2.3561945     0.03552000446984958

       2.1806641      0.78539816     0.03697832342942009
       2.1806641       2.3561945     0.03697832342942395

       2.2307943      0.78539816     0.03845170516807302
       2.2307943       2.3561945     0.03845170516806731

       2.2809245      0.78539816      0.0399393953860574
       2.2809245       2.3561945     0.03993939538605536

       2.3310547      0.78539816     0.04144065580320656
       2.3310547       2.3561945     0.04144065580319915

       2.3811849      0.78539816     0.04295476506817312
       2.3811849       2.3561945     0.04295476506817669

       2.4313151      0.78539816     0.04448101955823573
       2.4313151       2.3561945     0.04448101955822917

       2.4814453      0.78539816     0.04601873407055004
       2.4814453       2.3561945     0.04601873407054385

       2.5315755      0.78539816     0.04756724240706751
       2.5315755       2.3561945     0.04756724240706101

       2.5817057      0.78539816     0.04912589785616295
       2.5817057       2.3561945      0.0491258978561605

       2.6318359      0.78539816     0.05069407357498539
       2.6318359       2.3561945     0.05069407357497846

       2.6819661      0.78539816     0.05227116287641238
       2.6819661       2.3561945     0.05227116287640558

       2.7320964      0.78539816     0.05385657942515536
       2.7320964       2.3561945     0.05385657942514933

       2.7822266      0.78539816     0.05544975734769378
       2.7822266       2.3561945     0.05544975734767969

       2.8323568      0.78539816     0.05705015126057526
       2.8323568       2.3561945     0.05705015126055961

        2.882487      0.78539816     0.05865723622189176
        2.882487       2.3561945     0.05865723622188129

       2.9326172      0.78539816     0.06027050761075185
       2.9326172       2.3561945     0.06027050761074849

       2.9827474      0.78539816     0.06188948093926187
       2.9827474       2.3561945     0.06188948093924827

       3.0328776      0.78539816     0.06351369160182944
       3.0328776       2.3561945     0.06351369160181308

       3.0830078      0.78539816     0.06514269456636303
       3.0830078       2.3561945     0.06514269456635527

        3.133138      0.78539816     0.06677606401162113
        3.133138       2.3561945     0.06677606401160616

       3.1832682      0.78539816     0.06841339291523638
       3.1832682       2.3561945      0.0684133929152297

       3.2333984      0.78539816     0.07005429259673959
       3.2333984       2.3561945     0.07005429259672454

       3.2835286      0.78539816      0.0716983922194812
       3.2835286       2.3561945     0.07169839221946976

       3.3336589      0.78539816     0.07334533825566319
       3.3336589       2.3561945     0.07334533825565547

       3.3837891      0.78539816      0.0749947939182084
       3.3837891       2.3561945     0.07499479391820116

       3.4339193      0.78539816     0.07664643856316912
       3.4339193       2.3561945     0.07664643856316167

       3.4840495      0.78539816     0.07829996706622076
       3.4840495       2.3561945     0.07829996706620439

       3.5341797      0.78539816     0.07995508917676256
       3.5341797       2.3561945     0.07995508917674546

       3.5843099      0.78539816     0.08161152885279517
       3.5843099       2.3561945     0.08161152885277931

       3.6344401      0.78539816     0.08326902357976222
       3.6344401       2.3561945     0.08326902357974687

       3.6845703      0.78539816     0.08492732367623868
       3.6845703       2.3561945     0.08492732367622884

       3.7347005      0.78539816     0.08658619158935142
       3.7347005       2.3561945     0.08658619158934745

       3.7848307      0.78539816     0.08824540118254749
       3.7848307       2.3561945     0.08824540118254476

       3.8349609      0.78539816     0.08990473701821942
       3.8349609       2.3561945     0.08990473701821333

       3.8850911      0.78539816     0.09156399363772205
       3.8850911       2.3561945     0.09156399363771736

       3.9352214      0.78539816     0.09322297484086826
       3.9352214       2.3561945     0.09322297484086536

       3.9853516      0.78539816     0.09488149296711511
       3.9853516       2.3561945     0.09488149296710717

       4.0354818      0.78539816     0.09653936818031143
       4.0354818       2.3561945     0.09653936818030494

        4.085612      0.78539816     0.09819642775895047
        4.085612       2.3561945     0.09819642775894218

       4.1357422      0.78539816     0.09985250539357511
       4.1357422       2.3561945     0.09985250539357532

       4.1858724      0.78539816      0.1015074404930333
       4.1858724       2.3561945      0.1015074404930389

       4.2360026      0.78539816      0.1031610775010788
       4.2360026       2.3561945      0.1031610775010862

       4.2861328      0.78539816      0.1048132652246184
       4.2861328       2.3561945      0.1048132652246294

        4.336263      0.78539816      0.1064638561749133
        4.336263       2.3561945      0.1064638561749269

       4.3863932      0.78539816      0.1081127059229324
       4.3863932       2.3561945      0.1081127059229393

       4.4365234      0.78539816      0.1097596724698518
       4.4365234       2.3561945      0.1097596724698589

       4.4866536      0.78539816      0.1114046156338496
       4.4866536       2.3561945      0.1114046156338632

       4.5367839      0.78539816      0.1130473964539695
       4.5367839       2.3561945      0.1130473964539774

       4.5869141      0.78539816      0.1146878766118914
       4.5869141       2.3561945      0.1146878766119063

       4.6370443      0.78539816      0.1163259178723979
       4.6370443       2.3561945      0.1163259178724094

       4.6871745      0.78539816      0.1179613815429656
       4.6871745       2.3561945      0.1179613815429776

       4.7373047      0.78539816        0.11959412795335
       4.7373047       2.3561945      0.1195941279533682

       4.7874349      0.78539816      0.1212240159554807
       4.7874349       2.3561945      0.1212240159554892

       4.8375651      0.78539816      0.1228509024442024
       4.8375651       2.3561945      0.1228509024442053

       4.8876953      0.78539816      0.1244746418992347
       4.8876953       2.3561945      0.1244746418992365

       4.9378255      0.78539816      0.1260950859485562
       4.9378255       2.3561945      0.1260950859485659

       4.9879557      0.78539816      0.1277120829535132
       4.9879557       2.3561945      0.1277120829535259

       5.0380859      0.78539816      0.1293254776158043
       5.0380859       2.3561945      0.1293254776158097

       5.0882161      0.78539816      0.1309351106065525
       5.0882161       2.3561945      0.1309351106065494

       5.1383464      0.78539816      0.1325408182175555
       5.1383464       2.3561945       0.132540818217554

       5.1884766      0.78539816      0.1341424320346231
       5.1884766       2.3561945      0.1341424320346352

       5.2386068      0.78539816      0.1357397786330582
       5.2386068       2.3561945      0.1357397786330717

        5.288737      0.78539816      0.1373326792950361
        5.288737       2.3561945      0.1373326792950547

       5.3388672      0.78539816      0.1389209497489241
       5.3388672       2.3561945      0.1389209497489355

       5.3889974      0.78539816      0.1405043999302732
       5.3889974       2.3561945      0.1405043999302791

       5.4391276      0.78539816      0.1420828337643312
       5.4391276       2.3561945      0.1420828337643343

       5.4892578      0.78539816       0.143656048969682
       5.4892578       2.3561945      0.1436560489696909

        5.539388      0.78539816       0.145223836882725
        5.539388       2.3561945      0.1452238368827414

       5.5895182      0.78539816      0.1467859823025486
       5.5895182       2.3561945      0.1467859823025589

       5.6396484      0.78539816      0.1483422633557782
       5.6396484       2.3561945      0.1483422633557842

       5.6897786      0.78539816      0.1498924513810812
       5.6897786       2.3561945      0.1498924513810954

       5.7399089      0.78539816      0.1514363108327192
       5.7399089       2.3561945      0.1514363108327334

       5.7900391      0.78539816      0.1529735992024059
       5.7900391       2.3561945      0.1529735992024169

       5.8401693      0.78539816      0.1545040669592151
       5.8401693       2.3561945       0.154504066959217

       5.8902995      0.78539816      0.1560274575065008
       5.8902995       2.3561945      0.1560274575065063

       5.9404297      0.78539816        0.15754350715539
       5.9404297       2.3561945      0.1575435071553936

       5.9905599      0.78539816      0.1590519451140396
       5.9905599       2.3561945       0.159051945114049

       6.0406901      0.78539816      0.1605524934920141
       6.0406901       2.3561945      0.1605524934920219

       6.0908203      0.78539816      0.1620448673186916
       6.0908203       2.3561945       0.162044867318703

       6.1409505      0.78539816      0.1635287745752499
       6.1409505       2.3561945      0.1635287745752672

       6.1910807      0.78539816       0.165003916238867
       6.1910807       2.3561945      0.1650039162388898

       6.2412109      0.78539816       0.166469986338655
       6.2412109       2.3561945       0.166469986338675

       6.2913411      0.78539816      0.1679266720222007
       6.2913411       2.3561945      0.1679266720222145

       6.3414714      0.78539816      0.1693736536318079
       6.3414714       2.3561945      0.1693736536318256

       6.3916016      0.78539816      0.1708106047894812
       6.3916016       2.3561945       0.170810604789494

       6.4417318      0.78539816      0.1722371924895676
       6.4417318       2.3561945      0.1722371924895789

        6.491862      0.78539816      0.1736530771980558
        6.491862       2.3561945      0.1736530771980702

       6.5419922      0.78539816      0.1750579129575081
       6.5419922       2.3561945      0.1750579129575276

       6.5921224      0.78539816      0.1764513474966848
       6.5921224       2.3561945      0.1764513474967168

       6.6422526      0.78539816      0.1778330223437209
       6.6422526       2.3561945      0.1778330223437483

       6.6923828      0.78539816      0.1792025729417773
       6.6923828       2.3561945      0.1792025729417866

        6.742513      0.78539816      0.1805596287662884
        6.742513       2.3561945      0.1805596287662956

       6.7926432      0.78539816      0.1819038134424666
       6.7926432       2.3561945      0.1819038134424778

       6.8427734      0.78539816      0.1832347448623617
       6.8427734       2.3561945       0.183234744862364

       6.8929036      0.78539816      0.1845520353003178
       6.8929036       2.3561945      0.1845520353003262

       6.9430339      0.78539816      0.1858552915258432
       6.9430339       2.3561945      0.1858552915258475

       6.9931641      0.78539816      0.1871441149129524
       6.9931641       2.3561945      0.1871441149129463

       7.0432943      0.78539816      0.1884181015450812
       7.0432943       2.3561945       0.188418101545082

       7.0934245      0.78539816      0.1896768423145298
       7.0934245       2.3561945      0.1896768423145344

       7.1435547      0.78539816      0.1909199230157624
       7.1435547       2.3561945      0.1909199230157596

       7.1936849      0.78539816      0.1921469244316725
       7.1936849       2.3561945      0.1921469244316641

       7.2438151      0.78539816      0.1933574224120265
       7.2438151       2.3561945      0.1933574224120002

       7.2939453      0.78539816      0.1945509879433649
       7.2939453       2.3561945      0.1945509879433456

       7.3440755      0.78539816      0.1957271872098128
       7.3440755       2.3561945       0.195727187209801

       7.3942057      0.78539816      0.1968855816438986
       7.3942057       2.3561945      0.1968855816438926

       7.4443359      0.78539816      0.1980257279671793
       7.4443359       2.3561945      0.1980257279671707

       7.4944661      0.78539816      0.1991471782200887
       7.4944661       2.3561945      0.1991471782200802

       7.5445964      0.78539816       0.200249479780478
       7.5445964       2.3561945      0.2002494797804682

       7.5947266      0.78539816      0.2013321753706935
       7.5947266       2.3561945      0.2013321753706934

       7.6448568      0.78539816       0.202394803052767
       7.6448568       2.3561945      0.2023948030527743

        7.694987      0.78539816      0.2034368962115839
        7.694987       2.3561945      0.2034368962115829

       7.7451172      0.78539816      0.2044579835260211
       7.7451172       2.3561945      0.2044579835260195

       7.7952474      0.78539816      0.2054575889279977
       7.7952474       2.3561945      0.2054575889279923

       7.8453776      0.78539816       0.206435231549298
       7.8453776       2.3561945      0.2064352315493009

       7.8955078      0.78539816      0.2073904256566415
       7.8955078       2.3561945      0.2073904256566312

        7.945638      0.78539816      0.2083226805747998
        7.945638       2.3561945      0.2083226805747788

       7.9957682      0.78539816      0.2092315005984229
       7.9957682       2.3561945       0.209231500598405

       8.0458984      0.78539816      0.2101163848928584
       8.0458984       2.3561945      0.2101163848928385

       8.0960286      0.78539816      0.2109768273843099
       8.0960286       2.3561945      0.2109768273842891

       8.1461589      0.78539816      0.2118123166400657
       8.1461589       2.3561945      0.2118123166400494

       8.1962891      0.78539816      0.2126223357392545
       8.1962891       2.3561945      0.2126223357392528

       8.2464193      0.78539816      0.2134063621348483
       8.2464193       2.3561945      0.2134063621348573

       8.2965495      0.78539816      0.2141638675078494
       8.2965495       2.3561945      0.2141638675078445

       8.3466797      0.78539816      0.2148943176144358
       8.3466797       2.3561945      0.2148943176144399

       8.3968099      0.78539816      0.2155971721270533
       8.3968099       2.3561945      0.2155971721270523

       8.4469401      0.78539816      0.2162718844703337
       8.4469401       2.3561945      0.2162718844703242

       8.4970703      0.78539816      0.2169179016530536
       8.4970703       2.3561945      0.2169179016530435

       8.5472005      0.78539816      0.2175346640971945
       8.5472005       2.3561945      0.2175346640971863

       8.5973307      0.78539816      0.2181216054653583
       8.5973307       2.3561945      0.2181216054653543

       8.6474609      0.78539816      0.2186781524879445
       8.6474609       2.3561945      0.2186781524879313

       8.6975911      0.78539816      0.2192037247912327
       8.6975911       2.3561945       0.219203724791219

       8.7477214      0.78539816      0.2196977347278922
       8.7477214       2.3561945      0.2196977347278862

       8.7978516      0.78539816      0.2201595872113684
       8.7978516       2.3561945      0.2201595872113705

       8.8479818      0.78539816      0.2205886795554303
       8.8479818       2.3561945      0.2205886795554176

        8.898112      0.78539816      0.2209844013207406
        8.898112       2.3561945      0.2209844013207256

       8.9482422      0.78539816      0.2213461341700243
       8.9482422       2.3561945      0.2213461341700141

       8.9983724      0.78539816       0.221673251733315
       8.9983724       2.3561945      0.2216732517333101

       9.0485026      0.78539816      0.2219651194850106
       9.0485026       2.3561945      0.2219651194850196

       9.0986328      0.78539816      0.2222210946344573
       9.0986328       2.3561945      0.2222210946344597

        9.148763      0.78539816      0.2224405260317859
        9.148763       2.3561945      0.2224405260317809

       9.1988932      0.78539816      0.2226227540908532
       9.1988932       2.3561945      0.2226227540908325

       9.2490234      0.78539816      0.2227671107310489
       9.2490234       2.3561945      0.2227671107310136

       9.2991536      0.78539816      0.2228729193398882
       9.2991536       2.3561945      0.2228729193398464

       9.3492839      0.78539816      0.2229394947579783
       9.3492839       2.3561945      0.2229394947579371

       9.3994141      0.78539816      0.2229661432884308
       9.3994141       2.3561945      0.2229661432883878

       9.4495443      0.78539816       0.222952162732516
       9.4495443       2.3561945      0.2229521627324807

       9.4996745      0.78539816      0.2228968424533654
       9.4996745       2.3561945      0.2228968424533228

       9.5498047      0.78539816      0.2227994634697069
       9.5498047       2.3561945      0.2227994634696598

       9.5999349      0.78539816      0.2226592985815555
       9.5999349       2.3561945      0.2226592985815138

       9.6500651      0.78539816      0.2224756125295523
       9.6500651       2.3561945      0.2224756125295343

       9.7001953      0.78539816      0.2222476621897944
       9.7001953       2.3561945      0.2222476621897753

       9.7503255      0.78539816      0.2219746968061558
       9.7503255       2.3561945      0.2219746968061566

       9.8004557      0.78539816      0.2216559582618353
       9.8004557       2.3561945      0.2216559582618171

       9.8505859      0.78539816      0.2212906813917931
       9.8505859       2.3561945      0.2212906813917618

       9.9007161      0.78539816      0.2208780943382352
       9.9007161       2.3561945      0.2208780943382195

       9.9508464      0.78539816      0.2204174189504091
       9.9508464       2.3561945        0.22041741895039

       10.000977      0.78539816      0.2199078712305173
       10.000977       2.3561945      0.2199078712304921

       10.051107      0.78539816      0.2193486618276378
       10.051107       2.3561945      0.2193486618276236

       10.101237      0.78539816      0.2187389965808798
       10.101237       2.3561945      0.2187389965808627

       10.151367      0.78539816      0.2180780771134373
       10.151367       2.3561945      0.2180780771134268

       10.201497      0.78539816      0.2173651014791093
       10.201497       2.3561945      0.2173651014790802

       10.251628      0.78539816      0.2165992648623944
       10.251628       2.3561945      0.2165992648623759

       10.301758      0.78539816      0.2157797603336492
       10.301758       2.3561945      0.2157797603336462

       10.351888      0.78539816       0.214905779660488
       10.351888       2.3561945      0.2149057796604909

       10.402018      0.78539816      0.2139765141764115
       10.402018       2.3561945      0.2139765141764018

       10.452148      0.78539816      0.2129911557076084
       10.452148       2.3561945      0.2129911557075955

       10.502279      0.78539816      0.2119488975570438
       10.502279       2.3561945      0.2119488975570494

       10.552409      0.78539816      0.2108489355571746
       10.552409       2.3561945      0.2108489355571928

       10.602539      0.78539816       0.209690469174895
       10.602539       2.3561945      0.2096904691749215

       10.652669      0.78539816      0.2084727026036868
       10.652669       2.3561945      0.2084727026036985

       10.702799      0.78539816      0.2071948462364631
       10.702799       2.3561945      0.2071948462364822

        10.75293      0.78539816      0.2058561180220999
        10.75293       2.3561945      0.2058561180221315

        10.80306      0.78539816       0.204455742086155
        10.80306       2.3561945      0.2044557420861596

        10.85319      0.78539816      0.2029929570873644
        10.85319       2.3561945      0.2029929570873856

        10.90332      0.78539816      0.2014670256181531
        10.90332       2.3561945      0.2014670256181848

       10.953451      0.78539816      0.1998771496997641
       10.953451       2.3561945      0.1998771496997878

       11.003581      0.78539816      0.1982226129721919
       11.003581       2.3561945      0.1982226129722156

       11.053711      0.78539816      0.1965032092965799
       11.053711       2.3561945      0.1965032092965888

       11.103841      0.78539816       0.194717086565644
       11.103841       2.3561945      0.1947170865656618

       11.153971      0.78539816      0.1928618479745702
       11.153971       2.3561945       0.192861847974595

       11.204102      0.78539816      0.1909493706832459
       11.204102       2.3561945      0.1909493706832471

       11.254232      0.78539816      0.1889694059230203
       11.254232       2.3561945      0.1889694059230307

       11.304362      0.78539816      0.1868456904253011
       11.304362       2.3561945      0.1868456904253542

       11.354492      0.78539816      0.1847577573419396
       11.354492       2.3561945      0.1847577573419636

       11.404622      0.78539816      0.1829480450937259
       11.404622       2.3561945        0.18294804509373

       11.454753      0.78539816      0.1799934480330109
       11.454753       2.3561945      0.1799934480330204

       11.504883      0.78539816      0.1761092321068977
       11.504883       2.3561945       0.176109232106928

       11.555013      0.78539816      0.1798431217434256
       11.555013       2.3561945      0.1798431217434357

       11.605143      0.78539816      0.1888776648719151
       11.605143       2.3561945       0.188877664871897

       11.655273      0.78539816      0.1790743884146485
       11.655273       2.3561945      0.1790743884146608

       11.705404      0.78539816      0.1831078574338737
       11.705404       2.3561945      0.1831078574337938

       11.755534      0.78539816      0.2853009629508884
       11.755534       2.3561945      0.2853009629506853

       11.805664      0.78539816      0.4182651354898685
       11.805664       2.3561945      0.4182651354897037

       11.855794      0.78539816      0.4668558752506788
       11.855794       2.3561945      0.4668558752506349

       11.905924      0.78539816      0.4740164825496185
       11.905924       2.3561945      0.4740164825495554

       11.956055      0.78539816      0.4993599439965157
       11.956055       2.3561945      0.4993599439964295

       12.006185      0.78539816      0.5330539422210784
       12.006185       2.3561945      0.5330539422210105

       12.056315      0.78539816      0.5493120888569736
       12.056315       2.3561945      0.5493120888569365

       12.106445      0.78539816      0.5528036780834793
       12.106445       2.3561945      0.5528036780834362

       12.156576      0.78539816      0.5580690832675255
       12.156576       2.3561945      0.5580690832674774

       12.206706      0.78539816      0.5668606245860813
       12.206706       2.3561945      0.5668606245860167

       12.256836      0.78539816      0.5733715024186778
       12.256836       2.3561945      0.5733715024186288

       12.306966      0.78539816      0.5765302048793624
       12.306966       2.3561945      0.5765302048793242

       12.357096      0.78539816      0.5777557603421005
       12.357096       2.3561945      0.5777557603420483

       12.407227      0.78539816      0.5811790201581647
       12.407227       2.3561945      0.5811790201581143

       12.457357      0.78539816      0.5822136364980922
       12.457357       2.3561945      0.5822136364980562

       12.507487      0.78539816      0.5879153852419582
       12.507487       2.3561945      0.5879153852419178

       12.557617      0.78539816      0.5892826352810733
       12.557617       2.3561945      0.5892826352810295

       12.607747      0.78539816      0.4111084496061899
       12.607747       2.3561945      0.4111084496052249

       12.657878      0.78539816      0.5348220620188293
       12.657878       2.3561945      0.5348220620171547

       12.708008      0.78539816      -12.89803241792457
       12.708008       2.3561945      -12.89803241805686

       12.758138      0.78539816      -3.820597402517693
       12.758138       2.3561945      -3.820597402550697

       12.808268      0.78539816      -5.745963522321823
       12.808268       2.3561945      -5.745963522485061

       12.858398      0.78539816         3.2793479720657
       12.858398       2.3561945       3.279347972069253

       12.908529      0.78539816      -67.48213193347925
       12.908529       2.3561945      -67.48213193543906

       12.958659      0.78539816                    -nan
       12.958659       2.3561945                    -nan

       13.008789      0.78539816      -4.656989052994359
       13.008789       2.3561945      -4.656989053000448

