# File created on Wed Jul  8 11:33:16 2026
# ======================================== 
# = Running code assuming AXISYMMETRY    = 
# ======================================== 
# Data for Inflation GW initial data initial data at coord. time 0.188986 and proper central time 0.188986
# Evolved with (264,10,9) gridpoints (including 4 ghosts)
# Evolution with geodesic slicing and constant shift
# using eighth-order spatial differencing with 4 ghost zones 
# data 1 at theta = 0 and phi = 3.14159
# data 2 at theta = 1.5708 and phi = 3.14159
#                      r                    a_tt                    a_tt
#                               (     0,3.14159)        (1.5708,3.14159)
#========================================================================
            -0.210546875   0.0002155105477968732   0.0002155105478662458
            -0.150390625    0.000110026612592861   0.0001100266128588447
    -0.09023437500000001   3.962692941217002e-05   3.962692933806718e-05
            -0.030078125    4.40395628061309e-06   4.403956242253651e-06
             0.030078125   4.403956203894212e-06   4.403956242253651e-06
     0.09023437500000001   3.962692926396436e-05   3.962692933806718e-05
             0.150390625   0.0001100266131248285   0.0001100266128588447
             0.210546875   0.0002155105479356183   0.0002155105478662458
             0.270703125   0.0003559402115884349   0.0003559402116776769
             0.330859375   0.0005311312163314318   0.0005311312164036311
             0.391015625   0.0007408535727088562   0.0007408535727565411
             0.451171875   0.0009848320187287234   0.0009848320187713141
             0.511328125    0.001262746412297685    0.001262746412330019
             0.571484375    0.001574232186870148    0.001574232186893743
      0.6316406250000001    0.001918880869008756    0.001918880869029119
             0.691796875    0.002296240656707315    0.002296240656719643
             0.751953125    0.002705817056955784    0.002705817056966196
             0.812109375    0.003147073581189597     0.00314707358119594
             0.872265625    0.003619432496933597    0.003619432496937929
      0.9324218750000001    0.004122275633798554    0.004122275633791966
             0.992578125    0.004654945242133373    0.004654945242136096
             1.052734375    0.005216744902294308    0.005216744902288349
             1.112890625    0.005806940482299274    0.005806940482291425
             1.173046875    0.006424761142033607    0.006424761142025105
             1.233203125    0.007069400381465102    0.007069400381451972
             1.293359375     0.00774001713073364    0.007740017130720252
             1.353515625    0.008435736879652199    0.008435736879638271
             1.413671875    0.009155652844224664    0.009155652844206809
             1.473828125    0.009898827167689264    0.009898827167670245
             1.533984375     0.01066429215354004     0.01066429215352083
             1.594140625     0.01145105152802801     0.01145105152800971
             1.654296875     0.01225808172954333     0.01225808172952529
             1.714453125     0.01308433322223226     0.01308433322221413
             1.774609375     0.01392873183141518     0.01392873183139413
             1.834765625     0.01479018009805692     0.01479018009803604
             1.894921875     0.01566755864978475     0.01566755864976074
             1.955078125     0.01655972758596187     0.01655972758594002
             2.015234375      0.0174655278741867     0.01746552787416802
             2.075390625     0.01838378275574823     0.01838378275572671
             2.135546875     0.01931329915765942     0.01931329915764634
             2.195703125     0.02025286910880588      0.0202528691087899
             2.255859375     0.02120127115782685     0.02120127115780695
             2.316015625     0.02215727179051204     0.02215727179048694
             2.376171875     0.02311962684447232     0.02311962684445211
             2.436328125     0.02408708291887256     0.02408708291885533
             2.496484375     0.02505837877718111     0.02505837877716414
             2.556640625     0.02603224674094819     0.02603224674093961
             2.616796875     0.02700741407265288     0.02700741407263915
             2.676953125     0.02798260434571341     0.02798260434570145
             2.737109375     0.02895653880014007      0.0289565388001243
             2.797265625     0.02992793768176144     0.02992793768174833
             2.857421875      0.0308955215638998     0.03089552156388802
             2.917578125     0.03185801264962237     0.03185801264960714
             2.977734375     0.03281413605336746     0.03281413605335992
             3.037890625     0.03376262106068657     0.03376262106067592
             3.098046875      0.0347022023646427     0.03470220236463484
             3.158203125      0.0356316212780222     0.03563162127801467
             3.218359375     0.03654962692018191     0.03654962692016947
             3.278515625     0.03745497737757274     0.03745497737756054
             3.338671875     0.03834644083718013     0.03834644083716898
             3.398828125     0.03922279669207449      0.0392227966920627
             3.458984375     0.04008283661831662     0.04008283661830644
             3.519140625     0.04092536562277524     0.04092536562275427
             3.579296875     0.04174920306114643     0.04174920306112882
             3.639453125      0.0425531836259839     0.04255318362596144
             3.699609375     0.04333615830411877     0.04333615830410194
             3.759765625     0.04409699530336129     0.04409699530333313
             3.819921875     0.04483458094813595     0.04483458094811008
             3.880078125      0.0455478205441073     0.04554782054407557
             3.940234375     0.04623563921136596     0.04623563921133227
       4.000390625000001     0.04689698268644205     0.04689698268640399
             4.060546875     0.04753081809312131     0.04753081809308282
             4.120703125     0.04813613468191534     0.04813613468187551
             4.180859375     0.04871194453866419     0.04871194453862267
             4.241015625     0.04925728326213313     0.04925728326208575
       4.301171875000001     0.04977121061100818      0.0497712106109509
             4.361328125     0.05025281112044862     0.05025281112039051
             4.421484375     0.05070119468855067     0.05070119468849997
             4.481640625     0.05111549713302425     0.05111549713297039
             4.541796875     0.05149488071834819     0.05149488071829787
       4.601953125000001     0.05183853465393354     0.05183853465387456
             4.662109375     0.05214567556355586     0.05214567556349023
             4.722265625     0.05241554792657294     0.05241554792650228
             4.782421875     0.05264742449125028     0.05264742449117871
             4.842578125     0.05284060666083051     0.05284060666077017
       4.902734375000001     0.05299442485255258     0.05299442485249768
             4.962890625     0.05310823883029663     0.05310823883024302
             5.023046875     0.05318143801121609     0.05318143801116562
             5.083203125     0.05321344174688013       0.053213441746825
             5.143359375     0.05320369957938617     0.05320369957932105
       5.203515625000001     0.05315169147287013     0.05315169147281563
             5.263671875     0.05305692802108611     0.05305692802102467
             5.323828125     0.05291895063113081     0.05291895063108572
             5.383984375     0.05273733168430132     0.05273733168426149
             5.444140625     0.05251167467400873     0.05251167467397055
       5.504296875000001     0.05224161432154542     0.05224161432150445
             5.564453125      0.0519268166701234     0.05192681667007282
             5.624609375     0.05156697915730945     0.05156697915725621
             5.684765625     0.05116183066666723     0.05116183066661559
             5.744921875     0.05071113155875744     0.05071113155870542
       5.805078125000001     0.05021467368184321     0.05021467368179752
             5.865234375     0.04967228036289051     0.04967228036284574
             5.925390625     0.04908380637904036     0.04908380637898085
             5.985546875     0.04844913790980731      0.0484491379097597
             6.045703125     0.04776819247073538     0.04776819247068817
       6.105859375000001       0.047040918828236     0.04704091882818866
             6.166015625     0.04626729689642519     0.04626729689637393
             6.226171875     0.04544733761579448     0.04544733761573826
             6.286328125     0.04458108281441657     0.04458108281436543
             6.346484375     0.04366860505156034     0.04366860505151535
       6.406640625000001      0.0427100074440932      0.0427100074440524
             6.466796875     0.04170542347590676     0.04170542347587132
             6.526953125     0.04065501679058082     0.04065501679054527
             6.587109375     0.03955898096731299      0.0395589809672851
             6.647265625     0.03841753928056271     0.03841753928053684
       6.707421875000001      0.0372309444432976     0.03723094444326726
             6.767578125     0.03599947833415217     0.03599947833411656
             6.827734375     0.03472345170868263     0.03472345170865607
             6.887890625     0.03340320389474227     0.03340320389472487
             6.948046875     0.03203910247211013     0.03203910247210176
       7.008203125000001     0.03063154293664744     0.03063154293664571
             7.068359375     0.02918094834882331     0.02918094834882245
             7.128515625     0.02768776896704556     0.02768776896703709
             7.188671875      0.0261524818657008     0.02615248186568816
             7.248828125     0.02457559053800884     0.02457559053800921
       7.308984375000001     0.02295762448400059     0.02295762448400657
             7.369140625       0.021299138783408     0.02129913878342655
             7.429296875     0.01960071365389206     0.01960071365390908
             7.489453125     0.01786295399452349      0.0178629539945391
             7.549609375     0.01608648891466872     0.01608648891468249
       7.609765625000001     0.01427197124856946     0.01427197124858072
             7.669921875     0.01242007705547899     0.01242007705549976
             7.730078125     0.01053150510573469     0.01053150510575212
             7.790234375    0.008606976352770532    0.008606976352798359
             7.850390625    0.006647233391341613    0.006647233391365508
       7.910546875000001    0.004653039901930419    0.004653039901948814
             7.970703125    0.002625180081880429     0.00262518008189704
             8.030859375   0.0005644580631544271   0.0005644580631566788
       8.091015625000001   -0.001528302683082179   -0.001528302683077592
       8.151171875000001   -0.003652259954445979   -0.003652259954432245
             8.211328125   -0.005806553438113278   -0.005806553438097122
             8.271484375   -0.007990305343858339   -0.007990305343840595
             8.331640625    -0.01020262104909086    -0.01020262104907113
       8.391796875000001    -0.01244258975547581    -0.01244258975545649
       8.451953125000001    -0.01470928515717916    -0.01470928515716214
             8.512109375    -0.01700176611996203    -0.01700176611994282
             8.572265625    -0.01931907737092301    -0.01931907737090753
             8.632421875    -0.02166025019865707    -0.02166025019862831
       8.692578125000001    -0.02402430316303959    -0.02402430316300895
       8.752734375000001    -0.02641024281463141    -0.02641024281460133
             8.812890625    -0.02881706442289686    -0.02881706442285838
             8.873046875    -0.03124375271284279     -0.0312437527128158
             8.933203125    -0.03368928260983154    -0.03368928260981327
       8.993359375000001    -0.03615261999152609    -0.03615261999149891
       9.053515625000001    -0.03863272244685876    -0.03863272244681759
             9.113671875    -0.04112854004130308    -0.04112854004125931
             9.173828125    -0.04363901608776289    -0.04363901608772185
             9.233984375    -0.04616308792258066    -0.04616308792254006
       9.294140625000001    -0.04869968768595923    -0.04869968768593536
       9.354296875000001    -0.05124774310619718    -0.05124774310617032
             9.414453125    -0.05380617828687728    -0.05380617828684275
             9.474609375    -0.05637391449659566    -0.05637391449655542
             9.534765625    -0.05894987096029379    -0.05894987096025044
       9.594921875000001    -0.06153296565153969    -0.06153296565149086
       9.655078125000001    -0.06412211608497664    -0.06412211608493712
             9.715234375    -0.06671624010823528    -0.06671624010819807
             9.775390625    -0.06931425669240572    -0.06931425669236879
             9.835546875    -0.07191508672050177    -0.07191508672046742
       9.895703125000001     -0.0745176537728091      -0.074517653772769
       9.955859375000001    -0.07712088490864603    -0.07712088490859823
            10.016015625    -0.07972371144342828    -0.07972371144338697
            10.076171875      -0.082325069720452     -0.0823250697204192
            10.136328125    -0.08492390187637065    -0.08492390187633822
            10.196484375    -0.08751915659963645    -0.08751915659961149
            10.256640625     -0.0901097898811714    -0.09010978988114528
            10.316796875    -0.09269476575617243    -0.09269476575614471
            10.376953125    -0.09527305703654858    -0.09527305703652546
            10.437109375    -0.09784364603292148    -0.09784364603291384
            10.497265625     -0.1004055252655749     -0.1004055252655702
            10.557421875     -0.1029576981631966     -0.1029576981631928
            10.617578125     -0.1054991797492268     -0.1054991797492244
            10.677734375     -0.1080289973144487     -0.1080289973144439
            10.737890625     -0.1105461910751946     -0.1105461910751961
            10.798046875      -0.113049814816826     -0.1130498148168406
            10.858203125     -0.1155389365211263     -0.1155389365211421
            10.918359375     -0.1180126389772862     -0.1180126389773022
            10.978515625     -0.1204700203757779     -0.1204700203757813
            11.038671875     -0.1229101948843216      -0.122910194884326
            11.098828125      -0.125332293205339     -0.1253322932053325
            11.158984375     -0.1277354631142734     -0.1277354631142775
            11.219140625     -0.1301188699783245     -0.1301188699783278
            11.279296875     -0.1324816972547007     -0.1324816972547029
            11.339453125     -0.1348231469683099     -0.1348231469683123
            11.399609375     -0.1371424401679538     -0.1371424401679621
            11.459765625     -0.1394388173609721     -0.1394388173609761
            11.519921875     -0.1417115389254179     -0.1417115389254023
            11.580078125      -0.143959885499905     -0.1439598854998787
            11.640234375     -0.1461831583503728     -0.1461831583503575
            11.700390625     -0.1483806797136901     -0.1483806797136645
            11.760546875     -0.1505517931174923     -0.1505517931174585
            11.820703125     -0.1526958636764037      -0.152695863676387
            11.880859375     -0.1548122783643185     -0.1548122783642912
            11.941015625     -0.1569004462622229     -0.1569004462621673
            12.001171875     -0.1589597987818007     -0.1589597987817569
            12.061328125     -0.1609897898650195     -0.1609897898649809
            12.121484375     -0.1629898961587112     -0.1629898961586581
            12.181640625     -0.1649596171648857     -0.1649596171648394
            12.241796875     -0.1668984753668889     -0.1668984753668452
            12.301953125     -0.1688060163308275     -0.1688060163307717
            12.362109375       -0.17068180878282     -0.1706818087827675
            12.422265625     -0.1725254446623713     -0.1725254446623313
            12.482421875     -0.1743365391515729     -0.1743365391515349
            12.542578125     -0.1761147306806379     -0.1761147306805929
            12.602734375     -0.1778596809100255     -0.1778596809099862
            12.662890625     -0.1795710746894389     -0.1795710746894026
            12.723046875     -0.1812486199939656     -0.1812486199939226
            12.783203125     -0.1828920478376335     -0.1828920478376126
            12.843359375     -0.1845011121651744      -0.184501112165152
            12.903515625     -0.1860755897217681     -0.1860755897217371
            12.963671875     -0.1876152799018538     -0.1876152799018241
            13.023828125     -0.1891200045771214     -0.1891200045771099
            13.083984375     -0.1905896079044123     -0.1905896079043943
            13.144140625     -0.1920239561136845     -0.1920239561136759
            13.204296875      -0.193422937277217     -0.1934229372772063
            13.264453125     -0.1947864610599966     -0.1947864610599703
            13.324609375     -0.1961144584524039     -0.1961144584523738
            13.384765625     -0.1974068814853986     -0.1974068814853956
            13.444921875     -0.1986637029293576     -0.1986637029293515
            13.505078125     -0.1998849159765742     -0.1998849159765533
            13.565234375      -0.201070533908611     -0.2010705339085865
            13.625390625     -0.2022205897492829     -0.2022205897492633
            13.685546875     -0.2033351359028507     -0.2033351359028185
            13.745703125     -0.2044142437812538     -0.2044142437812343
            13.805859375     -0.2054580034127815     -0.2054580034127667
            13.866015625     -0.2064665230553785     -0.2064665230553461
            13.926171875     -0.2074399287550475     -0.2074399287550051
            13.986328125     -0.2083783640105054     -0.2083783640104789
            14.046484375     -0.2092819891201787      -0.209281989120178
            14.106640625     -0.2101509813317036     -0.2101509813316875
            14.166796875       -0.21098553285269       -0.21098553285267
            14.226953125     -0.2117858544662355     -0.2117858544662262
            14.287109375     -0.2125521642104198     -0.2125521642104095
            14.347265625     -0.2132847154374022      -0.213284715437398
            14.407421875      -0.213983729990124     -0.2139837299901347
            14.467578125     -0.2146495124071273     -0.2146495124071279
            14.527734375     -0.2152822337937998     -0.2152822337937926
            14.587890625     -0.2158838164429212     -0.2158838164429051
            14.648046875     -0.2164429744908229     -0.2164429744908261
            14.708203125     -0.2169913790068106     -0.2169913790068156
            14.768359375     -0.2176331483949336     -0.2176331483949314
            14.828515625     -0.2170546678441389     -0.2170546678441152
            14.888671875     -0.2193025663303133      -0.219302566330311
            14.948828125     -0.3976478416833162     -0.3976478416831873
            15.008984375      0.8030354025234722       0.803035402522974
            15.069140625      -470.5564376019869      -470.5564376013065
            15.129296875  -8.936506506071934e+64  -8.936506505891092e+64
            15.189453125                    -nan                    -nan
            15.249609375  6.724438588538785e+116 -1.956200316665828e+117
            15.309765625  1.330291693707247e+119 -3.869939472602899e+119
            15.369921875  1.933609972860103e+142  1.933609973381293e+142
            15.430078125                    -nan                    -nan
            15.490234375      -1560377.381619438      -1560377.381617401
            15.550390625       327.1618399831095       327.1618399830394
            15.610546875      -36.31507382296515      -36.31507382295722
