# File created on Wed Jul  8 11:31:14 2026
# ======================================== 
# = Running code assuming AXISYMMETRY    = 
# ======================================== 
# Data for Inflation GW initial data initial data at coord. time 0.163788 and proper central time 0.163788
# Evolved with (264,10,9) gridpoints (including 4 ghosts)
# Evolution with geodesic slicing and constant shift
# using eighth-order spatial differencing with 4 ghost zones 
# data 1 at theta = 0 and phi = 3.14159
# data 2 at theta = 1.5708 and phi = 3.14159
#                      r                    a_tt                    a_tt
#                               (     0,3.14159)        (1.5708,3.14159)
#========================================================================
     -0.1754557291666667  -0.0001561227232024552  -0.0001561227230672233
     -0.1253255208333333  -0.0004868583750345632  -0.0004868583747367197
           -0.0751953125   -9.54171910755883e-06  -9.541719216856595e-06
    -0.02506510416666667   0.0001228183136024653   0.0001228183133661867
     0.02506510416666667   0.0001228183131299081   0.0001228183133661867
            0.0751953125  -9.541719326154359e-06  -9.541719216856595e-06
      0.1253255208333333  -0.0004868583744388761  -0.0004868583747367196
      0.1754557291666667  -0.0001561227229319913  -0.0001561227230672233
            0.2255859375   0.0004018040941203182   0.0004018040942237762
      0.2757161458333334   0.0007868805583536448   0.0007868805584573878
      0.3258463541666667    0.001082297603362318    0.001082297603424623
            0.3759765625    0.001341524091488439    0.001341524091550124
      0.4261067708333334    0.001585135759105698    0.001585135759154775
      0.4762369791666667     0.00182686807401834    0.001826868074058321
            0.5263671875    0.002074289472557741    0.002074289472587921
      0.5764973958333334    0.002331805704000197    0.002331805704026089
      0.6266276041666667    0.002602134145555186    0.002602134145575989
            0.6767578125    0.002886955236069991    0.002886955236083347
      0.7268880208333334    0.003187308358725252    0.003187308358740252
      0.7770182291666667    0.003503818699497669    0.003503818699502566
            0.8271484375     0.00383683320433398    0.003836833204340796
      0.8772786458333334    0.004186505560207139    0.004186505560210883
      0.9274088541666667    0.004552850714052481    0.004552850714051809
            0.9775390625    0.004935780836336308     0.00493578083633531
       1.027669270833333    0.005335129644018547    0.005335129644015878
       1.077799479166667    0.005750669233564126    0.005750669233559031
            1.1279296875    0.006182121986415458     0.00618212198640805
       1.178059895833333    0.006629169167373354    0.006629169167360113
       1.228190104166667     0.00709145726243746    0.007091457262427499
            1.2783203125    0.007568602745628015    0.007568602745614965
       1.328450520833333    0.008060195737748396    0.008060195737732829
       1.378580729166667    0.008565802873370661    0.008565802873356071
            1.4287109375    0.009084969594247243    0.009084969594228224
       1.478841145833333    0.009617222023292139     0.00961722202327131
       1.528971354166667     0.01016206852857399      0.0101620685285546
            1.5791015625     0.01071900105573503     0.01071900105571722
       1.629231770833333     0.01128749628624389     0.01128749628621942
       1.679361979166667     0.01186701666353543     0.01186701666352055
            1.7294921875     0.01245701131829538     0.01245701131826991
       1.779622395833333       0.013056916915754     0.01305691691573936
       1.829752604166667     0.01366615844331387     0.01366615844329146
            1.8798828125     0.01428414995081525     0.01428414995079372
       1.930013020833333     0.01491029525418314     0.01491029525415789
       1.980143229166667      0.0155439886097092     0.01554398860968954
            2.0302734375     0.01618461536513195     0.01618461536511382
       2.080403645833333     0.01683155259154723     0.01683155259152556
       2.130533854166667     0.01748416970025246     0.01748416970023227
            2.1806640625     0.01814182904662662     0.01814182904661503
       2.230794270833333     0.01880388652313487      0.0188038865231163
       2.280924479166667     0.01946969214310669     0.01946969214308547
            2.3310546875     0.02013859061626883      0.0201385906162449
       2.381184895833333     0.02080992191678115     0.02080992191676127
       2.431315104166667     0.02148302184452255     0.02148302184450432
            2.4814453125     0.02215722257997157     0.02215722257995232
       2.531575520833333      0.0228318532327498     0.02283185323274219
       2.581705729166667     0.02350624038427507     0.02350624038426272
            2.6318359375      0.0241797086241968     0.02417970862418517
       2.681966145833333      0.0248515810807917     0.02485158108077395
       2.732096354166667     0.02552117994515764      0.0255211799451459
            2.7822265625     0.02618782698920754     0.02618782698919626
       2.832356770833333     0.02685084407709016     0.02685084407707614
       2.882486979166667     0.02750955366994989     0.02750955366993967
            2.9326171875     0.02816327932405747     0.02816327932404723
       2.982747395833333     0.02881134618151231     0.02881134618149881
       3.032877604166667     0.02945308145384061     0.02945308145383042
            3.0830078125     0.03008781489820597     0.03008781489819726
       3.133138020833333     0.03071487928569798      0.0307148792856865
       3.183268229166667     0.03133361086180629     0.03133361086179905
            3.2333984375     0.03194334979889814     0.03194334979888808
       3.283528645833333     0.03254344064014424     0.03254344064013305
       3.333658854166667     0.03313323273489877     0.03313323273488512
            3.3837890625     0.03371208066562728     0.03371208066561417
       3.433919270833333     0.03427934466578435     0.03427934466577037
       3.484049479166667     0.03483439102871247     0.03483439102870081
            3.5341796875     0.03537659250751194     0.03537659250749613
       3.584309895833333     0.03590532870546272     0.03590532870544526
       3.634440104166667     0.03641998645693626     0.03641998645691438
            3.6845703125     0.03691996019904832     0.03691996019902838
       3.734700520833333     0.03740465233348348     0.03740465233345938
       3.784830729166667     0.03787347357865332      0.0378734735786283
            3.8349609375     0.03832584331234795     0.03832584331231709
       3.885091145833333      0.0387611899041688     0.03876118990413843
       3.935221354166667     0.03917895103825811     0.03917895103821745
            3.9853515625     0.03957857402603885     0.03957857402600384
       4.035481770833334     0.03995951610918934     0.03995951610915108
       4.085611979166667     0.04032124475241743     0.04032124475237831
            4.1357421875     0.04066323792656228     0.04066323792651999
       4.185872395833334     0.04098498438162444     0.04098498438157917
       4.236002604166667     0.04128598390959195     0.04128598390954807
            4.2861328125     0.04156574759771574     0.04156574759766252
       4.336263020833334     0.04182379807169384     0.04182379807163306
       4.386393229166667     0.04205966972901843     0.04205966972895802
            4.4365234375       0.042272908962758     0.04227290896270348
       4.486653645833334     0.04246307437538117     0.04246307437532813
       4.536783854166667     0.04262973698276482     0.04262973698271179
            4.5869140625     0.04277248040878816     0.04277248040872838
       4.637044270833334     0.04289090107035043     0.04289090107028402
       4.687174479166667     0.04298460835282089     0.04298460835274925
            4.7373046875     0.04305322477626683     0.04305322477620174
       4.787434895833334     0.04309638615240868     0.04309638615233718
       4.837565104166667     0.04311374173192383     0.04311374173185777
            4.8876953125     0.04310495434308347     0.04310495434302243
       4.937825520833334     0.04306970052124134     0.04306970052117914
       4.987955729166667     0.04300767062918903     0.04300767062913984
            5.0380859375     0.04291856896911576     0.04291856896906149
       5.088216145833334      0.0428021138855187     0.04280211388546123
       5.138346354166667     0.04265803785946763     0.04265803785940069
            5.1884765625     0.04248608759446968     0.04248608759441345
       5.238606770833334     0.04228602409396505     0.04228602409391304
       5.288736979166667     0.04205762273033917     0.04205762273028575
            5.3388671875     0.04180067330593775     0.04180067330589132
       5.388997395833334     0.04151498010610365     0.04151498010606396
       5.439127604166667     0.04120036194381708     0.04120036194377173
            5.4892578125     0.04085665219668642     0.04085665219664676
       5.539388020833334     0.04048369883636735     0.04048369883632282
       5.589518229166667     0.04008136444985513      0.0400813644498046
            5.6396484375     0.03964952625372559     0.03964952625366557
       5.689778645833334      0.0391880761007395     0.03918807610068981
       5.739908854166667      0.0386969204790323      0.0386969204789841
            5.7900390625     0.03817598050387394     0.03817598050382748
       5.840169270833334     0.03762519190273717     0.03762519190268819
       5.890299479166667     0.03704450499284893     0.03704450499279333
            5.9404296875     0.03643388465212914      0.0364338846520698
       5.990559895833334     0.03579331028323354     0.03579331028317922
       6.040690104166667     0.03512277577067626     0.03512277577062957
            6.0908203125     0.03442228943121996     0.03442228943116597
       6.140950520833334     0.03369187395795368     0.03369187395790575
       6.191080729166667     0.03293156635758934     0.03293156635753508
            6.2412109375     0.03214141788147099     0.03214141788141391
       6.291341145833334     0.03132149395053734     0.03132149395048824
       6.341471354166667     0.03047187407358289      0.0304718740735367
            6.3916015625     0.02959265175942498     0.02959265175938034
       6.441731770833334     0.02868393442334398     0.02868393442330425
       6.491861979166667       0.027745843287064      0.0277458432870217
            6.5419921875     0.02677851327304706      0.0267785132730149
       6.592122395833334     0.02578209289320062     0.02578209289316908
       6.642252604166667     0.02475674413129073     0.02475674413126529
            6.6923828125     0.02370264231985889     0.02370264231983325
       6.742513020833334     0.02261997601165538     0.02261997601161799
       6.792643229166667     0.02150894684521496     0.02150894684518735
            6.8427734375     0.02036976940523604     0.02036976940520639
       6.892903645833334      0.0192026710775246     0.01920267107750401
       6.943033854166667     0.01800789189840548     0.01800789189840141
            6.9931640625     0.01678568439896385     0.01678568439896128
       7.043294270833334     0.01553631344402583     0.01553631344401949
       7.093424479166667     0.01426005606599772     0.01426005606599478
            7.1435546875     0.01295720129367262     0.01295720129365607
       7.193684895833334     0.01162804997619587     0.01162804997619039
       7.243815104166667     0.01027291460194066     0.01027291460194305
            7.2939453125    0.008892119112352615    0.008892119112356468
       7.344075520833334    0.007485998711406707    0.007485998711419042
       7.394205729166667    0.006054899669958912      0.0060548996699787
            7.4443359375    0.004599179125635435    0.004599179125656574
       7.494466145833334    0.003119204878442996    0.003119204878454297
       7.544596354166667    0.001615355181426847    0.001615355181442306
            7.5947265625   8.801852716300243e-05   8.801852717523639e-05
       7.644856770833334   -0.001462406570058275   -0.001462406570039098
       7.694986979166667   -0.003035511796421832   -0.003035511796398363
            7.7451171875   -0.004630879264908776   -0.004630879264887307
       7.795247395833334   -0.006248081745412123   -0.006248081745387771
       7.845377604166667    -0.00788668289905323   -0.007886682899026189
            7.8955078125   -0.009546237516586561   -0.009546237516569099
       7.945638020833334    -0.01122629176017368    -0.01122629176015292
       7.995768229166667    -0.01292638340916384    -0.01292638340914755
            8.0458984375     -0.0146460421094983    -0.01464604210949698
       8.096028645833334    -0.01638478962625888    -0.01638478962625316
       8.146158854166668    -0.01814214009976411    -0.01814214009975042
            8.1962890625    -0.01991760030522973    -0.01991760030521399
       8.246419270833334     -0.0217106699151934    -0.02171066991518334
       8.296549479166668    -0.02352084176528721    -0.02352084176526818
            8.3466796875    -0.02534760212285576    -0.02534760212284239
       8.396809895833334    -0.02719043095815473    -0.02719043095814323
       8.446940104166668    -0.02904880221846715    -0.02904880221845063
            8.4970703125    -0.03092218410480614     -0.0309221841047826
       8.547200520833334    -0.03281003935084143    -0.03281003935081872
       8.597330729166668     -0.0347118255043509    -0.03471182550432988
            8.6474609375    -0.03662699521083097    -0.03662699521080021
       8.697591145833334     -0.0385549964986449    -0.03855499649861717
       8.747721354166668    -0.04049527306650862    -0.04049527306647206
            8.7978515625    -0.04244726457258432    -0.04244726457254323
       8.847981770833334    -0.04441040692497225    -0.04441040692493785
       8.898111979166668    -0.04638413257381366    -0.04638413257378836
            8.9482421875    -0.04836787080470555    -0.04836787080468465
       8.998372395833334    -0.05036104803268687    -0.05036104803266329
       9.048502604166668    -0.05236308809755082    -0.05236308809750893
            9.0986328125    -0.05437341255991533    -0.05437341255987804
       9.148763020833334     -0.0563914409977027     -0.0563914409976613
       9.198893229166668     -0.0584165913031016    -0.05841659130305661
            9.2490234375    -0.06044827997989571    -0.06044827997986536
       9.299153645833334    -0.06248592244050547    -0.06248592244048164
       9.349283854166668    -0.06452893330296247    -0.06452893330293055
            9.3994140625    -0.06657672668786711    -0.06657672668782535
       9.449544270833334    -0.06862871651448263    -0.06862871651443889
       9.499674479166668    -0.07068431679636827    -0.07068431679633179
            9.5498046875    -0.07274294193624414    -0.07274294193619475
       9.599934895833334     -0.0748040070192687    -0.07480400701922327
       9.650065104166668    -0.07686692810550153    -0.07686692810546346
            9.7001953125    -0.07893112252082855    -0.07893112252079257
       9.750325520833334    -0.08099600914614888    -0.08099600914610727
       9.800455729166668    -0.08306100870478253    -0.08306100870475056
            9.8505859375    -0.08512554404806162    -0.08512554404803052
       9.900716145833334    -0.08718904043824033    -0.08718904043819872
       9.950846354166668    -0.08925092582916837    -0.08925092582912228
           10.0009765625    -0.09131063114463341    -0.09131063114458354
       10.05110677083333    -0.09336759055348696    -0.09336759055345278
       10.10123697916667     -0.0954212417421347    -0.09542124174209968
           10.1513671875    -0.09747102618372169    -0.09747102618368612
       10.20149739583333    -0.09951638940377142    -0.09951638940374133
       10.25162760416667     -0.1015567812423963     -0.1015567812423723
           10.3017578125     -0.1035916561129528      -0.103591656112925
       10.35188802083333     -0.1056204732564126     -0.1056204732563821
       10.40201822916667     -0.1076426969919552     -0.1076426969919359
           10.4521484375     -0.1096577969633206      -0.109657796963321
       10.50227864583333     -0.1116652483803748     -0.1116652483803736
       10.55240885416667     -0.1136645322561365     -0.1136645322561333
           10.6025390625     -0.1156551356393529     -0.1156551356393584
       10.65266927083333      -0.117636551841837     -0.1176365518418322
       10.70279947916667     -0.1196082806606763     -0.1196082806606726
           10.7529296875     -0.1215698285955297     -0.1215698285955398
       10.80305989583333     -0.1235207090601409       -0.12352070906015
       10.85319010416667     -0.1254604425882855     -0.1254604425883061
           10.9033203125     -0.1273885570343841     -0.1273885570343992
       10.95345052083333     -0.1293045877679689     -0.1293045877679755
       11.00358072916667      -0.131208077862359     -0.1312080778623622
           11.0537109375     -0.1330985782773654     -0.1330985782773664
       11.10384114583333     -0.1349756480354676     -0.1349756480354665
       11.15397135416667     -0.1368388543919095     -0.1368388543919144
           11.2041015625      -0.138687772998424     -0.1386877729984267
       11.25423177083333     -0.1405219880603392     -0.1405219880603416
       11.30436197916667     -0.1423410924871172     -0.1423410924871165
           11.3544921875     -0.1441446880364072     -0.1441446880364141
       11.40462239583333     -0.1459323854509884      -0.145932385450992
       11.45475260416667     -0.1477038045890378     -0.1477038045890381
           11.5048828125     -0.1494585745475673     -0.1494585745475706
       11.55501302083333     -0.1511963337788852     -0.1511963337788633
       11.60514322916667      -0.152916730199841     -0.1529167301998156
           11.6552734375     -0.1546194212944884     -0.1546194212944681
       11.70540364583333     -0.1563040742092082      -0.156304074209188
       11.75553385416667     -0.1579703658406697     -0.1579703658406437
           11.8056640625     -0.1596179829172775     -0.1596179829172569
       11.85579427083333     -0.1612466220754437     -0.1612466220754129
       11.90592447916667     -0.1628559898973387     -0.1628559898972963
           11.9560546875     -0.1644458030905614     -0.1644458030905095
       12.00618489583333     -0.1660157886411096     -0.1660157886410586
       12.05631510416667     -0.1675656797417729     -0.1675656797417316
           12.1064453125     -0.1690952383612007     -0.1690952383611489
       12.15657552083333     -0.1706042243628858     -0.1706042243628366
       12.20670572916667     -0.1720920577750306      -0.172092057774993
           12.2568359375     -0.1735602543144096     -0.1735602543143598
       12.30696614583333     -0.1750063455797845     -0.1750063455797278
       12.35709635416667     -0.1764137710460545     -0.1764137710460034
           12.4072265625      -0.177883467068461     -0.1778834670684194
       12.45735677083333     -0.1792097639286029     -0.1792097639285668
       12.50748697916667     -0.1802664371226695     -0.1802664371226328
           12.5576171875     -0.1825088539935122     -0.1825088539934671
       12.60774739583333     -0.1824414363364972     -0.1824414363364553
       12.65787760416667      -0.183929790165336     -0.1839297901652942
           12.7080078125     -0.1263595929834658     -0.1263595929834281
       12.75813802083333     -0.2574897831481446     -0.2574897831481231
       12.80826822916667      -0.309148440253979     -0.3091484402539683
           12.8583984375     -0.4426641542061289     -0.4426641542061089
       12.90852864583333     -0.3732395226454687     -0.3732395226454401
       12.95865885416667     -0.2128131763279397     -0.2128131763279099
           13.0087890625     -0.1297641535024285     -0.1297641535024025
