# File created on Wed Jul  8 11:31:12 2026
# Data for Inflation GW initial data initial data at coord time 0.0377973 and central proper time 0.0377973
# Evolved with (264,10,9) gridpoints (including 4 ghosts)
# Evolution with geodesic slicing and constant shift shift condition 
# data for phi = 3.14159
#              r           theta                a_tt
#===============================================================
     0.025065104      0.78539816   2.160757018070049e-07
     0.025065104       2.3561945   2.160763892454613e-07

     0.075195312      0.78539816   1.943049649913959e-06
     0.075195312       2.3561945    1.94305031084988e-06

      0.12532552      0.78539816   5.388257970814642e-06
      0.12532552       2.3561945   5.388258432496526e-06

      0.17545573      0.78539816   1.053423574122889e-05
      0.17545573       2.3561945   1.053423603621504e-05

      0.22558594      0.78539816   1.735480408998894e-05
      0.22558594       2.3561945   1.735480429670201e-05

      0.27571615      0.78539816   2.581510104782922e-05
      0.27571615       2.3561945    2.58151012124104e-05

      0.32584635      0.78539816   3.587161543130065e-05
      0.32584635       2.3561945   3.587161556194709e-05

      0.37597656      0.78539816   4.747223120173339e-05
      0.37597656       2.3561945   4.747223130366625e-05

      0.42610677      0.78539816   6.055628045974186e-05
      0.42610677       2.3561945   6.055628054175819e-05

      0.47623698      0.78539816   7.505460525732621e-05
      0.47623698       2.3561945   7.505460532516935e-05

      0.52636719      0.78539816   9.088962774004216e-05
      0.52636719       2.3561945   9.088962779489813e-05

       0.5764974      0.78539816    0.000107975428863358
       0.5764974       2.3561945   0.0001079754289066232

       0.6266276      0.78539816   0.0001262178355794632
       0.6266276       2.3561945   0.0001262178356143588

      0.67675781      0.78539816   0.0001455145160729595
      0.67675781       2.3561945   0.0001455145160995804

      0.72688802      0.78539816   0.0001657550833487385
      0.72688802       2.3561945   0.0001657550833690701

      0.77701823      0.78539816   0.0001868212069737712
      0.77701823       2.3561945   0.0001868212069885505

      0.82714844      0.78539816   0.0002085867325220375
      0.82714844       2.3561945   0.0002085867325323736

      0.87727865      0.78539816   0.0002309178088309022
      0.87727865       2.3561945   0.0002309178088391251

      0.92740885      0.78539816   0.0002536730229028215
      0.92740885       2.3561945   0.0002536730229075321

      0.97753906      0.78539816    0.000276703542060919
      0.97753906       2.3561945   0.0002767035420602764

       1.0276693      0.78539816    0.000299853263478589
       1.0276693       2.3561945   0.0002998532634728829

       1.0777995      0.78539816   0.0003229589709266452
       1.0777995       2.3561945   0.0003229589709179178

       1.1279297      0.78539816   0.0003458504981962623
       1.1279297       2.3561945   0.0003458504981852664

       1.1780599      0.78539816   0.0003683508992621572
       1.1780599       2.3561945   0.0003683508992487097

       1.2281901      0.78539816   0.0003902766249784318
       1.2281901       2.3561945   0.0003902766249645047

       1.2783203      0.78539816   0.0004114377058830598
       1.2783203       2.3561945   0.0004114377058650612

       1.3284505      0.78539816   0.0004316379411649526
       1.3284505       2.3561945   0.0004316379411421716

       1.3785807      0.78539816   0.0004506750935532006
       1.3785807       2.3561945   0.0004506750935284856

       1.4287109      0.78539816   0.0004683410896456602
       1.4287109       2.3561945   0.0004683410896195845

       1.4788411      0.78539816   0.0004844222256388273
       1.4788411       2.3561945   0.0004844222256086755

       1.5289714      0.78539816   0.0004986993782123356
       1.5289714       2.3561945   0.0004986993781787765

       1.5791016      0.78539816   0.0005109482201811642
       1.5791016       2.3561945   0.0005109482201462462

       1.6292318      0.78539816   0.0005209394408426983
       1.6292318       2.3561945   0.0005209394408060436

        1.679362      0.78539816   0.0005284389707864638
        1.679362       2.3561945    0.000528438970750085

       1.7294922      0.78539816    0.000533208210691643
       1.7294922       2.3561945    0.000533208210656148

       1.7796224      0.78539816   0.0005350042640221694
       1.7796224       2.3561945   0.0005350042639868052

       1.8297526      0.78539816   0.0005335801733491287
       1.8297526       2.3561945   0.0005335801733199086

       1.8798828      0.78539816   0.0005286851599264311
       1.8798828       2.3561945   0.0005286851598980358

        1.930013      0.78539816   0.0005200648663978181
        1.930013       2.3561945   0.0005200648663690535

       1.9801432      0.78539816    0.000507461602356551
       1.9801432       2.3561945   0.0005074616023292248

       2.0302734      0.78539816   0.0004906145923690884
       2.0302734       2.3561945   0.0004906145923398804

       2.0804036      0.78539816   0.0004692602262938596
       2.0804036       2.3561945   0.0004692602262577358

       2.1305339      0.78539816   0.0004431323116125546
       2.1305339       2.3561945   0.0004431323115752376

       2.1806641      0.78539816   0.0004119623274613018
       2.1806641       2.3561945   0.0004119623274265804

       2.2307943      0.78539816   0.0003754796801956787
       2.2307943       2.3561945   0.0003754796801642926

       2.2809245      0.78539816   0.0003334119601458655
       2.2809245       2.3561945   0.0003334119601166931

       2.3310547      0.78539816   0.0002854851992951564
       2.3310547       2.3561945   0.0002854851992698799

       2.3811849      0.78539816   0.0002314241296579313
       2.3811849       2.3561945   0.0002314241296373952

       2.4313151      0.78539816   0.0001709524420750716
       2.4313151       2.3561945   0.0001709524420502225

       2.4814453      0.78539816   0.0001037930451747879
       2.4814453       2.3561945   0.0001037930451436651

       2.5315755      0.78539816   2.966832427145635e-05
       2.5315755       2.3561945   2.966832423747606e-05

       2.5817057      0.78539816  -5.169960010402344e-05
       2.5817057       2.3561945  -5.169960013549335e-05

       2.6318359      0.78539816  -0.0001405886142526538
       2.6318359       2.3561945  -0.0001405886142781821

       2.6819661      0.78539816  -0.0002372763541807304
       2.6819661       2.3561945  -0.0002372763542001712

       2.7320964      0.78539816  -0.0003420399495603087
       2.7320964       2.3561945  -0.0003420399495751113

       2.7822266      0.78539816  -0.0004551557689729278
       2.7822266       2.3561945  -0.0004551557689855022

       2.8323568      0.78539816  -0.0005768991666896726
       2.8323568       2.3561945  -0.0005768991667010201

        2.882487      0.78539816  -0.0007075442312773036
        2.882487       2.3561945  -0.0007075442312887331

       2.9326172      0.78539816  -0.0008473635361419261
       2.9326172       2.3561945  -0.0008473635361541591

       2.9827474      0.78539816  -0.0009966278922978371
       2.9827474       2.3561945  -0.0009966278923118036

       3.0328776      0.78539816   -0.001155606103589729
       3.0328776       2.3561945   -0.001155606103609123

       3.0830078      0.78539816    -0.00132456472446785
       3.0830078       2.3561945   -0.001324564724488064

        3.133138      0.78539816   -0.001503767820633229
        3.133138       2.3561945   -0.001503767820654126

       3.1832682      0.78539816   -0.001693476732772641
       3.1832682       2.3561945   -0.001693476732794298

       3.2333984      0.78539816   -0.001893949843444891
       3.2333984       2.3561945   -0.001893949843464083

       3.2835286      0.78539816   -0.002105442347394865
       3.2835286       2.3561945   -0.002105442347409513

       3.3336589      0.78539816   -0.002328206025482742
       3.3336589       2.3561945   -0.002328206025496401

       3.3837891      0.78539816   -0.002562489022272452
       3.3837891       2.3561945   -0.002562489022285018

       3.4339193      0.78539816   -0.002808535627599008
       3.4339193       2.3561945   -0.002808535627613016

       3.4840495      0.78539816   -0.003066586062297728
       3.4840495       2.3561945   -0.003066586062314908

       3.5341797      0.78539816   -0.003336876268080589
       3.5341797       2.3561945   -0.003336876268099339

       3.5843099      0.78539816   -0.003619637701827176
       3.5843099       2.3561945    -0.00361963770184683

       3.6344401      0.78539816   -0.003915097134436083
       3.6344401       2.3561945   -0.003915097134461803

       3.6845703      0.78539816   -0.004223476454220447
       3.6845703       2.3561945   -0.004223476454254098

       3.7347005      0.78539816   -0.004544992475184268
       3.7347005       2.3561945   -0.004544992475226457

       3.7848307      0.78539816   -0.004879856750289896
       3.7848307       2.3561945   -0.004879856750335938

       3.8349609      0.78539816   -0.005228275389638274
       3.8349609       2.3561945   -0.005228275389684653

       3.8850911      0.78539816   -0.005590448883831391
       3.8850911       2.3561945   -0.005590448883881234

       3.9352214      0.78539816   -0.005966571932619401
       3.9352214       2.3561945   -0.005966571932675243

       3.9853516      0.78539816   -0.006356833278741794
       3.9853516       2.3561945   -0.006356833278801923

       4.0354818      0.78539816   -0.006761415547294963
       4.0354818       2.3561945   -0.006761415547359415

        4.085612      0.78539816   -0.007180495090719079
        4.085612       2.3561945    -0.00718049509078645

       4.1357422      0.78539816   -0.007614241839223547
       4.1357422       2.3561945   -0.007614241839292054

       4.1858724      0.78539816   -0.008062819156929411
       4.1858724       2.3561945   -0.008062819157000229

       4.2360026      0.78539816   -0.008526383703793987
       4.2360026       2.3561945   -0.008526383703868773

       4.2861328      0.78539816   -0.009005085303152803
       4.2861328       2.3561945   -0.009005085303226365

        4.336263      0.78539816   -0.009499066815198534
        4.336263       2.3561945   -0.009499066815273859

       4.3863932      0.78539816    -0.01000846401648945
       4.3863932       2.3561945    -0.01000846401657172

       4.4365234      0.78539816    -0.01053340548521453
       4.4365234       2.3561945     -0.0105334054853088

       4.4866536      0.78539816    -0.01107401249246743
       4.4866536       2.3561945    -0.01107401249257501

       4.5367839      0.78539816    -0.01163039889956839
       4.5367839       2.3561945    -0.01163039889967851

       4.5869141      0.78539816    -0.01220267106124362
       4.5869141       2.3561945    -0.01220267106134852

       4.6370443      0.78539816    -0.01279092773495365
       4.6370443       2.3561945    -0.01279092773505155

       4.6871745      0.78539816     -0.0133952599963927
       4.6871745       2.3561945    -0.01339525999648844

       4.7373047      0.78539816     -0.0140157511608877
       4.7373047       2.3561945    -0.01401575116098631

       4.7874349      0.78539816    -0.01465247671090049
       4.7874349       2.3561945    -0.01465247671100288

       4.8375651      0.78539816    -0.01530550422963753
       4.8375651       2.3561945    -0.01530550422974426

       4.8876953      0.78539816    -0.01597489334056736
       4.8876953       2.3561945    -0.01597489334067931

       4.9378255      0.78539816    -0.01666069565310677
       4.9378255       2.3561945    -0.01666069565322367

       4.9879557      0.78539816     -0.0173629547144136
       4.9879557       2.3561945    -0.01736295471452942

       5.0380859      0.78539816    -0.01808170596703402
       5.0380859       2.3561945    -0.01808170596713939

       5.0882161      0.78539816    -0.01881697671258176
       5.0882161       2.3561945    -0.01881697671267185

       5.1383464      0.78539816    -0.01956878608142017
       5.1383464       2.3561945    -0.01956878608149804

       5.1884766      0.78539816    -0.02033714500811878
       5.1884766       2.3561945    -0.02033714500818614

       5.2386068      0.78539816    -0.02112205621287755
       5.2386068       2.3561945    -0.02112205621294562

        5.288737      0.78539816     -0.0219235141889013
        5.288737       2.3561945    -0.02192351418897606

       5.3388672      0.78539816    -0.02274150519540335
       5.3388672       2.3561945    -0.02274150519548176

       5.3889974      0.78539816    -0.02357600725640267
       5.3889974       2.3561945    -0.02357600725648165

       5.4391276      0.78539816    -0.02442699016526403
       5.4391276       2.3561945    -0.02442699016534474

       5.4892578      0.78539816    -0.02529441549472702
       5.4892578       2.3561945    -0.02529441549480961

        5.539388      0.78539816    -0.02617823661257319
        5.539388       2.3561945    -0.02617823661264801

       5.5895182      0.78539816    -0.02707839870292894
       5.5895182       2.3561945    -0.02707839870299216

       5.6396484      0.78539816    -0.02799483879286651
       5.6396484       2.3561945    -0.02799483879292429

       5.6897786      0.78539816     -0.0289274857844095
       5.6897786       2.3561945    -0.02892748578447236

       5.7399089      0.78539816    -0.02987626049187587
       5.7399089       2.3561945    -0.02987626049195422

       5.7900391      0.78539816    -0.03084107568433053
       5.7900391       2.3561945    -0.03084107568441523

       5.8401693      0.78539816     -0.0318218361332389
       5.8401693       2.3561945    -0.03182183613332334

       5.8902995      0.78539816    -0.03281843866529945
       5.8902995       2.3561945    -0.03281843866538654

       5.9404297      0.78539816    -0.03383077222012485
       5.9404297       2.3561945    -0.03383077222021703

       5.9905599      0.78539816    -0.03485871791284983
       5.9905599       2.3561945     -0.0348587179129445

       6.0406901      0.78539816    -0.03590214910157881
       6.0406901       2.3561945    -0.03590214910167718

       6.0908203      0.78539816    -0.03696093145944158
       6.0908203       2.3561945    -0.03696093145954184

       6.1409505      0.78539816    -0.03803492305134477
       6.1409505       2.3561945     -0.0380349230514343

       6.1910807      0.78539816    -0.03912397441532162
       6.1910807       2.3561945    -0.03912397441539662

       6.2412109      0.78539816    -0.04022792864821877
       6.2412109       2.3561945    -0.04022792864828757

       6.2913411      0.78539816     -0.0413466214957492
       6.2913411       2.3561945    -0.04134662149581998

       6.3414714      0.78539816    -0.04247988144680166
       6.3414714       2.3561945    -0.04247988144687627

       6.3916016      0.78539816    -0.04362752983179145
       6.3916016       2.3561945    -0.04362752983186535

       6.4417318      0.78539816    -0.04478938092507289
       6.4417318       2.3561945    -0.04478938092514303

        6.491862      0.78539816    -0.04596524205140849
        6.491862       2.3561945    -0.04596524205147407

       6.5419922      0.78539816    -0.04715491369612249
       6.5419922       2.3561945    -0.04715491369618726

       6.5921224      0.78539816    -0.04835818961899668
       6.5921224       2.3561945    -0.04835818961906142

       6.6422526      0.78539816    -0.04957485697180204
       6.6422526       2.3561945    -0.04957485697185304

       6.6923828      0.78539816    -0.05080469641922096
       6.6923828       2.3561945    -0.05080469641925939

        6.742513      0.78539816    -0.05204748226325355
        6.742513       2.3561945    -0.05204748226328264

       6.7926432      0.78539816    -0.05330298257092145
       6.7926432       2.3561945    -0.05330298257094508

       6.8427734      0.78539816    -0.05457095930507045
       6.8427734       2.3561945    -0.05457095930509388

       6.8929036      0.78539816    -0.05585116845824491
       6.8929036       2.3561945    -0.05585116845827445

       6.9430339      0.78539816    -0.05714336018950567
       6.9430339       2.3561945     -0.0571433601895454

       6.9931641      0.78539816    -0.05844727896400336
       6.9931641       2.3561945    -0.05844727896404276

       7.0432943      0.78539816     -0.0597626636953172
       7.0432943       2.3561945    -0.05976266369534376

       7.0934245      0.78539816    -0.06108924789041845
       7.0934245       2.3561945    -0.06108924789042791

       7.1435547      0.78539816    -0.06242675979705781
       7.1435547       2.3561945    -0.06242675979705478

       7.1936849      0.78539816    -0.06377492255353974
       7.1936849       2.3561945    -0.06377492255353062

       7.2438151      0.78539816    -0.06513345434074713
       7.2438151       2.3561945    -0.06513345434073413

       7.2939453      0.78539816    -0.06650206853622667
       7.2939453       2.3561945    -0.06650206853621253

       7.3440755      0.78539816    -0.06788047387036024
       7.3440755       2.3561945    -0.06788047387034656

       7.3942057      0.78539816    -0.06926837458445403
       7.3942057       2.3561945    -0.06926837458444203

       7.4443359      0.78539816    -0.07066547059055148
       7.4443359       2.3561945    -0.07066547059053731

       7.4944661      0.78539816    -0.07207145763292928
       7.4944661       2.3561945    -0.07207145763290379

       7.5445964      0.78539816    -0.07348602745115219
       7.5445964       2.3561945    -0.07348602745111257

       7.5947266      0.78539816    -0.07490886794451716
       7.5947266       2.3561945     -0.0749088679444755

       7.6448568      0.78539816    -0.07633966333789532
       7.6448568       2.3561945    -0.07633966333785827

        7.694987      0.78539816    -0.07777809434875137
        7.694987       2.3561945    -0.07777809434871794

       7.7451172      0.78539816    -0.07922383835522163
       7.7451172       2.3561945    -0.07922383835518725

       7.7952474      0.78539816    -0.08067656956518444
       7.7952474       2.3561945    -0.08067656956514824

       7.8453776      0.78539816    -0.08213595918620603
       7.8453776       2.3561945    -0.08213595918617539

       7.8955078      0.78539816    -0.08360167559622705
       7.8955078       2.3561945    -0.08360167559620042

        7.945638      0.78539816    -0.08507338451486372
        7.945638       2.3561945    -0.08507338451483216

       7.9957682      0.78539816    -0.08655074917529029
       7.9957682       2.3561945    -0.08655074917525125

       8.0458984      0.78539816    -0.08803343049650639
       8.0458984       2.3561945    -0.08803343049646747

       8.0960286      0.78539816    -0.08952108725590949
       8.0960286       2.3561945    -0.08952108725588154

       8.1461589      0.78539816    -0.09101337626206442
       8.1461589       2.3561945    -0.09101337626205346

       8.1962891      0.78539816    -0.09250995252755928
       8.1962891       2.3561945    -0.09250995252755977

       8.2464193      0.78539816     -0.0940104694418589
       8.2464193       2.3561945    -0.09401046944186489

       8.2965495      0.78539816    -0.09551457894403442
       8.2965495       2.3561945    -0.09551457894403993

       8.3466797      0.78539816    -0.09702193169524162
       8.3466797       2.3561945    -0.09702193169524088

       8.3968099      0.78539816    -0.09853217725088802
       8.3968099       2.3561945    -0.09853217725087747

       8.4469401      0.78539816     -0.1000449642323726
       8.4469401       2.3561945     -0.1000449642323505

       8.4970703      0.78539816     -0.1015599404982652
       8.4970703       2.3561945     -0.1015599404982295

       8.5472005      0.78539816     -0.1030767533148827
       8.5472005       2.3561945     -0.1030767533148366

       8.5973307      0.78539816     -0.1045950495261116
       8.5973307       2.3561945     -0.1045950495260524

       8.6474609      0.78539816     -0.1061144757223861
       8.6474609       2.3561945     -0.1061144757223188

       8.6975911      0.78539816     -0.1076346784087621
       8.6975911       2.3561945     -0.1076346784087025

       8.7477214      0.78539816     -0.1091553041719736
       8.7477214       2.3561945     -0.1091553041719226

       8.7978516      0.78539816     -0.1106759998463611
       8.7978516       2.3561945     -0.1106759998463085

       8.8479818      0.78539816     -0.1121964126786024
       8.8479818       2.3561945     -0.1121964126785469

        8.898112      0.78539816     -0.1137161904911338
        8.898112       2.3561945     -0.1137161904910789

       8.9482422      0.78539816     -0.1152349818442032
       8.9482422       2.3561945     -0.1152349818441531

       8.9983724      0.78539816     -0.1167524361964452
       8.9983724       2.3561945     -0.1167524361964042

       9.0485026      0.78539816     -0.1182682040638961
       9.0485026       2.3561945     -0.1182682040638669

       9.0986328      0.78539816     -0.1197819371774173
       9.0986328       2.3561945     -0.1197819371773994

        9.148763      0.78539816     -0.1212932886383671
        9.148763       2.3561945     -0.1212932886383449

       9.1988932      0.78539816     -0.1228019130724311
       9.1988932       2.3561945     -0.1228019130723883

       9.2490234      0.78539816     -0.1243074667816311
       9.2490234       2.3561945     -0.1243074667815655

       9.2991536      0.78539816     -0.1258096078943768
       9.2991536       2.3561945     -0.1258096078942993

       9.3492839      0.78539816     -0.1273079965134752
       9.3492839       2.3561945     -0.1273079965133966

       9.3994141      0.78539816     -0.1288022948620895
       9.3994141       2.3561945     -0.1288022948620116

       9.4495443      0.78539816     -0.1302921674274956
       9.4495443       2.3561945     -0.1302921674274246

       9.4996745      0.78539816     -0.1317772811025734
       9.4996745       2.3561945     -0.1317772811025126

       9.5498047      0.78539816     -0.1332573053250482
       9.5498047       2.3561945     -0.1332573053249939

       9.5999349      0.78539816      -0.134731912214339
       9.5999349       2.3561945     -0.1347319122142869

       9.6500651      0.78539816     -0.1362007767059645
       9.6500651       2.3561945     -0.1362007767059144

       9.7001953      0.78539816      -0.137663576683554
       9.7001953       2.3561945     -0.1376635766835034

       9.7503255      0.78539816       -0.13911999310826
       9.7503255       2.3561945     -0.1391199931082067

       9.8004557      0.78539816     -0.1405697101455079
       9.8004557       2.3561945     -0.1405697101454526

       9.8505859      0.78539816     -0.1420124152891616
       9.8505859       2.3561945     -0.1420124152891062

       9.9007161      0.78539816      -0.143447799482982
       9.9007161       2.3561945     -0.1434477994829276

       9.9508464      0.78539816     -0.1448755572393158
       9.9508464       2.3561945     -0.1448755572392619

       10.000977      0.78539816     -0.1462953867550404
       10.000977       2.3561945     -0.1462953867549852

       10.051107      0.78539816     -0.1477069900246051
       10.051107       2.3561945     -0.1477069900245453

       10.101237      0.78539816     -0.1491100729501651
       10.101237       2.3561945     -0.1491100729500938

       10.151367      0.78539816     -0.1505043454488412
       10.151367       2.3561945     -0.1505043454487642

       10.201497      0.78539816     -0.1518895215570058
       10.201497       2.3561945       -0.15188952155694

       10.251628      0.78539816     -0.1532653195315471
       10.251628       2.3561945     -0.1532653195314927

       10.301758      0.78539816     -0.1546314619481408
       10.301758       2.3561945     -0.1546314619481009

       10.351888      0.78539816     -0.1559876757964532
       10.351888       2.3561945     -0.1559876757964241

       10.402018      0.78539816     -0.1573336925721648
       10.402018       2.3561945     -0.1573336925721458

       10.452148      0.78539816     -0.1586692483659657
       10.452148       2.3561945     -0.1586692483659554

       10.502279      0.78539816     -0.1599940839493665
       10.502279       2.3561945      -0.159994083949361

       10.552409      0.78539816     -0.1613079448573136
       10.552409       2.3561945     -0.1613079448573201

       10.602539      0.78539816     -0.1626105814677403
       10.602539       2.3561945     -0.1626105814677601

       10.652669      0.78539816      -0.163901749077804
       10.652669       2.3561945     -0.1639017490778317

       10.702799      0.78539816     -0.1651812079768543
       10.702799       2.3561945     -0.1651812079768799

        10.75293      0.78539816      -0.166448723516256
        10.75293       2.3561945     -0.1664487235162697

        10.80306      0.78539816     -0.1677040661759505
        10.80306       2.3561945       -0.16770406617595

        10.85319      0.78539816      -0.168947011627731
        10.85319       2.3561945     -0.1689470116277254

        10.90332      0.78539816     -0.1701773407953119
        10.90332       2.3561945     -0.1701773407953128

       10.953451      0.78539816     -0.1713948399111067
       10.953451       2.3561945     -0.1713948399111146

       11.003581      0.78539816     -0.1725993005696463
       11.003581       2.3561945     -0.1725993005696622

       11.053711      0.78539816     -0.1737905197778316
       11.053711       2.3561945     -0.1737905197778522

       11.103841      0.78539816     -0.1749683000018759
       11.103841       2.3561945     -0.1749683000018931

       11.153971      0.78539816      -0.176132449210954
       11.153971       2.3561945       -0.17613244921097

       11.204102      0.78539816     -0.1772827809177119
       11.204102       2.3561945     -0.1772827809177211

       11.254232      0.78539816     -0.1784191142153949
       11.254232       2.3561945     -0.1784191142153947

       11.304362      0.78539816     -0.1795412738117204
       11.304362       2.3561945     -0.1795412738117154

       11.354492      0.78539816     -0.1806490900596016
       11.354492       2.3561945     -0.1806490900595958

       11.404622      0.78539816     -0.1817423989846154
       11.404622       2.3561945     -0.1817423989846066

       11.454753      0.78539816     -0.1828210423092354
       11.454753       2.3561945     -0.1828210423092232

       11.504883      0.78539816     -0.1838848674739756
       11.504883       2.3561945     -0.1838848674739653

       11.555013      0.78539816     -0.1849337276552944
       11.555013       2.3561945      -0.184933727655295

       11.605143      0.78539816     -0.1859674817803117
       11.605143       2.3561945     -0.1859674817803235

       11.655273      0.78539816     -0.1869859945384828
       11.655273       2.3561945     -0.1869859945384868

       11.705404      0.78539816     -0.1879891363901295
       11.705404       2.3561945     -0.1879891363901032

       11.755534      0.78539816     -0.1889767835718733
       11.755534       2.3561945     -0.1889767835718232

       11.805664      0.78539816     -0.1899488180991393
       11.805664       2.3561945     -0.1899488180990899

       11.855794      0.78539816      -0.190905127765597
       11.855794       2.3561945     -0.1909051277655466

       11.905924      0.78539816      -0.191845606139508
       11.905924       2.3561945     -0.1918456061394417

       11.956055      0.78539816     -0.1927701525572106
       11.956055       2.3561945     -0.1927701525571314

       12.006185      0.78539816      -0.193678672113709
       12.006185       2.3561945     -0.1936786721136347

       12.056315      0.78539816     -0.1945710756503684
       12.056315       2.3561945     -0.1945710756502986

       12.106445      0.78539816     -0.1954472797397706
       12.106445       2.3561945     -0.1954472797396899

       12.156576      0.78539816     -0.1963072066677308
       12.156576       2.3561945     -0.1963072066676498

       12.206706      0.78539816     -0.1971507844125963
       12.206706       2.3561945     -0.1971507844125233

       12.256836      0.78539816     -0.1979779466218061
       12.256836       2.3561945     -0.1979779466217413

       12.306966      0.78539816     -0.1987886325857541
       12.306966       2.3561945      -0.198788632585699

       12.357096      0.78539816     -0.1995827872090369
       12.357096       2.3561945     -0.1995827872089847

       12.407227      0.78539816     -0.2003603609791494
       12.407227       2.3561945     -0.2003603609790978

       12.457357      0.78539816       -0.20112130993262
       12.457357       2.3561945     -0.2011213099325579

       12.507487      0.78539816     -0.2018655956185706
       12.507487       2.3561945     -0.2018655956185023

       12.557617      0.78539816     -0.2025931850599439
       12.557617       2.3561945     -0.2025931850598854

       12.607747      0.78539816     -0.2033040507123086
       12.607747       2.3561945     -0.2033040507122631

       12.657878      0.78539816     -0.2039981704202755
       12.657878       2.3561945     -0.2039981704202286

       12.708008      0.78539816     -0.2046755273716825
       12.708008       2.3561945     -0.2046755273716235

       12.758138      0.78539816     -0.2053361100495152
       12.758138       2.3561945     -0.2053361100494505

       12.808268      0.78539816     -0.2059799121816108
       12.808268       2.3561945      -0.205979912181555

       12.858398      0.78539816     -0.2066069326882989
       12.858398       2.3561945     -0.2066069326882584

       12.908529      0.78539816     -0.2072171756279279
       12.908529       2.3561945     -0.2072171756278976

       12.958659      0.78539816     -0.2078106501403467
       12.958659       2.3561945     -0.2078106501403232

       13.008789      0.78539816     -0.2083873703885037
       13.008789       2.3561945     -0.2083873703884878

