# File created on Wed Jul  8 11:31:11 2026
# ======================================== 
# = Running code assuming AXISYMMETRY    = 
# ======================================== 
# Data for Inflation GW initial data initial data at coord. time 0.0377973 and proper central time 0.0377973
# Evolved with (264,10,9) gridpoints (including 4 ghosts)
# Evolution with geodesic slicing and constant shift
# using eighth-order spatial differencing with 4 ghost zones 
# data 1 at theta = 0 and phi = 3.14159
# data 2 at theta = 1.5708 and phi = 3.14159
#                      r                    a_tt                    a_tt
#                               (     0,3.14159)        (1.5708,3.14159)
#========================================================================
            -0.210546875   1.513470840859862e-05   1.513470825632909e-05
            -0.150390625    7.75008343481061e-06   7.750083187190462e-06
    -0.09023437500000001   2.796824058249037e-06   2.796823651045416e-06
            -0.030078125   3.111361936373137e-07   3.111357213403931e-07
             0.030078125   3.111352490434724e-07    3.11135721340393e-07
     0.09023437500000001   2.796823243841796e-06   2.796823651045416e-06
             0.150390625   7.750082939570312e-06   7.750083187190462e-06
             0.210546875   1.513470810405956e-05   1.513470825632909e-05
             0.270703125   2.489645596555925e-05   2.489645607861184e-05
             0.330859375   3.696312656980178e-05   3.696312665545097e-05
             0.391015625   5.124466844382533e-05   5.124466850750607e-05
             0.451171875   6.763331043519561e-05   6.763331048539657e-05
             0.511328125   8.600371939108287e-05   8.600371943054663e-05
             0.571484375    0.000106213183328869    0.000106213183358585
      0.6316406250000001   0.0001281018198747981   0.0001281018198977195
             0.691796875   0.0001514928095037703   0.0001514928095201446
             0.751953125   0.0001761926532335993   0.0001761926532455177
             0.812109375   0.0002019914542510024   0.0002019914542585413
             0.872265625   0.0002286632230211193   0.0002286632230268149
      0.9324218750000001   0.0002559662052785466    0.000255966205281403
             0.992578125   0.0002836432323765043   0.0002836432323749476
             1.052734375   0.0003114220933138806   0.0003114220933088022
             1.112890625   0.0003390159278635878   0.0003390159278568056
             1.173046875   0.0003661236400300788   0.0003661236400210847
             1.233203125    0.000392430331168926   0.0003924303311594608
             1.293359375   0.0004176077520200728   0.0004176077520069074
             1.353515625   0.0004413147728373524   0.0004413147728210242
             1.413671875   0.0004631978708547208   0.0004631978708377787
             1.473828125   0.0004828916342406802    0.000482891634220696
             1.533984375   0.0005000192816736463   0.0005000192816509363
             1.594140625   0.0005141931967297049   0.0005141931967060319
             1.654296875   0.0005250154761026284   0.0005250154760776376
             1.714453125   0.0005320784908401802   0.0005320784908165749
             1.774609375   0.0005349654596211807   0.0005349654595971079
             1.834765625   0.0005332510331755679   0.0005332510331562776
             1.894921875   0.0005265018889108205   0.0005265018888914946
             1.955078125   0.0005142773347472738   0.0005142773347282345
             2.015234375   0.0004961299212879276   0.0004961299212694562
             2.075390625     0.00047160606132476   0.0004716060613007794
             2.135546875   0.0004402466557174231   0.0004402466556924528
             2.195703125   0.0004015877247145226   0.0004015877246919099
             2.255859375   0.0003551610437683717   0.0003551610437481977
             2.316015625   0.0003004947828452102   0.0003004947828269381
             2.376171875   0.0002371141483492295   0.0002371141483354404
             2.436328125   0.0001645420267025042   0.0001645420266853446
             2.496484375   8.229962862995012e-05   8.229962860809333e-05
             2.556640625  -1.009286671126079e-05   -1.00928667336989e-05
             2.616796875   -0.000113115668700518  -0.0001131156687189325
             2.676953125   -0.000227248734192851  -0.0002272487342062953
             2.737109375  -0.0003529711292842819  -0.0003529711292940004
             2.797265625  -0.0004907603948071397  -0.0004907603948153347
             2.857421875  -0.0006410919163307595  -0.0006410919163382143
             2.917578125  -0.0008044382995181376  -0.0008044382995263154
             2.977734375  -0.0009812687516126033  -0.0009812687516216655
             3.037890625   -0.001172048469857105   -0.001172048469870419
             3.098046875   -0.001377238037586676   -0.001377238037600158
             3.158203125   -0.001597292828701885    -0.00159729282871634
             3.218359375   -0.001832662421241496   -0.001832662421255277
             3.278515625   -0.002083790020753988   -0.002083790020763993
             3.338671875   -0.002351111894094018    -0.00235111189410317
             3.398828125   -0.002635056814301829   -0.002635056814310257
             3.458984375   -0.002936045517128059   -0.002936045517138534
             3.519140625   -0.003254490169793902   -0.003254490169806477
             3.579296875    -0.00359079385257085   -0.003590793852583815
             3.639453125   -0.003945350053641672   -0.003945350053659478
             3.699609375   -0.004318542177785815   -0.004318542177810115
             3.759765625   -0.004710743069342226   -0.004710743069372618
             3.819921875    -0.00512231454984782   -0.005122314549878713
             3.880078125   -0.005553606970818468   -0.005553606970851601
             3.940234375   -0.006004958782036995   -0.006004958782074899
       4.000390625000001   -0.006476696115688162   -0.006476696115729319
             4.060546875   -0.006969132386680602   -0.006969132386725189
             4.120703125   -0.007482567909455869   -0.007482567909501669
             4.180859375   -0.008017289531542286   -0.008017289531589577
             4.241015625   -0.008573570284155341   -0.008573570284205724
       4.301171875000001   -0.009151669049993085   -0.009151669050042281
             4.361328125   -0.009751830248435634   -0.009751830248488344
             4.421484375    -0.01037428353840131    -0.01037428353846164
             4.481640625    -0.01101924353889139    -0.01101924353896311
             4.541796875    -0.01168690956740449    -0.01168690956747829
       4.601953125000001     -0.0123774653962887     -0.0123774653963577
             4.662109375    -0.01309107902713167    -0.01309107902719603
             4.722265625    -0.01382790248323643    -0.01382790248330203
             4.782421875     -0.0145880716201898    -0.01458807162025833
             4.842578125    -0.01537170595450263    -0.01537170595457467
       4.902734375000001    -0.01617890851036791     -0.0161789085104442
             4.962890625    -0.01700976568449132    -0.01700976568457034
             5.023046875    -0.01786434712885805    -0.01786434712893159
             5.083203125    -0.01874270565142474     -0.0187427056514862
             5.143359375    -0.01964487713463256    -0.01964487713468413
       5.203515625000001    -0.02057088047165355    -0.02057088047169781
             5.263671875    -0.02152071752015844    -0.02152071752020658
             5.323828125    -0.02249437307351877    -0.02249437307357108
             5.383984375    -0.02349181484923001    -0.02349181484928301
             5.444140625    -0.02451299349443102    -0.02451299349448539
       5.504296875000001    -0.02555784260830691    -0.02555784260836185
             5.564453125    -0.02662627878107415    -0.02662627878112014
             5.624609375    -0.02771820164943614    -0.02771820164947554
             5.684765625    -0.02883349396823878    -0.02883349396828015
             5.744921875    -0.02997202169801573    -0.02997202169806927
       5.805078125000001    -0.03113363410824751    -0.03113363410830454
             5.865234375    -0.03231816389592075    -0.03231816389597766
             5.925390625    -0.03352542731924307    -0.03352542731930434
             5.985546875    -0.03475522434615348    -0.03475522434621685
             6.045703125    -0.03600733881727688    -0.03600733881734321
       6.105859375000001    -0.03728153862308088    -0.03728153862314732
             6.166015625    -0.03857757589482657    -0.03857757589488124
             6.226171875    -0.03989518720899658    -0.03989518720904334
             6.286328125    -0.04123409380493963    -0.04123409380498692
             6.346484375     -0.0425940018152581    -0.04259400181530838
       6.406640625000001    -0.04397460250864769    -0.04397460250869666
             6.466796875    -0.04537557254472839    -0.04537557254477404
             6.526953125    -0.04679657424067654    -0.04679657424071948
             6.587109375    -0.04823725584909402    -0.04823725584913808
             6.647265625    -0.04969725184682777    -0.04969725184686097
       6.707421875000001    -0.05117618323427461    -0.05117618323429839
             6.767578125    -0.05267365784489515    -0.05267365784491246
             6.827734375    -0.05418927066441725    -0.05418927066443266
             6.887890625     -0.0557226041594313    -0.05572260415945044
             6.948046875    -0.05727322861487969    -0.05727322861490683
       7.008203125000001    -0.05884070248007945    -0.05884070248010411
             7.068359375    -0.06042457272285436     -0.0604245727228663
             7.128515625    -0.06202437519137476    -0.06202437519137466
             7.188671875    -0.06363963498332924    -0.06363963498332345
             7.248828125    -0.06526986682196043    -0.06526986682195152
       7.308984375000001    -0.06691457543851703    -0.06691457543850757
             7.369140625    -0.06857325596080568    -0.06857325596079689
             7.429296875    -0.07024539430736483    -0.07024539430735646
             7.489453125    -0.07193046758683784    -0.07193046758682173
             7.549609375     -0.0736279445021481    -0.07362794450212085
       7.609765625000001      -0.075337285759045    -0.07533728575901782
             7.669921875     -0.0770579444787088    -0.07705794447868541
             7.730078125    -0.07878936661383534    -0.07878936661381289
             7.790234375    -0.08053099136787888    -0.08053099136785438
             7.850390625    -0.08228225161706232    -0.08228225161704217
       7.910546875000001    -0.08404257433475334    -0.08404257433473522
             7.970703125    -0.08581138101770089     -0.0858113810176768
             8.030859375    -0.08758808811389962    -0.08758808811387264
       8.091015625000001     -0.0893721074515669    -0.08937210745154707
       8.151171875000001    -0.09116284666886704    -0.09116284666886072
             8.211328125    -0.09295970964398804    -0.09295970964398981
             8.271484375     -0.0947620969252119    -0.09476209692521631
             8.331640625    -0.09656940616060403     -0.0965694061606051
       8.391796875000001    -0.09838103252687699    -0.09838103252687061
       8.451953125000001     -0.1001963691571949     -0.1001963691571792
             8.512109375     -0.1020148075673827     -0.1020148075673562
             8.572265625     -0.1038357380803247     -0.1038357380802902
             8.632421875     -0.1056585502481465     -0.1056585502481013
       8.692578125000001     -0.1074826332717601     -0.1074826332717194
       8.752734375000001     -0.1093073764176253     -0.1093073764175914
             8.812890625     -0.1111321694311452     -0.1111321694311089
             8.873046875     -0.1129564029465293     -0.1129564029464919
             8.933203125     -0.1147794688928051     -0.1147794688927702
       8.993359375000001      -0.116600760895572     -0.1166007608955438
       9.053515625000001      -0.118419674674266     -0.1184196746742472
             9.113671875     -0.1202356084346155     -0.1202356084346042
             9.173828125     -0.1220479632559749      -0.122047963255954
             9.233984375     -0.1238561434732487     -0.1238561434732086
       9.294140625000001     -0.1256595570531769     -0.1256595570531253
       9.354296875000001      -0.127457615964706     -0.1274576159646534
             9.414453125     -0.1292497365431295     -0.1292497365430779
             9.474609375     -0.1310353398477742     -0.1310353398477301
             9.534765625     -0.1328138520130333     -0.1328138520129959
       9.594921875000001     -0.1345847045924367     -0.1345847045924016
       9.655078125000001     -0.1363473348955579     -0.1363473348955242
             9.715234375     -0.1381011863176103     -0.1381011863175759
             9.775390625     -0.1398457086614454     -0.1398457086614087
             9.835546875     -0.1415803584517455     -0.1415803584517082
       9.895703125000001     -0.1433045992412632     -0.1433045992412265
       9.955859375000001     -0.1450179019089599     -0.1450179019089237
            10.016015625     -0.1467197449497849     -0.1467197449497471
            10.076171875      -0.148409614755957     -0.1484096147559139
            10.136328125     -0.1500870058896731     -0.1500870058896207
            10.196484375      -0.151751421346996     -0.1517514213469511
            10.256640625     -0.1534023728129102     -0.1534023728128745
            10.316796875     -0.1550393809072334     -0.1550393809072094
            10.376953125     -0.1566619754214833     -0.1566619754214666
            10.437109375     -0.1582696955464518     -0.1582696955464438
            10.497265625     -0.1598620900904644     -0.1598620900904601
            10.557421875     -0.1614387176881544     -0.1614387176881597
            10.617578125     -0.1629991469998376     -0.1629991469998531
            10.677734375     -0.1645429569012248     -0.1645429569012435
            10.737890625     -0.1660697366635263     -0.1660697366635385
            10.798046875     -0.1675790861239056      -0.167579086123906
            10.858203125     -0.1690706158462469     -0.1690706158462433
            10.918359375     -0.1705439472721253     -0.1705439472721277
            10.978515625     -0.1719987128620667     -0.1719987128620742
            11.038671875      -0.173434556226997     -0.1734345562270109
            11.098828125      -0.174851132249967     -0.1748511322499787
            11.158984375     -0.1762481071980621     -0.1762481071980725
            11.219140625     -0.1776251588246624     -0.1776251588246667
            11.279296875     -0.1789819764618649     -0.1789819764618624
            11.339453125     -0.1803182611033021     -0.1803182611032985
            11.399609375     -0.1816337254773189     -0.1816337254773132
            11.459765625     -0.1829280941105176     -0.1829280941105093
            11.519921875     -0.1842011033818053     -0.1842011033817998
            11.580078125     -0.1854525015669637     -0.1854525015669684
            11.640234375     -0.1866820488738587     -0.1866820488738654
            11.700390625     -0.1878895174683201     -0.1878895174683046
            11.760546875     -0.1890746914907581     -0.1890746914907236
            11.820703125     -0.1902373670637691      -0.190237367063737
            11.880859375     -0.1913773522907438     -0.1913773522907058
            11.941015625     -0.1924944672454389     -0.1924944672453865
            12.001171875     -0.1935885439528325      -0.193588543952782
            12.061328125      -0.194659426361457     -0.1946594263614099
            12.121484375     -0.1957069703070254     -0.1957069703069693
            12.181640625     -0.1967310434677122     -0.1967310434676608
            12.241796875     -0.1977315253113827      -0.197731525311337
            12.301953125     -0.1987083070344991     -0.1987083070344616
            12.362109375     -0.1996612914932329      -0.199661291493198
            12.422265625     -0.2005903931267554     -0.2005903931267197
            12.482421875     -0.2014955378729698     -0.2014955378729242
            12.542578125     -0.2023766630767522       -0.20237666307671
            12.602734375     -0.2032337173910559     -0.2032337173910249
            12.662890625     -0.2040666606708488     -0.2040666606708167
            12.723046875     -0.2048754638601421     -0.2048754638601003
            12.783203125     -0.2056601088723713     -0.2056601088723296
            12.843359375     -0.2064205884642936     -0.2064205884642637
            12.903515625     -0.2071569061035747     -0.2071569061035538
            12.963671875     -0.2078690758301862     -0.2078690758301708
            13.023828125     -0.2085571221119643     -0.2085571221119542
            13.083984375     -0.2092210796944671     -0.2092210796944536
            13.144140625      -0.209860993445292     -0.2098609934452849
            13.204296875      -0.210476918193188     -0.2104769181931875
            13.264453125     -0.2110689185620247     -0.2110689185620214
            13.324609375     -0.2116370687999179     -0.2116370687999113
            13.384765625     -0.2121814526037254     -0.2121814526037138
            13.444921875     -0.2127021629391525     -0.2127021629391252
            13.505078125     -0.2131993018565904     -0.2131993018565557
            13.565234375     -0.2136729803029311     -0.2136729803029109
            13.625390625     -0.2141233179298969     -0.2141233179298854
            13.685546875     -0.2145504428980888     -0.2145504428980665
            13.745703125      -0.214954491679465      -0.214954491679434
            13.805859375     -0.2153356088521684     -0.2153356088521444
            13.866015625      -0.215693946904474     -0.2156939469044582
            13.926171875     -0.2160296660046463     -0.2160296660046339
            13.986328125      -0.216342933850221     -0.2163429338502021
            14.046484375     -0.2166339253020609     -0.2166339253020288
            14.106640625     -0.2169028225689986      -0.216902822568958
            14.166796875     -0.2171498139610904      -0.217149813961069
            14.226953125     -0.2173750963298365      -0.217375096329838
            14.287109375     -0.2175788680158688     -0.2175788680158637
            14.347265625     -0.2177613461516845     -0.2177613461516715
            14.407421875     -0.2179227216252907     -0.2179227216252909
            14.467578125     -0.2180632731780464      -0.218063273178067
            14.527734375     -0.2181830763133338     -0.2181830763133599
            14.587890625       -0.21828274129365     -0.2182827412936649
            14.648046875     -0.2183615437713353     -0.2183615437713392
            14.708203125     -0.2184221461812551     -0.2184221461812502
            14.768359375     -0.2184587096511165     -0.2184587096511041
            14.828515625     -0.2184865908694013     -0.2184865908693812
            14.888671875     -0.2184693537610269     -0.2184693537610095
            14.948828125     -0.2184968215195397     -0.2184968215195142
            15.008984375     -0.2183140754634383     -0.2183140754634099
            15.069140625     -0.2189239470053197     -0.2189239470053038
            15.129296875     -0.2140586508642332      -0.214058650864225
            15.189453125     -0.2447553839466443     -0.2447553839466171
            15.249609375     -0.1006371212941324     -0.1006371212940947
            15.309765625     -0.4311104244009548     -0.4311104244009235
            15.369921875       2.063249863702169        2.06324986370218
            15.430078125       1.117322656845442       1.117322656845451
            15.490234375      0.1170237523149778      0.1170237523149794
            15.550390625    -0.08492032397625085    -0.08492032397625218
            15.610546875     -0.0338161441817184    -0.03381614418171904
