# File created on Wed Jul  8 11:31:14 2026
# Data for Inflation GW initial data initial data at coord time 0.163788 and central proper time 0.163788
# Evolved with (264,10,9) gridpoints (including 4 ghosts)
# Evolution with geodesic slicing and constant shift shift condition 
# data for phi = 3.14159
#              r           theta                a_tt
#===============================================================
     0.025065104      0.78539816   0.0001228183131903515
     0.025065104       2.3561945   0.0001228183135420219

     0.075195312      0.78539816  -9.541719298194465e-06
     0.075195312       2.3561945  -9.541719135518723e-06

      0.12532552      0.78539816  -0.0004868583745150686
      0.12532552       2.3561945  -0.0004868583749583707

      0.17545573      0.78539816  -0.0001561227229665855
      0.17545573       2.3561945   -0.000156122723167861

      0.22558594      0.78539816   0.0004018040941467842
      0.22558594       2.3561945   0.0004018040943007681

      0.27571615      0.78539816   0.0007868805583801837
      0.27571615       2.3561945   0.0007868805585345917

      0.32584635      0.78539816    0.001082297603378256
      0.32584635       2.3561945    0.001082297603470989

      0.37597656      0.78539816    0.001341524091504219
      0.37597656       2.3561945     0.00134152409159603

      0.42610677      0.78539816    0.001585135759118253
      0.42610677       2.3561945    0.001585135759191298

      0.47623698      0.78539816    0.001826868074028567
      0.47623698       2.3561945    0.001826868074088074

      0.52636719      0.78539816    0.002074289472565461
      0.52636719       2.3561945    0.002074289472610382

       0.5764974      0.78539816     0.00233180570400682
       0.5764974       2.3561945    0.002331805704045358

       0.6266276      0.78539816    0.002602134145560508
       0.6266276       2.3561945     0.00260213414559147

      0.67675781      0.78539816    0.002886955236073407
      0.67675781       2.3561945    0.002886955236093285

      0.72688802      0.78539816     0.00318730835872909
      0.72688802       2.3561945    0.003187308358751415

      0.77701823      0.78539816    0.003503818699498922
      0.77701823       2.3561945     0.00350381869950621

      0.82714844      0.78539816    0.003836833204335724
      0.82714844       2.3561945    0.003836833204345867

      0.87727865      0.78539816    0.004186505560208096
      0.87727865       2.3561945     0.00418650556021367

      0.92740885      0.78539816    0.004552850714052309
      0.92740885       2.3561945    0.004552850714051308

      0.97753906      0.78539816    0.004935780836336053
      0.97753906       2.3561945    0.004935780836334567

       1.0276693      0.78539816    0.005335129644017864
       1.0276693       2.3561945    0.005335129644013893

       1.0777995      0.78539816    0.005750669233562823
       1.0777995       2.3561945    0.005750669233555238

       1.1279297      0.78539816    0.006182121986413563
       1.1279297       2.3561945    0.006182121986402537

       1.1780599      0.78539816    0.006629169167369967
       1.1780599       2.3561945    0.006629169167350258

       1.2281901      0.78539816    0.007091457262434912
       1.2281901       2.3561945    0.007091457262420085

       1.2783203      0.78539816    0.007568602745624676
       1.2783203       2.3561945    0.007568602745605252

       1.3284505      0.78539816    0.008060195737744413
       1.3284505       2.3561945    0.008060195737721244

       1.3785807      0.78539816    0.008565802873366928
       1.3785807       2.3561945    0.008565802873345213

       1.4287109      0.78539816    0.009084969594242378
       1.4287109       2.3561945    0.009084969594214069

       1.4788411      0.78539816     0.00961722202328681
       1.4788411       2.3561945    0.009617222023255809

       1.5289714      0.78539816     0.01016206852856903
       1.5289714       2.3561945     0.01016206852854017

       1.5791016      0.78539816     0.01071900105573047
       1.5791016       2.3561945     0.01071900105570396

       1.6292318      0.78539816     0.01128749628623763
       1.6292318       2.3561945     0.01128749628620121

        1.679362      0.78539816     0.01186701666353162
        1.679362       2.3561945     0.01186701666350947

       1.7294922      0.78539816     0.01245701131828887
       1.7294922       2.3561945     0.01245701131825096

       1.7796224      0.78539816     0.01305691691575025
       1.7796224       2.3561945     0.01305691691572847

       1.8297526      0.78539816     0.01366615844330814
       1.8297526       2.3561945     0.01366615844327478

       1.8798828      0.78539816     0.01428414995080975
       1.8798828       2.3561945      0.0142841499507777

        1.930013      0.78539816     0.01491029525417668
        1.930013       2.3561945     0.01491029525413909

       1.9801432      0.78539816     0.01554398860970417
       1.9801432       2.3561945     0.01554398860967491

       2.0302734      0.78539816     0.01618461536512731
       2.0302734       2.3561945     0.01618461536510033

       2.0804036      0.78539816     0.01683155259154169
       2.0804036       2.3561945     0.01683155259150942

       2.1305339      0.78539816      0.0174841697002473
       2.1305339       2.3561945     0.01748416970021724

       2.1806641      0.78539816     0.01814182904662366
       2.1806641       2.3561945      0.0181418290466064

       2.2307943      0.78539816     0.01880388652313012
       2.2307943       2.3561945     0.01880388652310247

       2.2809245      0.78539816     0.01946969214310126
       2.2809245       2.3561945     0.01946969214306968

       2.3310547      0.78539816     0.02013859061626271
       2.3310547       2.3561945     0.02013859061622709

       2.3811849      0.78539816     0.02080992191677607
       2.3811849       2.3561945     0.02080992191674647

       2.4313151      0.78539816     0.02148302184451788
       2.4313151       2.3561945     0.02148302184449076

       2.4814453      0.78539816     0.02215722257996664
       2.4814453       2.3561945       0.022157222579938

       2.5315755      0.78539816     0.02283185323274785
       2.5315755       2.3561945     0.02283185323273652

       2.5817057      0.78539816     0.02350624038427192
       2.5817057       2.3561945     0.02350624038425353

       2.6318359      0.78539816     0.02417970862419383
       2.6318359       2.3561945     0.02417970862417652

       2.6819661      0.78539816     0.02485158108078716
       2.6819661       2.3561945     0.02485158108076074

       2.7320964      0.78539816     0.02552117994515464
       2.7320964       2.3561945     0.02552117994513717

       2.7822266      0.78539816     0.02618782698920465
       2.7822266       2.3561945     0.02618782698918786

       2.8323568      0.78539816     0.02685084407708658
       2.8323568       2.3561945     0.02685084407706569

        2.882487      0.78539816     0.02750955366994727
        2.882487       2.3561945     0.02750955366993206

       2.9326172      0.78539816     0.02816327932405485
       2.9326172       2.3561945     0.02816327932403962

       2.9827474      0.78539816     0.02881134618150886
       2.9827474       2.3561945     0.02881134618148877

       3.0328776      0.78539816       0.029453081453838
       3.0328776       2.3561945     0.02945308145382283

       3.0830078      0.78539816     0.03008781489820374
       3.0830078       2.3561945     0.03008781489819079

        3.133138      0.78539816     0.03071487928569504
        3.133138       2.3561945     0.03071487928567794

       3.1832682      0.78539816     0.03133361086180444
       3.1832682       2.3561945     0.03133361086179366

       3.2333984      0.78539816     0.03194334979889557
       3.2333984       2.3561945      0.0319433497988806

       3.2835286      0.78539816     0.03254344064014137
       3.2835286       2.3561945     0.03254344064012472

       3.3336589      0.78539816     0.03313323273489528
       3.3336589       2.3561945     0.03313323273487498

       3.3837891      0.78539816     0.03371208066562392
       3.3837891       2.3561945     0.03371208066560441

       3.4339193      0.78539816     0.03427934466578077
       3.4339193       2.3561945     0.03427934466575996

       3.4840495      0.78539816     0.03483439102870949
       3.4840495       2.3561945     0.03483439102869213

       3.5341797      0.78539816      0.0353765925075079
       3.5341797       2.3561945     0.03537659250748435

       3.5843099      0.78539816     0.03590532870545825
       3.5843099       2.3561945     0.03590532870543225

       3.6344401      0.78539816     0.03641998645693066
       3.6344401       2.3561945      0.0364199864568981

       3.6845703      0.78539816     0.03691996019904322
       3.6845703       2.3561945     0.03691996019901354

       3.7347005      0.78539816     0.03740465233347732
       3.7347005       2.3561945     0.03740465233344145

       3.7848307      0.78539816     0.03787347357864692
       3.7848307       2.3561945     0.03787347357860969

       3.8349609      0.78539816     0.03832584331234005
       3.8349609       2.3561945     0.03832584331229411

       3.8850911      0.78539816     0.03876118990416103
       3.8850911       2.3561945     0.03876118990411581

       3.9352214      0.78539816     0.03917895103824771
       3.9352214       2.3561945      0.0391789510381872

       3.9853516      0.78539816     0.03957857402602989
       3.9853516       2.3561945     0.03957857402597778

       4.0354818      0.78539816     0.03995951610917955
       4.0354818       2.3561945      0.0399595161091226

        4.085612      0.78539816     0.04032124475240742
        4.085612       2.3561945      0.0403212447523492

       4.1357422      0.78539816     0.04066323792655146
       4.1357422       2.3561945     0.04066323792648852

       4.1858724      0.78539816     0.04098498438161285
       4.1858724       2.3561945     0.04098498438154549

       4.2360026      0.78539816     0.04128598390958073
       4.2360026       2.3561945     0.04128598390951542

       4.2861328      0.78539816     0.04156574759770212
       4.2861328       2.3561945      0.0415657475976229

        4.336263      0.78539816     0.04182379807167829
        4.336263       2.3561945     0.04182379807158784

       4.3863932      0.78539816     0.04205966972900298
       4.3863932       2.3561945     0.04205966972891306

       4.4365234      0.78539816     0.04227290896274406
       4.4365234       2.3561945      0.0422729089626629

       4.4866536      0.78539816      0.0424630743753676
       4.4866536       2.3561945     0.04246307437528866

       4.5367839      0.78539816     0.04262973698275125
       4.5367839       2.3561945     0.04262973698267233

       4.5869141      0.78539816     0.04277248040877287
       4.5869141       2.3561945     0.04277248040868389

       4.6370443      0.78539816     0.04289090107033344
       4.6370443       2.3561945     0.04289090107023461

       4.6871745      0.78539816     0.04298460835280257
       4.6871745       2.3561945     0.04298460835269593

       4.7373047      0.78539816     0.04305322477625018
       4.7373047       2.3561945      0.0430532247761533

       4.7874349      0.78539816     0.04309638615239039
       4.7874349       2.3561945     0.04309638615228398

       4.8375651      0.78539816     0.04311374173190693
       4.8375651       2.3561945      0.0431137417318086

       4.8876953      0.78539816     0.04310495434306785
       4.8876953       2.3561945     0.04310495434297701

       4.9378255      0.78539816     0.04306970052122543
       4.9378255       2.3561945     0.04306970052113286

       4.9879557      0.78539816     0.04300767062917644
       4.9879557       2.3561945     0.04300767062910323

       5.0380859      0.78539816     0.04291856896910188
       5.0380859       2.3561945     0.04291856896902109

       5.0882161      0.78539816     0.04280211388550399
       5.0882161       2.3561945     0.04280211388541846

       5.1383464      0.78539816     0.04265803785945051
       5.1383464       2.3561945     0.04265803785935086

       5.1884766      0.78539816      0.0424860875944553
       5.1884766       2.3561945     0.04248608759437161

       5.2386068      0.78539816     0.04228602409395174
       5.2386068       2.3561945     0.04228602409387432

        5.288737      0.78539816      0.0420576227303255
        5.288737       2.3561945       0.042057622730246

       5.3388672      0.78539816     0.04180067330592587
       5.3388672       2.3561945     0.04180067330585676

       5.3889974      0.78539816      0.0415149801060935
       5.3889974       2.3561945     0.04151498010603443

       5.4391276      0.78539816     0.04120036194380548
       5.4391276       2.3561945     0.04120036194373798

       5.4892578      0.78539816     0.04085665219667628
       5.4892578       2.3561945     0.04085665219661725

        5.539388      0.78539816     0.04048369883635596
        5.539388       2.3561945     0.04048369883628968

       5.5895182      0.78539816      0.0400813644498422
       5.5895182       2.3561945       0.040081364449767

       5.6396484      0.78539816     0.03964952625371024
       5.6396484       2.3561945     0.03964952625362089

       5.6897786      0.78539816     0.03918807610072678
       5.6897786       2.3561945     0.03918807610065283

       5.7399089      0.78539816     0.03869692047901997
       5.7399089       2.3561945     0.03869692047894822

       5.7900391      0.78539816     0.03817598050386205
       5.7900391       2.3561945      0.0381759805037929

       5.8401693      0.78539816     0.03762519190272464
       5.8401693       2.3561945     0.03762519190265175

       5.8902995      0.78539816     0.03704450499283471
       5.8902995       2.3561945     0.03704450499275194

       5.9404297      0.78539816     0.03643388465211396
       5.9404297       2.3561945     0.03643388465202564

       5.9905599      0.78539816     0.03579331028321965
       5.9905599       2.3561945     0.03579331028313881

       6.0406901      0.78539816     0.03512277577066432
       6.0406901       2.3561945     0.03512277577059483

       6.0908203      0.78539816     0.03442228943120615
       6.0908203       2.3561945      0.0344222894311258

       6.1409505      0.78539816     0.03369187395794142
       6.1409505       2.3561945     0.03369187395787009

       6.1910807      0.78539816     0.03293156635757546
       6.1910807       2.3561945     0.03293156635749471

       6.2412109      0.78539816     0.03214141788145639
       6.2412109       2.3561945     0.03214141788137142

       6.2913411      0.78539816     0.03132149395052478
       6.2913411       2.3561945     0.03132149395045171

       6.3414714      0.78539816     0.03047187407357107
       6.3414714       2.3561945     0.03047187407350233

       6.3916016      0.78539816     0.02959265175941356
       6.3916016       2.3561945     0.02959265175934712

       6.4417318      0.78539816     0.02868393442333381
       6.4417318       2.3561945     0.02868393442327469

        6.491862      0.78539816     0.02774584328705318
        6.491862       2.3561945     0.02774584328699021

       6.5419922      0.78539816     0.02677851327303883
       6.5419922       2.3561945     0.02677851327299096

       6.5921224      0.78539816     0.02578209289319255
       6.5921224       2.3561945     0.02578209289314562

       6.6422526      0.78539816     0.02475674413128422
       6.6422526       2.3561945     0.02475674413124636

       6.6923828      0.78539816     0.02370264231985233
       6.6923828       2.3561945     0.02370264231981417

        6.742513      0.78539816     0.02261997601164582
        6.742513       2.3561945     0.02261997601159016

       6.7926432      0.78539816      0.0215089468452079
       6.7926432       2.3561945     0.02150894684516681

       6.8427734      0.78539816     0.02036976940522845
       6.8427734       2.3561945     0.02036976940518431

       6.8929036      0.78539816     0.01920267107751933
       6.8929036       2.3561945      0.0192026710774887

       6.9430339      0.78539816     0.01800789189840444
       6.9430339       2.3561945     0.01800789189839838

       6.9931641      0.78539816     0.01678568439896319
       6.9931641       2.3561945     0.01678568439895936

       7.0432943      0.78539816     0.01553631344402421
       7.0432943       2.3561945     0.01553631344401478

       7.0934245      0.78539816     0.01426005606599697
       7.0934245       2.3561945     0.01426005606599258

       7.1435547      0.78539816     0.01295720129366839
       7.1435547       2.3561945     0.01295720129364376

       7.1936849      0.78539816     0.01162804997619447
       7.1936849       2.3561945     0.01162804997618632

       7.2438151      0.78539816     0.01027291460194127
       7.2438151       2.3561945     0.01027291460194483

       7.2939453      0.78539816    0.008892119112353601
       7.2939453       2.3561945    0.008892119112359334

       7.3440755      0.78539816    0.007485998711409862
       7.3440755       2.3561945    0.007485998711428221

       7.3942057      0.78539816    0.006054899669963974
       7.3942057       2.3561945    0.006054899669993425

       7.4443359      0.78539816    0.004599179125640842
       7.4443359       2.3561945    0.004599179125672306

       7.4944661      0.78539816    0.003119204878445887
       7.4944661       2.3561945    0.003119204878462706

       7.5445964      0.78539816    0.001615355181430802
       7.5445964       2.3561945     0.00161535518145381

       7.5947266      0.78539816   8.801852716613205e-05
       7.5947266       2.3561945   8.801852718434072e-05

       7.6448568      0.78539816   -0.001462406570053369
       7.6448568       2.3561945   -0.001462406570024828

        7.694987      0.78539816   -0.003035511796415829
        7.694987       2.3561945   -0.003035511796380898

       7.7451172      0.78539816   -0.004630879264903283
       7.7451172       2.3561945   -0.004630879264871332

       7.7952474      0.78539816   -0.006248081745405893
       7.7952474       2.3561945    -0.00624808174536965

       7.8453776      0.78539816   -0.007886682899046314
       7.8453776       2.3561945   -0.007886682899006068

       7.8955078      0.78539816   -0.009546237516582094
       7.8955078       2.3561945   -0.009546237516556106

        7.945638      0.78539816    -0.01122629176016837
        7.945638       2.3561945    -0.01122629176013747

       7.9957682      0.78539816    -0.01292638340915967
       7.9957682       2.3561945    -0.01292638340913542

       8.0458984      0.78539816    -0.01464604210949796
       8.0458984       2.3561945      -0.014646042109496

       8.0960286      0.78539816    -0.01638478962625742
       8.0960286       2.3561945    -0.01638478962624891

       8.1461589      0.78539816    -0.01814214009976061
       8.1461589       2.3561945    -0.01814214009974024

       8.1962891      0.78539816     -0.0199176003052257
       8.1962891       2.3561945    -0.01991760030520228

       8.2464193      0.78539816    -0.02171066991519083
       8.2464193       2.3561945    -0.02171066991517585

       8.2965495      0.78539816    -0.02352084176528234
       8.2965495       2.3561945    -0.02352084176525401

       8.3466797      0.78539816    -0.02534760212285234
       8.3466797       2.3561945    -0.02534760212283243

       8.3968099      0.78539816    -0.02719043095815179
       8.3968099       2.3561945    -0.02719043095813467

       8.4469401      0.78539816    -0.02904880221846293
       8.4469401       2.3561945    -0.02904880221843834

       8.4970703      0.78539816    -0.03092218410480012
       8.4970703       2.3561945    -0.03092218410476508

       8.5472005      0.78539816    -0.03281003935083562
       8.5472005       2.3561945    -0.03281003935080181

       8.5973307      0.78539816    -0.03471182550434553
       8.5973307       2.3561945    -0.03471182550431423

       8.6474609      0.78539816     -0.0366269952108231
       8.6474609       2.3561945    -0.03662699521077731

       8.6975911      0.78539816    -0.03855499649863781
       8.6975911       2.3561945    -0.03855499649859653

       8.7477214      0.78539816    -0.04049527306649927
       8.7477214       2.3561945    -0.04049527306644485

       8.7978516      0.78539816    -0.04244726457257381
       8.7978516       2.3561945    -0.04244726457251265

       8.8479818      0.78539816    -0.04441040692496345
       8.8479818       2.3561945    -0.04441040692491225

        8.898112      0.78539816    -0.04638413257380719
        8.898112       2.3561945    -0.04638413257376953

       8.9482422      0.78539816     -0.0483678708047002
       8.9482422       2.3561945    -0.04836787080466909

       8.9983724      0.78539816    -0.05036104803268084
       8.9983724       2.3561945    -0.05036104803264575

       9.0485026      0.78539816     -0.0523630880975401
       9.0485026       2.3561945    -0.05236308809747776

       9.0986328      0.78539816    -0.05437341255990578
       9.0986328       2.3561945    -0.05437341255985029

        9.148763      0.78539816    -0.05639144099769211
        9.148763       2.3561945    -0.05639144099763049

       9.1988932      0.78539816    -0.05841659130309009
       9.1988932       2.3561945    -0.05841659130302312

       9.2490234      0.78539816    -0.06044827997988795
       9.2490234       2.3561945    -0.06044827997984279

       9.2991536      0.78539816    -0.06248592244049937
       9.2991536       2.3561945     -0.0624859224404639

       9.3492839      0.78539816     -0.0645289333029543
       9.3492839       2.3561945    -0.06452893330290678

       9.3994141      0.78539816    -0.06657672668785643
       9.3994141       2.3561945     -0.0665767266877943

       9.4495443      0.78539816    -0.06862871651447144
       9.4495443       2.3561945    -0.06862871651440634

       9.4996745      0.78539816    -0.07068431679635895
       9.4996745       2.3561945    -0.07068431679630464

       9.5498047      0.78539816    -0.07274294193623151
       9.5498047       2.3561945    -0.07274294193615799

       9.5999349      0.78539816    -0.07480400701925709
       9.5999349       2.3561945    -0.07480400701918945

       9.6500651      0.78539816     -0.0768669281054918
       9.6500651       2.3561945    -0.07686692810543512

       9.7001953      0.78539816    -0.07893112252081935
       9.7001953       2.3561945    -0.07893112252076578

       9.7503255      0.78539816    -0.08099600914613823
       9.7503255       2.3561945    -0.08099600914607633

       9.8004557      0.78539816    -0.08306100870477434
       9.8004557       2.3561945    -0.08306100870472675

       9.8505859      0.78539816    -0.08512554404805367
       9.8505859       2.3561945    -0.08512554404800737

       9.9007161      0.78539816    -0.08718904043822968
       9.9007161       2.3561945    -0.08718904043816776

       9.9508464      0.78539816    -0.08925092582915657
       9.9508464       2.3561945    -0.08925092582908797

       10.000977      0.78539816    -0.09131063114462064
       10.000977       2.3561945    -0.09131063114454642

       10.051107      0.78539816    -0.09336759055347822
       10.051107       2.3561945    -0.09336759055342735

       10.101237      0.78539816    -0.09542124174212575
       10.101237       2.3561945    -0.09542124174207363

       10.151367      0.78539816    -0.09747102618371259
       10.151367       2.3561945    -0.09747102618365966

       10.201497      0.78539816    -0.09951638940376373
       10.201497       2.3561945    -0.09951638940371894

       10.251628      0.78539816     -0.1015567812423902
       10.251628       2.3561945     -0.1015567812423545

       10.301758      0.78539816     -0.1035916561129457
       10.301758       2.3561945     -0.1035916561129043

       10.351888      0.78539816     -0.1056204732564048
       10.351888       2.3561945     -0.1056204732563595

       10.402018      0.78539816     -0.1076426969919503
       10.402018       2.3561945     -0.1076426969919216

       10.452148      0.78539816     -0.1096577969633207
       10.452148       2.3561945     -0.1096577969633212

       10.502279      0.78539816     -0.1116652483803744
       10.502279       2.3561945     -0.1116652483803727

       10.552409      0.78539816     -0.1136645322561357
       10.552409       2.3561945     -0.1136645322561309

       10.602539      0.78539816     -0.1156551356393543
       10.602539       2.3561945     -0.1156551356393625

       10.652669      0.78539816     -0.1176365518418358
       10.652669       2.3561945     -0.1176365518418286

       10.702799      0.78539816     -0.1196082806606753
       10.702799       2.3561945     -0.1196082806606698

        10.75293      0.78539816     -0.1215698285955323
        10.75293       2.3561945     -0.1215698285955472

        10.80306      0.78539816     -0.1235207090601433
        10.80306       2.3561945     -0.1235207090601568

        10.85319      0.78539816     -0.1254604425882908
        10.85319       2.3561945     -0.1254604425883215

        10.90332      0.78539816      -0.127388557034388
        10.90332       2.3561945     -0.1273885570344104

       10.953451      0.78539816     -0.1293045877679706
       10.953451       2.3561945     -0.1293045877679803

       11.003581      0.78539816     -0.1312080778623598
       11.003581       2.3561945     -0.1312080778623647

       11.053711      0.78539816     -0.1330985782773657
       11.053711       2.3561945     -0.1330985782773672

       11.103841      0.78539816     -0.1349756480354673
       11.103841       2.3561945     -0.1349756480354657

       11.153971      0.78539816     -0.1368388543919108
       11.153971       2.3561945      -0.136838854391918

       11.204102      0.78539816     -0.1386877729984247
       11.204102       2.3561945     -0.1386877729984287

       11.254232      0.78539816     -0.1405219880603399
       11.254232       2.3561945     -0.1405219880603434

       11.304362      0.78539816      -0.142341092487117
       11.304362       2.3561945      -0.142341092487116

       11.354492      0.78539816      -0.144144688036409
       11.354492       2.3561945     -0.1441446880364192

       11.404622      0.78539816     -0.1459323854509894
       11.404622       2.3561945     -0.1459323854509946

       11.454753      0.78539816     -0.1477038045890379
       11.454753       2.3561945     -0.1477038045890383

       11.504883      0.78539816     -0.1494585745475682
       11.504883       2.3561945     -0.1494585745475731

       11.555013      0.78539816     -0.1511963337788796
       11.555013       2.3561945     -0.1511963337788469

       11.605143      0.78539816     -0.1529167301998345
       11.605143       2.3561945     -0.1529167301997966

       11.655273      0.78539816     -0.1546194212944832
       11.655273       2.3561945      -0.154619421294453

       11.705404      0.78539816     -0.1563040742092031
       11.705404       2.3561945     -0.1563040742091729

       11.755534      0.78539816     -0.1579703658406631
       11.755534       2.3561945     -0.1579703658406244

       11.805664      0.78539816     -0.1596179829172722
       11.805664       2.3561945     -0.1596179829172416

       11.855794      0.78539816     -0.1612466220754358
       11.855794       2.3561945       -0.16124662207539

       11.905924      0.78539816     -0.1628559898973278
       11.905924       2.3561945     -0.1628559898972648

       11.956055      0.78539816     -0.1644458030905482
       11.956055       2.3561945     -0.1644458030904709

       12.006185      0.78539816     -0.1660157886410965
       12.006185       2.3561945     -0.1660157886410207

       12.056315      0.78539816     -0.1675656797417624
       12.056315       2.3561945     -0.1675656797417009

       12.106445      0.78539816     -0.1690952383611874
       12.106445       2.3561945     -0.1690952383611103

       12.156576      0.78539816     -0.1706042243628732
       12.156576       2.3561945     -0.1706042243627999

       12.206706      0.78539816      -0.172092057775021
       12.206706       2.3561945     -0.1720920577749651

       12.256836      0.78539816     -0.1735602543143969
       12.256836       2.3561945     -0.1735602543143228

       12.306966      0.78539816       -0.17500634557977
       12.306966       2.3561945     -0.1750063455796855

       12.357096      0.78539816     -0.1764137710460414
       12.357096       2.3561945     -0.1764137710459653

       12.407227      0.78539816     -0.1778834670684504
       12.407227       2.3561945     -0.1778834670683885

       12.457357      0.78539816     -0.1792097639285936
       12.457357       2.3561945     -0.1792097639285399

       12.507487      0.78539816     -0.1802664371226602
       12.507487       2.3561945     -0.1802664371226055

       12.557617      0.78539816     -0.1825088539935006
       12.557617       2.3561945     -0.1825088539934335

       12.607747      0.78539816     -0.1824414363364865
       12.607747       2.3561945     -0.1824414363364242

       12.657878      0.78539816     -0.1839297901653253
       12.657878       2.3561945     -0.1839297901652631

       12.708008      0.78539816     -0.1263595929834562
       12.708008       2.3561945     -0.1263595929833999

       12.758138      0.78539816     -0.2574897831481391
       12.758138       2.3561945      -0.257489783148107

       12.808268      0.78539816     -0.3091484402539763
       12.808268       2.3561945     -0.3091484402539603

       12.858398      0.78539816     -0.4426641542061238
       12.858398       2.3561945     -0.4426641542060941

       12.908529      0.78539816     -0.3732395226454614
       12.908529       2.3561945      -0.373239522645419

       12.958659      0.78539816     -0.2128131763279321
       12.958659       2.3561945     -0.2128131763278877

       13.008789      0.78539816     -0.1297641535024218
       13.008789       2.3561945     -0.1297641535023831

