# File created on Tue Jul  7 15:36:45 2026
# ======================================== 
# = Running code assuming AXISYMMETRY    = 
# ======================================== 
# Data for Inflation GW initial data initial data at coord. time 0 and proper central time 0
# Evolved with (136,10,9) gridpoints (including 4 ghosts)
# Evolution with geodesic slicing and constant shift
# using eighth-order spatial differencing with 4 ghost zones 
# data 1 at theta = 0 and phi = 3.14159
# data 2 at theta = 1.5708 and phi = 3.14159
#                      r                    E_rr                    E_rr
#                               (     0,3.14159)        (1.5708,3.14159)
#========================================================================
               -0.546875   -0.001024613511477545   -0.001024613511477545
               -0.390625  -0.0006410097650731832  -0.0006410097650731831
               -0.234375  -0.0001843211382387398  -0.0001843211382387397
               -0.078125   0.0001260284380744359    0.000126028438074436
                0.078125    0.000126028438074436    0.000126028438074436
                0.234375  -0.0001843211382387397  -0.0001843211382387397
                0.390625  -0.0006410097650731831  -0.0006410097650731831
                0.546875   -0.001024613511477545   -0.001024613511477545
                0.703125   -0.001187326679458566   -0.001187326679458566
                0.859375   -0.001119322229421046   -0.001119322229421045
                1.015625  -0.0009098570833802281  -0.0009098570833802282
                1.171875  -0.0006662241726008291  -0.0006662241726008288
                1.328125  -0.0004581047574844141  -0.0004581047574844129
                1.484375  -0.0003082775976238334  -0.0003082775976238334
                1.640625  -0.0002104854712004978  -0.0002104854712004976
                1.796875  -0.0001492776068593279  -0.0001492776068593273
                1.953125  -0.0001107846018682668   -0.000110784601868268
                2.109375  -8.561474178386918e-05     -8.561474178387e-05
                2.265625  -6.822848386432647e-05  -6.822848386432582e-05
                2.421875  -5.557381911433405e-05  -5.557381911433432e-05
                2.578125   -4.59880670001645e-05  -4.598806700016588e-05
                2.734375  -3.852552938174969e-05  -3.852552938175095e-05
                2.890625  -3.260503759184238e-05  -3.260503759184278e-05
                3.046875  -2.784076485667869e-05  -2.784076485667859e-05
                3.203125  -2.396185029329762e-05  -2.396185029329748e-05
                3.359375  -2.077141489763465e-05  -2.077141489763459e-05
                3.515625  -1.812316039403477e-05  -1.812316039403503e-05
                3.671875  -1.590662370255861e-05  -1.590662370255896e-05
                3.828125  -1.403729585763221e-05  -1.403729585763244e-05
                3.984375  -1.244976822204385e-05  -1.244976822204407e-05
                4.140625  -1.109287906923541e-05  -1.109287906923546e-05
                4.296875  -9.926220164877753e-06  -9.926220164877277e-06
                4.453125  -8.917589658718132e-06  -8.917589658717205e-06
                4.609375  -8.041111586928347e-06  -8.041111586927723e-06
                4.765625  -7.275832356645442e-06  -7.275832356645382e-06
                4.921875  -6.604662119328938e-06  -6.604662119329148e-06
                5.078125  -6.013568156121621e-06   -6.01356815612195e-06
                5.234375  -5.490955927738675e-06  -5.490955927738876e-06
                5.390625  -5.027188159353255e-06  -5.027188159353324e-06
                5.546875  -4.614210622950282e-06  -4.614210622950515e-06
                5.703125  -4.245256433887158e-06  -4.245256433887439e-06
                5.859375  -3.914612281897441e-06  -3.914612281897416e-06
                6.015625  -3.617432334046693e-06   -3.61743233404645e-06
                6.171875  -3.349587684001152e-06  -3.349587684000972e-06
                6.328125  -3.107546268769191e-06  -3.107546268769244e-06
                6.484375  -2.888274173606933e-06  -2.888274173607064e-06
                6.640625  -2.689155711194134e-06  -2.689155711194114e-06
                6.796875  -2.507927630287908e-06  -2.507927630287628e-06
                6.953125  -2.342624940950405e-06   -2.34262494095008e-06
                7.109375  -2.191536165237465e-06  -2.191536165237385e-06
                7.265625  -2.053165658321345e-06  -2.053165658321356e-06
                7.421875  -1.926203013991579e-06   -1.92620301399144e-06
                7.578125  -1.809496236874478e-06  -1.809496236874291e-06
                7.734375  -1.702030471059137e-06  -1.702030471059049e-06
                7.890625   -1.60290879347137e-06  -1.602908793471356e-06
                8.046875  -1.511336912598388e-06  -1.511336912598406e-06
                8.203125  -1.426609408706683e-06  -1.426609408706778e-06
                8.359375  -1.348098587235454e-06  -1.348098587235715e-06
                8.515625  -1.275244719390913e-06  -1.275244719391241e-06
                8.671875  -1.207547153738401e-06  -1.207547153738656e-06
                8.828125  -1.144557790152405e-06   -1.14455779015255e-06
                8.984375  -1.085874269060048e-06  -1.085874269060082e-06
                9.140625  -1.031134927162112e-06   -1.03113492716209e-06
                9.296875  -9.800138723252495e-07  -9.800138723252552e-07
                9.453125  -9.322169770154288e-07  -9.322169770154674e-07
                9.609375  -8.874783923149875e-07  -8.874783923150574e-07
                9.765625  -8.455574322994569e-07   -8.45557432299601e-07
                9.921875  -8.062356704451717e-07   -8.06235670445342e-07
               10.078125  -7.693147320017968e-07  -7.693147320018909e-07
               10.234375  -7.346141637787944e-07  -7.346141637788034e-07
               10.390625  -7.019695366184492e-07  -7.019695366184535e-07
               10.546875  -6.712308584463838e-07  -6.712308584464816e-07
               10.703125   -6.42260938717211e-07  -6.422609387174324e-07
               10.859375  -6.149344647585323e-07  -6.149344647587508e-07
               11.015625  -5.891364814875387e-07  -5.891364814876086e-07
               11.171875  -5.647616051636262e-07  -5.647616051635648e-07
               11.328125  -5.417129884527785e-07  -5.417129884526971e-07
               11.484375  -5.199017777410251e-07  -5.199017777409531e-07
               11.640625  -4.992458986333711e-07  -4.992458986332184e-07
               11.796875  -4.796698786351069e-07  -4.796698786348384e-07
               11.953125  -4.611041465275881e-07  -4.611041465272703e-07
               12.109375   -4.43484201818613e-07  -4.434842018183586e-07
               12.265625  -4.267507762075394e-07  -4.267507762074078e-07
               12.421875  -4.108486949725196e-07  -4.108486949724292e-07
               12.578125  -3.957269859455572e-07  -3.957269859454677e-07
               12.734375    -3.8133846071034e-07  -3.813384607103007e-07
               12.890625  -3.676390815520668e-07  -3.676390815521324e-07
               13.046875  -3.545881115336008e-07  -3.545881115337476e-07
               13.203125  -3.421475467790317e-07  -3.421475467791615e-07
               13.359375  -3.302822106785303e-07  -3.302822106785925e-07
               13.515625  -3.189590550444558e-07  -3.189590550444185e-07
               13.671875   -3.08147670906099e-07   -3.08147670905987e-07
               13.828125  -2.978194434485785e-07  -2.978194434484527e-07
               13.984375   -2.87947841524367e-07  -2.879478415242603e-07
               14.140625  -2.785077521901093e-07  -2.785077521900675e-07
               14.296875  -2.694761187429014e-07  -2.694761187429765e-07
               14.453125  -2.608307730536332e-07  -2.608307730538125e-07
               14.609375  -2.525512976799513e-07  -2.525512976801568e-07
               14.765625  -2.446185166195598e-07  -2.446185166197476e-07
               14.921875  -2.370142774616566e-07  -2.370142774618497e-07
               15.078125  -2.297217422409854e-07  -2.297217422411738e-07
               15.234375  -2.227252235877572e-07  -2.227252235879046e-07
               15.390625  -2.160098352456922e-07  -2.160098352457839e-07
               15.546875  -2.095618628163693e-07  -2.095618628164132e-07
               15.703125  -2.033680889085877e-07  -2.033680889086251e-07
               15.859375    -1.9741635967828e-07  -1.974163596783514e-07
               16.015625  -1.916948260261485e-07  -1.916948260262278e-07
               16.171875  -1.861925523245814e-07  -1.861925523246123e-07
               16.328125  -1.808988823106029e-07  -1.808988823105736e-07
               16.484375  -1.758041088486135e-07  -1.758041088485244e-07
               16.640625   -1.70898599373656e-07  -1.708985993735432e-07
               16.796875   -1.66173711722481e-07  -1.661737117224016e-07
               16.953125  -1.616211051710278e-07   -1.61621105171029e-07
               17.109375  -1.572329865048866e-07  -1.572329865049736e-07
               17.265625   -1.53001998793039e-07  -1.530019987931578e-07
               17.421875  -1.489215204888658e-07  -1.489215204889503e-07
               17.578125  -1.449844686732839e-07  -1.449844686733135e-07
               17.734375  -1.411860777465204e-07  -1.411860777465232e-07
               17.890625  -1.375173286070109e-07  -1.375173286069921e-07
               18.046875  -1.339796096224356e-07  -1.339796096224015e-07
               18.203125  -1.305519842261743e-07  -1.305519842261456e-07
               18.359375  -1.272640873394096e-07  -1.272640873393997e-07
               18.515625  -1.240335701445299e-07  -1.240335701445258e-07
               18.671875  -1.210274284344538e-07  -1.210274284344505e-07
               18.828125  -1.178611213721662e-07  -1.178611213721701e-07
               18.984375  -1.153726319945889e-07  -1.153726319945789e-07
               19.140625  -1.116905784630936e-07  -1.116905784630504e-07
               19.296875  -1.109413917806318e-07  -1.109413917805523e-07
               19.453125  -1.039586169419651e-07  -1.039586169418811e-07
               19.609375  -1.114713415590285e-07  -1.114713415589682e-07
               19.765625  -8.880332434388738e-08  -8.880332434385243e-08
               19.921875  -1.229618988364021e-07  -1.229618988363657e-07
               20.078125                       0                       0
               20.234375                       0                       0
               20.390625                       0                       0
               20.546875                       0                       0
