# File created on Wed Jul  8 11:31:14 2026
# ======================================== 
# = Running code assuming AXISYMMETRY    = 
# ======================================== 
# Data for Inflation GW initial data initial data at coord. time 0.163788 and proper central time 0.163788
# Evolved with (264,10,9) gridpoints (including 4 ghosts)
# Evolution with geodesic slicing and constant shift
# using eighth-order spatial differencing with 4 ghost zones 
# data 1 at theta = 0 and phi = 3.14159
# data 2 at theta = 1.5708 and phi = 3.14159
#                      r                    E_rr                    E_rr
#                               (     0,3.14159)        (1.5708,3.14159)
#========================================================================
     -0.1754557291666667      -1.971487723431837      -1.971487723442429
     -0.1253255208333333      -2.005095493710639      -2.005095493701557
           -0.0751953125      -2.022158895319366      -2.022158895306982
    -0.02506510416666667       -1.94964795297691      -1.949647952969706
     0.02506510416666667      -1.949647952962502      -1.949647952969706
            0.0751953125      -2.022158895294599      -2.022158895306982
      0.1253255208333333      -2.005095493692475      -2.005095493701557
      0.1754557291666667       -1.97148772345302      -1.971487723442429
            0.2255859375      -1.974988025344045      -1.974988025336408
      0.2757161458333334      -1.983494536155336      -1.983494536153267
      0.3258463541666667      -1.988740859555512      -1.988740859555806
            0.3759765625       -1.99286034116924      -1.992860341166862
      0.4261067708333334      -1.996145153919585      -1.996145153919842
      0.4762369791666667      -1.998887867430073       -1.99888786742933
            0.5263671875       -2.00131821969576      -2.001318219695965
      0.5764973958333334      -2.003563095147908      -2.003563095146511
      0.6266276041666667      -2.005706807135957      -2.005706807136911
            0.6767578125      -2.007805366259492      -2.007805366258819
      0.7268880208333334      -2.009896455729992      -2.009896455730265
      0.7770182291666667      -2.012005975228976      -2.012005975228337
            0.8271484375      -2.014151898032399      -2.014151898032401
      0.8772786458333334      -2.016346750524239      -2.016346750524412
      0.9274088541666667      -2.018599227774291      -2.018599227773882
            0.9775390625      -2.020915268629434      -2.020915268629882
       1.027669270833333      -2.023298787418252      -2.023298787417641
       1.077799479166667      -2.025752181450552      -2.025752181450798
            1.1279296875      -2.028276689444579      -2.028276689444933
       1.178059895833333      -2.030872648863321      -2.030872648862164
       1.228190104166667      -2.033539683611937       -2.03353968361298
            1.2783203125      -2.036276842944517      -2.036276842943596
       1.328450520833333       -2.03908270568511      -2.039082705685782
       1.378580729166667      -2.041955459537886      -2.041955459537153
            1.4287109375      -2.044892962149361      -2.044892962149901
       1.478841145833333      -2.047892788813847      -2.047892788813829
       1.528971354166667      -2.050952270154564      -2.050952270154391
            1.5791015625      -2.054068522306645      -2.054068522306592
       1.629231770833333      -2.057238471414601      -2.057238471414768
       1.679361979166667      -2.060458873748884      -2.060458873748907
            1.7294921875      -2.063726332494166      -2.063726332494668
       1.779622395833333      -2.067037311911306      -2.067037311910202
       1.829752604166667      -2.070388149486433       -2.07038814948752
            1.8798828125      -2.073775066493174      -2.073775066492392
       1.930013020833333      -2.077194177275769      -2.077194177275651
       1.980143229166667      -2.080641497586742      -2.080641497586717
            2.0302734375      -2.084112952089726      -2.084112952090449
       2.080403645833333       -2.08760438128503      -2.087604381284151
       2.130533854166667      -2.091111547895787      -2.091111547896288
            2.1806640625      -2.094630142890259      -2.094630142890461
       2.230794270833333       -2.09815579117587       -2.09815579117541
       2.280924479166667      -2.101684057034615      -2.101684057034794
            2.3310546875      -2.105210449376886      -2.105210449376761
       2.381184895833333      -2.108730426810738      -2.108730426810306
       2.431315104166667      -2.112239402607034      -2.112239402607722
            2.4814453125      -2.115732749557802      -2.115732749557552
       2.531575520833333      -2.119205804746806      -2.119205804746666
       2.581705729166667      -2.122653874273923      -2.122653874274295
            2.6318359375      -2.126072237922514      -2.126072237922661
       2.681966145833333      -2.129456153788652      -2.129456153787864
       2.732096354166667      -2.132800862872832      -2.132800862873847
            2.7822265625      -2.136101593680801      -2.136101593679734
       2.832356770833333      -2.139353566745346      -2.139353566745642
       2.882486979166667      -2.142551999207845      -2.142551999207771
            2.9326171875      -2.145692109301744      -2.145692109301609
       2.982747395833333      -2.148769120897509      -2.148769120897775
       3.032877604166667      -2.151778267982132      -2.151778267981636
            3.0830078125      -2.154714799133553      -2.154714799134215
       3.133138020833333       -2.15757398200927      -2.157573982008866
       3.183268229166667      -2.160351107764627      -2.160351107764961
            3.2333984375      -2.163041495499342      -2.163041495499028
       3.283528645833333      -2.165640496637232      -2.165640496637354
       3.333658854166667      -2.168143499316809       -2.16814349931683
            3.3837890625      -2.170545932717316      -2.170545932717242
       3.433919270833333      -2.172843271372632      -2.172843271372363
       3.484049479166667      -2.175031039441466      -2.175031039441595
            3.5341796875      -2.177104814917577      -2.177104814917358
       3.584309895833333      -2.179060233826414      -2.179060233825989
       3.634440104166667      -2.180892994330573      -2.180892994330947
            3.6845703125      -2.182598860809344      -2.182598860809065
       3.734700520833333       -2.18417366786429      -2.184173667864215
       3.784830729166667      -2.185613324255459      -2.185613324255891
            3.8349609375      -2.186913816780289      -2.186913816779693
       3.885091145833333      -2.188071214059541      -2.188071214059957
       3.935221354166667      -2.189081670261591      -2.189081670261791
            3.9853515625      -2.189941428728182      -2.189941428727528
       4.035481770833334      -2.190646825514305      -2.190646825514519
       4.085611979166667      -2.191194292840956      -2.191194292841027
            4.1357421875      -2.191580362444667      -2.191580362444259
       4.185872395833334      -2.191801668816087      -2.191801668816488
       4.236002604166667      -2.191854952345067       -2.19185495234515
            4.2861328125      -2.191737062352133       -2.19173706235171
       4.336263020833334      -2.191444959986883      -2.191444959986391
       4.386393229166667      -2.190975721037294      -2.190975721037359
            4.4365234375      -2.190326538587451      -2.190326538587807
       4.486653645833334      -2.189494725568616      -2.189494725568605
       4.536783854166667      -2.188477717158917      -2.188477717158698
            4.5869140625      -2.187273073077904        -2.1872730730778
       4.637044270833334      -2.185878479715187      -2.185878479715652
       4.687174479166667      -2.184291752144832       -2.18429175214485
            4.7373046875      -2.182510835969504       -2.18251083596863
       4.787434895833334      -2.180533809053292      -2.180533809053714
       4.837565104166667      -2.178358883077242      -2.178358883076956
            4.8876953125      -2.175984404968168      -2.175984404968614
       4.937825520833334      -2.173408858162317      -2.173408858162496
       4.987955729166667      -2.170630863721128      -2.170630863720789
            5.0380859375      -2.167649181298958      -2.167649181300131
       5.088216145833334      -2.164462709958751      -2.164462709957203
       5.138346354166667      -2.161070488797419      -2.161070488798092
            5.1884765625      -2.157471697490434      -2.157471697490353
       5.238606770833334      -2.153665656593252      -2.153665656592681
       5.288736979166667      -2.149651827745167      -2.149651827744973
            5.3388671875      -2.145429813702922      -2.145429813702637
       5.388997395833334      -2.140999358212512      -2.140999358213365
       5.439127604166667      -2.136360345730516       -2.13636034572975
            5.4892578125      -2.131512800994404      -2.131512800995437
       5.539388020833334      -2.126456888442343       -2.12645688844118
       5.589518229166667       -2.12119291146919      -2.121192911469997
            5.6396484375      -2.115721311565422      -2.115721311564221
       5.689778645833334      -2.110042667257488      -2.110042667257998
       5.739908854166667      -2.104157692975087      -2.104157692975016
            5.7900390625      -2.098067237698651      -2.098067237697955
       5.840169270833334      -2.091772283532287      -2.091772283532629
       5.890299479166667      -2.085273944104876      -2.085273944104752
            5.9404296875      -2.078573462847831      -2.078573462848358
       5.990559895833334      -2.071672211145366      -2.071672211145525
       6.040690104166667      -2.064571686361394       -2.06457168636098
            6.0908203125      -2.057273509730919      -2.057273509731213
       6.140950520833334      -2.049779424154755      -2.049779424154742
       6.191080729166667      -2.042091291851776      -2.042091291851763
            6.2412109375      -2.034211091934451      -2.034211091934701
       6.291341145833334      -2.026140917853143       -2.02614091785243
       6.341471354166667      -2.017882974736423      -2.017882974736885
            6.3916015625      -2.009439576676857      -2.009439576676321
       6.441731770833334      -2.000813143856367      -2.000813143856644
       6.491861979166667      -1.992006199655558      -1.992006199656036
            6.5419921875      -1.983021367627836      -1.983021367627412
       6.592122395833334      -1.973861368424049      -1.973861368424306
       6.642252604166667       -1.96452901663921      -1.964529016639319
            6.6923828125      -1.955027217591545      -1.955027217591271
       6.742513020833334      -1.945358964040634      -1.945358964040491
       6.792643229166667      -1.935527332839472      -1.935527332839657
            6.8427734375      -1.925535481568638      -1.925535481567724
       6.892903645833334      -1.915386645064316      -1.915386645065688
       6.943033854166667      -1.905084131981755      -1.905084131980525
            6.9931640625      -1.894631321253903      -1.894631321254609
       7.043294270833334      -1.884031658571566      -1.884031658571916
       7.093424479166667      -1.873288652795793      -1.873288652795697
            7.1435546875      -1.862405872391041      -1.862405872390976
       7.193684895833334       -1.85138694181614      -1.851386941816275
       7.243815104166667      -1.840235537908784       -1.84023553790821
            7.2939453125      -1.828955386285309      -1.828955386284868
       7.344075520833334      -1.817550257712019      -1.817550257713333
       7.394205729166667      -1.806023964504115      -1.806023964503154
            7.4443359375      -1.794380356920102      -1.794380356920454
       7.494466145833334      -1.782623319577697      -1.782623319577667
       7.544596354166667       -1.77075676789223      -1.770756767892173
            7.5947265625      -1.758784644530366      -1.758784644530632
       7.644856770833334      -1.746710915890847      -1.746710915890049
       7.694986979166667      -1.734539568622858      -1.734539568623029
            7.7451171875      -1.722274606180337      -1.722274606180023
       7.795247395833334      -1.709920045406904      -1.709920045407513
       7.845377604166667      -1.697479913175155       -1.69747991317561
            7.8955078125      -1.684958243070275      -1.684958243069318
       7.945638020833334      -1.672359072107318      -1.672359072107306
       7.995768229166667      -1.659686437528406      -1.659686437528666
            8.0458984375      -1.646944373652287      -1.646944373651717
       8.096028645833334      -1.634136908739071      -1.634136908739019
       8.146158854166668      -1.621268061994874      -1.621268061995271
            8.1962890625      -1.608341840583495      -1.608341840583082
       8.246419270833334      -1.595362236705415      -1.595362236706408
       8.296549479166668      -1.582333224787728      -1.582333224787491
            8.3466796875      -1.569258758704037       -1.56925875870495
       8.396809895833334      -1.556142769093871      -1.556142769093923
       8.446940104166668      -1.542989160737594       -1.54298916073743
            8.4970703125      -1.529801810035222      -1.529801810035048
       8.547200520833334      -1.516584562531719      -1.516584562531175
       8.597330729166668      -1.503341230543829       -1.50334123054445
            8.6474609375      -1.490075590875148      -1.490075590874685
       8.697591145833334      -1.476791382572503      -1.476791382572591
       8.747721354166668      -1.463492304823247       -1.46349230482242
            8.7978515625      -1.450182014890327      -1.450182014890371
       8.847981770833334      -1.436864126145888      -1.436864126146048
       8.898111979166668      -1.423542206203676      -1.423542206203585
            8.9482421875      -1.410219775109407      -1.410219775109494
       8.998372395833334      -1.396900303640512      -1.396900303640027
       9.048502604166668      -1.383587211668837       -1.38358721167012
            9.0986328125      -1.370283866648498      -1.370283866648344
       9.148763020833334      -1.356993582117113      -1.356993582116755
       9.198893229166668       -1.34371961635883       -1.34371961635967
            9.2490234375      -1.330465171105421        -1.3304651711054
       9.299153645833334      -1.317233390323041      -1.317233390322411
       9.349283854166668       -1.30402735909941      -1.304027359099051
            9.3994140625      -1.290850102605708      -1.290850102605795
       9.449544270833334      -1.277704585122639      -1.277704585122104
       9.499674479166668      -1.264593709171269      -1.264593709171576
            9.5498046875      -1.251520314708194      -1.251520314707824
       9.599934895833334      -1.238487178393069      -1.238487178393325
       9.650065104166668      -1.225497012954319      -1.225497012954404
            9.7001953125      -1.212552466604734      -1.212552466605428
       9.750325520833334       -1.19965612253993      -1.199656122539411
       9.800455729166668      -1.186810498513543      -1.186810498513872
            9.8505859375      -1.174018046483595      -1.174018046482661
       9.900716145833334       -1.16128115231228      -1.161281152313196
       9.950846354166668      -1.148602135552145      -1.148602135552186
           10.0009765625       -1.13598324928875      -1.135983249288533
       10.05110677083333      -1.123426680043959       -1.12342668004292
       10.10123697916667      -1.110934547741909      -1.110934547742896
           10.1513671875      -1.098508905765792      -1.098508905765067
       10.20149739583333        -1.0861517409958      -1.086151740995969
       10.25162760416667      -1.073864974005609      -1.073864974005308
           10.3017578125      -1.061650459235851      -1.061650459234809
       10.35188802083333       -1.04950998524447      -1.049509985245762
       10.40201822916667      -1.037445275031778      -1.037445275031147
           10.4521484375      -1.025457986369132      -1.025457986369038
       10.50227864583333      -1.013549712218297      -1.013549712218677
       10.55240885416667      -1.001721981172548      -1.001721981172859
           10.6025390625     -0.9899762579475084      -0.989976257947738
       10.65266927083333      -0.978313943909172     -0.9783139439087762
       10.70279947916667     -0.9667363776487575     -0.9667363776493889
           10.7529296875     -0.9552448356048036     -0.9552448356048113
       10.80305989583333     -0.9438405326861008     -0.9438405326860393
       10.85319010416667     -0.9325246229743294     -0.9325246229740973
           10.9033203125     -0.9212982004249939     -0.9212982004248351
       10.95345052083333     -0.9101622996232599     -0.9101622996235428
       11.00358072916667     -0.8991178965444609     -0.8991178965435604
           11.0537109375     -0.8881659093622434     -0.8881659093636314
       11.10384114583333     -0.8773071992836218     -0.8773071992831317
       11.15397135416667     -0.8665425713806781     -0.8665425713813508
           11.2041015625     -0.8558727754825028     -0.8558727754819223
       11.25423177083333     -0.8452985070542578     -0.8452985070545199
       11.30436197916667     -0.8348204081227942     -0.8348204081230186
           11.3544921875      -0.824439068199681      -0.824439068199184
       11.40462239583333     -0.8141550252254388     -0.8141550252249787
       11.45475260416667     -0.8039687665375497     -0.8039687665373676
           11.5048828125     -0.7938807298417676     -0.7938807298424919
       11.55501302083333     -0.7838913041986942     -0.7838913041991967
       11.60514322916667     -0.7740008310129195     -0.7740008310123342
           11.6552734375     -0.7642096050524712     -0.7642096050530585
       11.70540364583333     -0.7545178754433483     -0.7545178754430129
       11.75553385416667     -0.7449258467167794     -0.7449258467179222
           11.8056640625     -0.7354336797246159     -0.7354336797241603
       11.85579427083333     -0.7260414929516711     -0.7260414929503536
       11.90592447916667     -0.7167493651792347     -0.7167493651795513
           11.9560546875     -0.7075573157405958     -0.7075573157409687
       12.00618489583333     -0.6984653944188992     -0.6984653944187893
       12.05631510416667     -0.6894737011969428      -0.689473701196017
           12.1064453125     -0.6805799192892088     -0.6805799192897775
       12.15657552083333     -0.6717937265408981     -0.6717937265395744
       12.20670572916667     -0.6631091641352456     -0.6631091641361688
           12.2568359375     -0.6543596128560251      -0.654359612855743
       12.30696614583333     -0.6465186284570867     -0.6465186284574919
       12.35709635416667     -0.6374163777175119     -0.6374163777171205
           12.4072265625     -0.6230077743555914     -0.6230077743554396
       12.45735677083333      -0.650408134347416     -0.6504081343469995
       12.50748697916667     -0.5509927582516729     -0.5509927582528809
           12.5576171875     -0.5923195683224149     -0.5923195683222129
       12.60774739583333      -1.224063602408696      -1.224063602407705
       12.65787760416667       1.376242742326624       1.376242742326341
           12.7080078125      -8.347506956720325      -8.347506956719894
       12.75813802083333       18.01196096499856        18.0119609649984
       12.80826822916667      -22.13317849094962      -22.13317849094907
           12.8583984375                       0                       0
       12.90852864583333                       0                       0
       12.95865885416667                       0                       0
           13.0087890625                       0                       0
