# File created on Wed Jul  8 11:31:12 2026
# ======================================== 
# = Running code assuming AXISYMMETRY    = 
# ======================================== 
# Data for Inflation GW initial data initial data at coord. time 0.0377973 and proper central time 0.0377973
# Evolved with (264,10,9) gridpoints (including 4 ghosts)
# Evolution with geodesic slicing and constant shift
# using eighth-order spatial differencing with 4 ghost zones 
# data 1 at theta = 0 and phi = 3.14159
# data 2 at theta = 1.5708 and phi = 3.14159
#                      r                    E_rr                    E_rr
#                               (     0,3.14159)        (1.5708,3.14159)
#========================================================================
            -0.210546875      -2.001027178339059      -2.001027178339059
            -0.150390625      -2.000527713126649      -2.000527713126649
    -0.09023437500000001       -2.00019428709715       -2.00019428709715
            -0.030078125      -2.000027439246626      -2.000027439246626
             0.030078125      -2.000027439246626      -2.000027439246626
     0.09023437500000001      -2.000194287097151       -2.00019428709715
             0.150390625      -2.000527713126649      -2.000527713126649
             0.210546875      -2.001027178339059      -2.001027178339059
             0.270703125      -2.001691875107374      -2.001691875107374
             0.330859375      -2.002520728212815      -2.002520728212815
             0.391015625      -2.003512396228156      -2.003512396228156
             0.451171875      -2.004665273243213      -2.004665273243213
             0.511328125      -2.005977490930212      -2.005977490930212
             0.571484375      -2.007446920946073      -2.007446920946073
      0.6316406250000001      -2.009071177668282      -2.009071177668281
             0.691796875      -2.010847621260569      -2.010847621260568
             0.751953125      -2.012773361064119      -2.012773361064119
             0.812109375      -2.014845259309521      -2.014845259309521
             0.872265625      -2.017059935144392      -2.017059935144392
      0.9324218750000001      -2.019413768970968      -2.019413768970968
             0.992578125      -2.021902907087579      -2.021902907087578
             1.052734375      -2.024523266627686      -2.024523266627686
             1.112890625        -2.0272705407893        -2.0272705407893
             1.173046875      -2.030140204347722      -2.030140204347722
             1.233203125      -2.033127519443811       -2.03312751944381
             1.293359375      -2.036227541639453      -2.036227541639453
             1.353515625      -2.039435126232131      -2.039435126232131
             1.413671875        -2.0427449348193        -2.0427449348193
             1.473828125      -2.046151442103769      -2.046151442103769
             1.533984375      -2.049648942930217      -2.049648942930218
             1.594140625      -2.053231559542774      -2.053231559542774
             1.654296875      -2.056893249054336      -2.056893249054336
             1.714453125      -2.060627811115872      -2.060627811115872
             1.774609375      -2.064428895775627      -2.064428895775627
             1.834765625      -2.068290011517385      -2.068290011517385
             1.894921875      -2.072204533465783      -2.072204533465783
             1.955078125      -2.076165711747465      -2.076165711747465
             2.015234375      -2.080166679996202      -2.080166679996203
             2.075390625      -2.084200463990173      -2.084200463990173
             2.135546875      -2.088259990409143      -2.088259990409143
             2.195703125      -2.092338095698633      -2.092338095698634
             2.255859375      -2.096427535029632      -2.096427535029632
             2.316015625      -2.100520991340533      -2.100520991340533
             2.376171875        -2.1046110844483        -2.1046110844483
             2.436328125      -2.108690380217108      -2.108690380217108
             2.496484375      -2.112751399770364      -2.112751399770365
             2.556640625      -2.116786628734069       -2.11678662873407
             2.616796875      -2.120788526498228      -2.120788526498228
             2.676953125      -2.124749535483054      -2.124749535483054
             2.737109375      -2.128662090397726      -2.128662090397727
             2.797265625       -2.13251862747849       -2.13251862747849
             2.857421875      -2.136311593692662      -2.136311593692662
             2.917578125      -2.140033455897008      -2.140033455897008
             2.977734375      -2.143676709936887      -2.143676709936887
             3.037890625      -2.147233889673683      -2.147233889673683
             3.098046875      -2.150697575929109      -2.150697575929109
             3.158203125      -2.154060405332813      -2.154060405332814
             3.218359375      -2.157315079062355      -2.157315079062355
             3.278515625      -2.160454371463128      -2.160454371463129
             3.338671875      -2.163471138537187      -2.163471138537187
             3.398828125      -2.166358326288823      -2.166358326288823
             3.458984375      -2.169108978916783      -2.169108978916784
             3.519140625       -2.17171624684194      -2.171716246841941
             3.579296875      -2.174173394559461      -2.174173394559461
             3.639453125      -2.176473808306247      -2.176473808306248
             3.699609375      -2.178611003532994      -2.178611003532996
             3.759765625      -2.180578632172164      -2.180578632172168
             3.819921875       -2.18237048969221      -2.182370489692214
             3.880078125      -2.183980521928983      -2.183980521928987
             3.940234375      -2.185402831687834      -2.185402831687839
       4.000390625000001      -2.186631685105891      -2.186631685105898
             4.060546875      -2.187661517768888      -2.187661517768895
             4.120703125      -2.188486940575355      -2.188486940575362
             4.180859375      -2.189102745340472      -2.189102745340479
             4.241015625      -2.189503910134458      -2.189503910134467
       4.301171875000001      -2.189685604349457      -2.189685604349466
             4.361328125      -2.189643193489991      -2.189643193490001
             4.421484375      -2.189372243681151      -2.189372243681163
             4.481640625      -2.188868525891801      -2.188868525891815
             4.541796875      -2.188128019867998      -2.188128019868015
       4.601953125000001      -2.187146917773224      -2.187146917773239
             4.662109375      -2.185921627533822      -2.185921627533836
             4.722265625      -2.184448775885242      -2.184448775885257
             4.782421875      -2.182725211119303      -2.182725211119321
             4.842578125      -2.180748005530518      -2.180748005530535
       4.902734375000001      -2.178514457559162      -2.178514457559182
             4.962890625      -2.176022093633562      -2.176022093633584
             5.023046875      -2.173268669708715      -2.173268669708734
             5.083203125      -2.170252172504266      -2.170252172504285
             5.143359375      -2.166970820441056       -2.16697082044107
       5.203515625000001      -2.163423064279115      -2.163423064279127
             5.263671875      -2.159607587458836      -2.159607587458851
             5.323828125      -2.155523306146271      -2.155523306146288
             5.383984375      -2.151169368988358      -2.151169368988373
             5.444140625      -2.146545156578458      -2.146545156578477
       5.504296875000001      -2.141650280637397      -2.141650280637415
             5.564453125       -2.13648458291491      -2.136484582914927
             5.624609375      -2.131048133813799      -2.131048133813812
             5.684765625       -2.12534123074371      -2.125341230743724
             5.744921875      -2.119364396209497      -2.119364396209519
       5.805078125000001      -2.113118375638773      -2.113118375638797
             5.865234375      -2.106604134956318       -2.10660413495634
             5.925390625      -2.099822857909799      -2.099822857909825
             5.985546875      -2.092775943155234       -2.09277594315526
             6.045703125      -2.085465001108946      -2.085465001108975
       6.105859375000001      -2.077891850570617       -2.07789185057065
             6.166015625      -2.070058515129709       -2.07005851512973
             6.226171875      -2.061967219358671      -2.061967219358692
             6.286328125        -2.0536203848032      -2.053620384803222
             6.346484375      -2.045020625777417      -2.045020625777441
       6.406640625000001      -2.036170744971374      -2.036170744971399
             6.466796875        -2.0270737288821      -2.027073728882121
             6.526953125      -2.017732743072756      -2.017732743072779
             6.587109375      -2.008151127273247      -2.008151127273272
             6.647265625      -1.998332390328636      -1.998332390328653
       6.707421875000001      -1.988280205004347      -1.988280205004359
             6.767578125      -1.977998402659739      -1.977998402659749
             6.827734375      -1.967490967796782      -1.967490967796787
             6.887890625      -1.956762032494604      -1.956762032494616
             6.948046875      -1.945815870739209      -1.945815870739225
       7.008203125000001       -1.93465689265689      -1.934656892656908
             7.068359375      -1.923289638662669      -1.923289638662674
             7.128515625      -1.911718773530914      -1.911718773530911
             7.188671875      -1.899949080398959      -1.899949080398955
             7.248828125      -1.887985454713273      -1.887985454713264
       7.308984375000001      -1.875832898126021      -1.875832898126015
             7.369140625      -1.863496512353163      -1.863496512353153
             7.429296875      -1.850981493001421      -1.850981493001416
             7.489453125      -1.838293123374578      -1.838293123374565
             7.549609375      -1.825436768267036      -1.825436768267011
       7.609765625000001      -1.812417867753835      -1.812417867753812
             7.669921875      -1.799241930986091      -1.799241930986071
             7.730078125      -1.785914529999322      -1.785914529999305
             7.790234375        -1.7724412935445      -1.772441293544477
             7.850390625      -1.758827900947877      -1.758827900947857
       7.910546875000001      -1.745080076009861       -1.74508007600985
             7.970703125      -1.731203580949288      -1.731203580949262
             8.030859375      -1.717204210399767       -1.71720421039974
       8.091015625000001      -1.703087785468459      -1.703087785468441
       8.151171875000001      -1.688860147860319      -1.688860147860309
             8.211328125      -1.674527154078515      -1.674527154078518
             8.271484375      -1.660094669704602      -1.660094669704606
             8.331640625      -1.645568563765923       -1.64556856376592
       8.391796875000001      -1.630954703197883      -1.630954703197878
       8.451953125000001      -1.616258947403265      -1.616258947403247
             8.512109375      -1.601487142918298      -1.601487142918271
             8.572265625      -1.586645118187256      -1.586645118187222
             8.632421875      -1.571738678452502       -1.57173867845245
       8.692578125000001      -1.556773600765015      -1.556773600764973
       8.752734375000001      -1.541755629117875      -1.541755629117842
             8.812890625      -1.526690469708866      -1.526690469708825
             8.873046875      -1.511583786335003      -1.511583786334961
             8.933203125      -1.496441195922626      -1.496441195922589
       8.993359375000001      -1.481268264197056      -1.481268264197022
       9.053515625000001      -1.466070501493756      -1.466070501493734
             9.113671875      -1.450853358714809      -1.450853358714801
             9.173828125      -1.435622223432177      -1.435622223432156
             9.233984375      -1.420382416140295      -1.420382416140243
       9.294140625000001       -1.40513918666058      -1.405139186660519
       9.354296875000001       -1.38989771069817      -1.389897710698109
             9.414453125      -1.374663086553381      -1.374663086553316
             9.474609375      -1.359440331987663      -1.359440331987611
             9.534765625      -1.344234381246386      -1.344234381246344
       9.594921875000001      -1.329050082238257       -1.32905008223821
       9.655078125000001      -1.313892193870652      -1.313892193870613
             9.715234375      -1.298765383543378      -1.298765383543335
             9.775390625       -1.28367422479782      -1.283674224797771
             9.835546875      -1.268623195122904      -1.268623195122856
       9.895703125000001      -1.253616673917034      -1.253616673916987
       9.955859375000001      -1.238658940603888      -1.238658940603842
            10.016015625      -1.223754172902822      -1.223754172902773
            10.076171875      -1.208906445250413       -1.20890644525036
            10.136328125      -1.194119727373597      -1.194119727373523
            10.196484375      -1.179397883011488      -1.179397883011424
            10.256640625       -1.16474466878418      -1.164744668784139
            10.316796875      -1.150163733206933      -1.150163733206895
            10.376953125      -1.135658615846416      -1.135658615846394
            10.437109375      -1.121232746618014      -1.121232746618006
            10.497265625       -1.10688944522042      -1.106889445220407
            10.557421875      -1.092631920705088      -1.092631920705091
            10.617578125      -1.078463271178576        -1.0784632711786
            10.677734375      -1.064386483633238      -1.064386483633262
            10.737890625      -1.050404433903871      -1.050404433903891
            10.798046875      -1.036519886748377       -1.03651988674837
            10.858203125      -1.022735496046363      -1.022735496046354
            10.918359375      -1.009053805114875      -1.009053805114875
            10.978515625     -0.9954772471364912     -0.9954772471365014
            11.038671875     -0.9820081456957079     -0.9820081456957281
            11.098828125      -0.968648715421719     -0.9686487154217335
            11.158984375     -0.9554010627319914     -0.9554010627320055
            11.219140625     -0.9422671866741328     -0.9422671866741403
            11.279296875     -0.9292489798614531     -0.9292489798614425
            11.339453125     -0.9163482294988359     -0.9163482294988305
            11.399609375     -0.9035666184951487     -0.9035666184951416
            11.459765625     -0.8909057266575945     -0.8909057266575741
            11.519921875     -0.8783670319650906     -0.8783670319650816
            11.580078125     -0.8659519119156366     -0.8659519119156396
            11.640234375     -0.8536616449446544      -0.853661644944679
            11.700390625     -0.8414974119103177     -0.8414974119102885
            11.760546875     -0.8294602976409737     -0.8294602976409056
            11.820703125     -0.8175512925423108     -0.8175512925422666
            11.880859375     -0.8057712942592685     -0.8057712942592179
            11.941015625     -0.7941211093891298     -0.7941211093890332
            12.001171875     -0.7826014552421612     -0.7826014552420801
            12.061328125     -0.7712129616464716     -0.7712129616464092
            12.121484375     -0.7599561727923464     -0.7599561727922424
            12.181640625     -0.7488315491129003     -0.7488315491128198
            12.241796875     -0.7378394691986392     -0.7378394691985681
            12.301953125     -0.7269802317402365     -0.7269802317401723
            12.362109375     -0.7162540574975941     -0.7162540574975422
            12.422265625     -0.7056610912917504     -0.7056610912916923
            12.482421875     -0.6952014040154816     -0.6952014040154055
            12.542578125     -0.6848749946600912     -0.6848749946600101
            12.602734375     -0.6746817923554048     -0.6746817923553654
            12.662890625     -0.6646216584190666      -0.664621658419016
            12.723046875     -0.6546943884127802     -0.6546943884127019
            12.783203125     -0.6448997142026407     -0.6448997142025678
            12.843359375      -0.635237306020382     -0.6352373060203342
            12.903515625     -0.6257067745235029     -0.6257067745234683
            12.963671875     -0.6163076728506433     -0.6163076728506151
            13.023828125     -0.6070394986706884     -0.6070394986706733
            13.083984375     -0.5979016962227581      -0.597901696222736
            13.144140625     -0.5888936583446114     -0.5888936583445874
            13.204296875     -0.5800147284876424     -0.5800147284876529
            13.264453125     -0.5712642027161964     -0.5712642027161898
            13.324609375     -0.5626413316889358     -0.5626413316889118
            13.384765625     -0.5541453226206057     -0.5541453226206031
            13.444921875     -0.5457753412226007      -0.545775341222547
            13.505078125     -0.5375305136199372     -0.5375305136198638
            13.565234375     -0.5294099282438781     -0.5294099282438489
            13.625390625     -0.5214126376973505     -0.5214126376973396
            13.685546875     -0.5135376605953942     -0.5135376605953543
            13.745703125     -0.5057839833682559     -0.5057839833681919
            13.805859375     -0.4981505620564327     -0.4981505620563928
            13.866015625     -0.4906363240161857     -0.4906363240161616
            13.926171875     -0.4832401697446441     -0.4832401697446208
            13.986328125     -0.4759609742726243     -0.4759609742726018
            14.046484375     -0.4687975895667081     -0.4687975895666481
            14.106640625      -0.461748844172692     -0.4617488441726099
            14.166796875     -0.4548135499110886     -0.4548135499110454
            14.226953125     -0.4479904901435465     -0.4479904901435652
            14.287109375     -0.4412784555959396     -0.4412784555959338
            14.347265625     -0.4346761573322693       -0.43467615733223
            14.407421875     -0.4281824557183127     -0.4281824557183094
            14.467578125     -0.4217957783479626     -0.4217957783480067
            14.527734375     -0.4155156135322259     -0.4155156135322721
            14.587890625     -0.4093387057704452     -0.4093387057704699
            14.648046875     -0.4032687387515168       -0.40326873875152
            14.708203125     -0.3972917707852638     -0.3972917707852532
            14.768359375     -0.3914384097129439     -0.3914384097129263
            14.828515625     -0.3856268540025058      -0.385626854002459
            14.888671875     -0.3800581434801508     -0.3800581434801281
            14.948828125     -0.3742233523149832     -0.3742233523149459
            15.008984375     -0.3693925363768137     -0.3693925363767419
            15.069140625     -0.3623901611211042     -0.3623901611210834
            15.129296875     -0.3610833741740785     -0.3610833741740811
            15.189453125     -0.2982655848245443     -0.2982655848244932
            15.249609375       -1.31216548169457      -1.312165481694483
            15.309765625      -8.211546289730121      -8.211546289730084
            15.369921875      -160.5075301316706      -160.5075301316705
            15.430078125                       0                       0
            15.490234375                       0                       0
            15.550390625                       0                       0
            15.610546875                       0                       0
