# File created on Wed Jul  8 11:31:14 2026
# Data for Inflation GW initial data initial data at coord time 0.163788 and central proper time 0.163788
# Evolved with (264,10,9) gridpoints (including 4 ghosts)
# Evolution with geodesic slicing and constant shift shift condition 
# data for phi = 3.14159
#              r           theta                E_rr
#===============================================================
     0.025065104      0.78539816      -1.949647952964345
     0.025065104       2.3561945      -1.949647952975067

     0.075195312      0.78539816      -2.022158895297767
     0.075195312       2.3561945      -2.022158895316198

      0.12532552      0.78539816      -2.005095493694798
      0.12532552       2.3561945      -2.005095493708315

      0.17545573      0.78539816      -1.971487723450311
      0.17545573       2.3561945      -1.971487723434547

      0.22558594      0.78539816      -1.974988025342091
      0.22558594       2.3561945      -1.974988025330725

      0.27571615      0.78539816      -1.983494536154807
      0.27571615       2.3561945      -1.983494536151726

      0.32584635      0.78539816      -1.988740859555587
      0.32584635       2.3561945      -1.988740859556024

      0.37597656      0.78539816      -1.992860341168631
      0.37597656       2.3561945      -1.992860341165093

      0.42610677      0.78539816      -1.996145153919651
      0.42610677       2.3561945      -1.996145153920033

      0.47623698      0.78539816      -1.998887867429883
      0.47623698       2.3561945      -1.998887867428777

      0.52636719      0.78539816      -2.001318219695813
      0.52636719       2.3561945      -2.001318219696117

       0.5764974      0.78539816      -2.003563095147551
       0.5764974       2.3561945      -2.003563095145472

       0.6266276      0.78539816      -2.005706807136201
       0.6266276       2.3561945      -2.005706807137622

      0.67675781      0.78539816       -2.00780536625932
      0.67675781       2.3561945      -2.007805366258318

      0.72688802      0.78539816      -2.009896455730062
      0.72688802       2.3561945      -2.009896455730467

      0.77701823      0.78539816      -2.012005975228813
      0.77701823       2.3561945      -2.012005975227861

      0.82714844      0.78539816      -2.014151898032399
      0.82714844       2.3561945      -2.014151898032403

      0.87727865      0.78539816      -2.016346750524283
      0.87727865       2.3561945       -2.01634675052454

      0.92740885      0.78539816      -2.018599227774187
      0.92740885       2.3561945      -2.018599227773579

      0.97753906      0.78539816      -2.020915268629549
      0.97753906       2.3561945      -2.020915268630217

       1.0276693      0.78539816      -2.023298787418096
       1.0276693       2.3561945      -2.023298787417186

       1.0777995      0.78539816      -2.025752181450615
       1.0777995       2.3561945      -2.025752181450981

       1.1279297      0.78539816       -2.02827668944467
       1.1279297       2.3561945      -2.028276689445196

       1.1780599      0.78539816      -2.030872648863025
       1.1780599       2.3561945      -2.030872648861302

       1.2281901      0.78539816      -2.033539683612204
       1.2281901       2.3561945      -2.033539683613756

       1.2783203      0.78539816      -2.036276842944281
       1.2783203       2.3561945      -2.036276842942911

       1.3284505      0.78539816      -2.039082705685282
       1.3284505       2.3561945      -2.039082705686282

       1.3785807      0.78539816      -2.041955459537698
       1.3785807       2.3561945      -2.041955459536609

       1.4287109      0.78539816        -2.0448929621495
       1.4287109       2.3561945      -2.044892962150302

       1.4788411      0.78539816      -2.047892788813842
       1.4788411       2.3561945      -2.047892788813817

       1.5289714      0.78539816       -2.05095227015452
       1.5289714       2.3561945      -2.050952270154261

       1.5791016      0.78539816      -2.054068522306631
       1.5791016       2.3561945      -2.054068522306552

       1.6292318      0.78539816      -2.057238471414643
       1.6292318       2.3561945      -2.057238471414893

        1.679362      0.78539816       -2.06045887374889
        1.679362       2.3561945      -2.060458873748923

       1.7294922      0.78539816      -2.063726332494295
       1.7294922       2.3561945      -2.063726332495042

       1.7796224      0.78539816      -2.067037311911024
       1.7796224       2.3561945       -2.06703731190938

       1.8297526      0.78539816      -2.070388149486711
       1.8297526       2.3561945       -2.07038814948833

       1.8798828      0.78539816      -2.073775066492975
       1.8798828       2.3561945      -2.073775066491811

        1.930013      0.78539816      -2.077194177275739
        1.930013       2.3561945      -2.077194177275563

       1.9801432      0.78539816      -2.080641497586736
       1.9801432       2.3561945      -2.080641497586699

       2.0302734      0.78539816      -2.084112952089911
       2.0302734       2.3561945      -2.084112952090988

       2.0804036      0.78539816      -2.087604381284805
       2.0804036       2.3561945      -2.087604381283497

       2.1305339      0.78539816      -2.091111547895915
       2.1305339       2.3561945       -2.09111154789666

       2.1806641      0.78539816      -2.094630142890311
       2.1806641       2.3561945      -2.094630142890611

       2.2307943      0.78539816      -2.098155791175753
       2.2307943       2.3561945      -2.098155791175068

       2.2809245      0.78539816      -2.101684057034661
       2.2809245       2.3561945      -2.101684057034928

       2.3310547      0.78539816      -2.105210449376854
       2.3310547       2.3561945      -2.105210449376667

       2.3811849      0.78539816      -2.108730426810627
       2.3811849       2.3561945      -2.108730426809984

       2.4313151      0.78539816       -2.11223940260721
       2.4313151       2.3561945      -2.112239402608235

       2.4814453      0.78539816      -2.115732749557738
       2.4814453       2.3561945      -2.115732749557366

       2.5315755      0.78539816       -2.11920580474677
       2.5315755       2.3561945      -2.119205804746561

       2.5817057      0.78539816      -2.122653874274018
       2.5817057       2.3561945      -2.122653874274572

       2.6318359      0.78539816      -2.126072237922551
       2.6318359       2.3561945       -2.12607223792277

       2.6819661      0.78539816       -2.12945615378845
       2.6819661       2.3561945      -2.129456153787276

       2.7320964      0.78539816      -2.132800862873092
       2.7320964       2.3561945      -2.132800862874602

       2.7822266      0.78539816      -2.136101593680528
       2.7822266       2.3561945       -2.13610159367894

       2.8323568      0.78539816      -2.139353566745422
       2.8323568       2.3561945      -2.139353566745863

        2.882487      0.78539816      -2.142551999207825
        2.882487       2.3561945      -2.142551999207716

       2.9326172      0.78539816      -2.145692109301709
       2.9326172       2.3561945      -2.145692109301508

       2.9827474      0.78539816      -2.148769120897577
       2.9827474       2.3561945      -2.148769120897973

       3.0328776      0.78539816      -2.151778267982005
       3.0328776       2.3561945      -2.151778267981267

       3.0830078      0.78539816      -2.154714799133723
       3.0830078       2.3561945      -2.154714799134707

        3.133138      0.78539816      -2.157573982009167
        3.133138       2.3561945      -2.157573982008566

       3.1832682      0.78539816      -2.160351107764713
       3.1832682       2.3561945      -2.160351107765209

       3.2333984      0.78539816      -2.163041495499262
       3.2333984       2.3561945      -2.163041495498794

       3.2835286      0.78539816      -2.165640496637264
       3.2835286       2.3561945      -2.165640496637443

       3.3336589      0.78539816      -2.168143499316814
       3.3336589       2.3561945      -2.168143499316846

       3.3837891      0.78539816      -2.170545932717297
       3.3837891       2.3561945      -2.170545932717187

       3.4339193      0.78539816      -2.172843271372563
       3.4339193       2.3561945      -2.172843271372163

       3.4840495      0.78539816      -2.175031039441499
       3.4840495       2.3561945      -2.175031039441691

       3.5341797      0.78539816      -2.177104814917521
       3.5341797       2.3561945      -2.177104814917196

       3.5843099      0.78539816      -2.179060233826305
       3.5843099       2.3561945      -2.179060233825672

       3.6344401      0.78539816      -2.180892994330669
       3.6344401       2.3561945      -2.180892994331225

       3.6845703      0.78539816      -2.182598860809272
       3.6845703       2.3561945      -2.182598860808858

       3.7347005      0.78539816       -2.18417366786427
       3.7347005       2.3561945      -2.184173667864159

       3.7848307      0.78539816       -2.18561332425557
       3.7848307       2.3561945      -2.185613324256213

       3.8349609      0.78539816      -2.186913816780137
       3.8349609       2.3561945       -2.18691381677925

       3.8850911      0.78539816      -2.188071214059647
       3.8850911       2.3561945      -2.188071214060268

       3.9352214      0.78539816      -2.189081670261642
       3.9352214       2.3561945       -2.18908167026194

       3.9853516      0.78539816      -2.189941428728015
       3.9853516       2.3561945      -2.189941428727043

       4.0354818      0.78539816       -2.19064682551436
       4.0354818       2.3561945      -2.190646825514679

        4.085612      0.78539816      -2.191194292840974
        4.085612       2.3561945      -2.191194292841081

       4.1357422      0.78539816      -2.191580362444563
       4.1357422       2.3561945      -2.191580362443954

       4.1858724      0.78539816      -2.191801668816189
       4.1858724       2.3561945      -2.191801668816788

       4.2360026      0.78539816      -2.191854952345089
       4.2360026       2.3561945      -2.191854952345211

       4.2861328      0.78539816      -2.191737062352025
       4.2861328       2.3561945      -2.191737062351395

        4.336263      0.78539816      -2.191444959986758
        4.336263       2.3561945      -2.191444959986025

       4.3863932      0.78539816      -2.190975721037311
       4.3863932       2.3561945      -2.190975721037408

       4.4365234      0.78539816      -2.190326538587542
       4.4365234       2.3561945      -2.190326538588071

       4.4866536      0.78539816      -2.189494725568613
       4.4866536       2.3561945      -2.189494725568597

       4.5367839      0.78539816      -2.188477717158861
       4.5367839       2.3561945      -2.188477717158535

       4.5869141      0.78539816      -2.187273073077878
       4.5869141       2.3561945      -2.187273073077722

       4.6370443      0.78539816      -2.185878479715306
       4.6370443       2.3561945      -2.185878479715997

       4.6871745      0.78539816      -2.184291752144837
       4.6871745       2.3561945      -2.184291752144864

       4.7373047      0.78539816       -2.18251083596928
       4.7373047       2.3561945       -2.18251083596798

       4.7874349      0.78539816        -2.1805338090534
       4.7874349       2.3561945      -2.180533809054028

       4.8375651      0.78539816      -2.178358883077169
       4.8375651       2.3561945      -2.178358883076742

       4.8876953      0.78539816      -2.175984404968283
       4.8876953       2.3561945      -2.175984404968946

       4.9378255      0.78539816      -2.173408858162363
       4.9378255       2.3561945       -2.17340885816263

       4.9879557      0.78539816      -2.170630863721041
       4.9879557       2.3561945      -2.170630863720536

       5.0380859      0.78539816      -2.167649181299258
       5.0380859       2.3561945      -2.167649181301003

       5.0882161      0.78539816      -2.164462709958355
       5.0882161       2.3561945      -2.164462709956051

       5.1383464      0.78539816      -2.161070488797591
       5.1383464       2.3561945      -2.161070488798593

       5.1884766      0.78539816      -2.157471697490413
       5.1884766       2.3561945      -2.157471697490292

       5.2386068      0.78539816      -2.153665656593106
       5.2386068       2.3561945      -2.153665656592256

        5.288737      0.78539816      -2.149651827745118
        5.288737       2.3561945      -2.149651827744828

       5.3388672      0.78539816      -2.145429813702849
       5.3388672       2.3561945      -2.145429813702424

       5.3889974      0.78539816       -2.14099935821273
       5.3889974       2.3561945      -2.140999358213998

       5.4391276      0.78539816       -2.13636034573032
       5.4391276       2.3561945      -2.136360345729179

       5.4892578      0.78539816      -2.131512800994669
       5.4892578       2.3561945      -2.131512800996205

        5.539388      0.78539816      -2.126456888442045
        5.539388       2.3561945      -2.126456888440315

       5.5895182      0.78539816      -2.121192911469396
       5.5895182       2.3561945      -2.121192911470598

       5.6396484      0.78539816      -2.115721311565114
       5.6396484       2.3561945      -2.115721311563328

       5.6897786      0.78539816      -2.110042667257618
       5.6897786       2.3561945      -2.110042667258378

       5.7399089      0.78539816      -2.104157692975069
       5.7399089       2.3561945      -2.104157692974962

       5.7900391      0.78539816      -2.098067237698473
       5.7900391       2.3561945      -2.098067237697436

       5.8401693      0.78539816      -2.091772283532374
       5.8401693       2.3561945      -2.091772283532883

       5.8902995      0.78539816      -2.085273944104844
       5.8902995       2.3561945      -2.085273944104659

       5.9404297      0.78539816      -2.078573462847966
       5.9404297       2.3561945      -2.078573462848751

       5.9905599      0.78539816      -2.071672211145406
       5.9905599       2.3561945      -2.071672211145642

       6.0406901      0.78539816      -2.064571686361288
       6.0406901       2.3561945      -2.064571686360672

       6.0908203      0.78539816      -2.057273509730994
       6.0908203       2.3561945      -2.057273509731432

       6.1409505      0.78539816      -2.049779424154752
       6.1409505       2.3561945      -2.049779424154733

       6.1910807      0.78539816      -2.042091291851773
       6.1910807       2.3561945      -2.042091291851754

       6.2412109      0.78539816      -2.034211091934515
       6.2412109       2.3561945      -2.034211091934887

       6.2913411      0.78539816      -2.026140917852961
       6.2913411       2.3561945      -2.026140917851899

       6.3414714      0.78539816      -2.017882974736541
       6.3414714       2.3561945      -2.017882974737229

       6.3916016      0.78539816       -2.00943957667672
       6.3916016       2.3561945      -2.009439576675922

       6.4417318      0.78539816      -2.000813143856438
       6.4417318       2.3561945      -2.000813143856851

        6.491862      0.78539816       -1.99200619965568
        6.491862       2.3561945      -1.992006199656392

       6.5419922      0.78539816      -1.983021367627728
       6.5419922       2.3561945      -1.983021367627097

       6.5921224      0.78539816      -1.973861368424114
       6.5921224       2.3561945      -1.973861368424497

       6.6422526      0.78539816      -1.964529016639238
       6.6422526       2.3561945      -1.964529016639399

       6.6923828      0.78539816      -1.955027217591475
       6.6923828       2.3561945      -1.955027217591067

        6.742513      0.78539816      -1.945358964040597
        6.742513       2.3561945      -1.945358964040384

       6.7926432      0.78539816      -1.935527332839519
       6.7926432       2.3561945      -1.935527332839795

       6.8427734      0.78539816      -1.925535481568404
       6.8427734       2.3561945      -1.925535481567044

       6.8929036      0.78539816      -1.915386645064667
       6.8929036       2.3561945      -1.915386645066709

       6.9430339      0.78539816       -1.90508413198144
       6.9430339       2.3561945       -1.90508413197961

       6.9931641      0.78539816      -1.894631321254083
       6.9931641       2.3561945      -1.894631321255134

       7.0432943      0.78539816      -1.884031658571655
       7.0432943       2.3561945      -1.884031658572177

       7.0934245      0.78539816      -1.873288652795768
       7.0934245       2.3561945      -1.873288652795625

       7.1435547      0.78539816      -1.862405872391024
       7.1435547       2.3561945      -1.862405872390927

       7.1936849      0.78539816      -1.851386941816175
       7.1936849       2.3561945      -1.851386941816376

       7.2438151      0.78539816      -1.840235537908637
       7.2438151       2.3561945      -1.840235537907783

       7.2939453      0.78539816      -1.828955386285196
       7.2939453       2.3561945       -1.82895538628454

       7.3440755      0.78539816      -1.817550257712355
       7.3440755       2.3561945      -1.817550257714311

       7.3942057      0.78539816      -1.806023964503869
       7.3942057       2.3561945      -1.806023964502438

       7.4443359      0.78539816      -1.794380356920193
       7.4443359       2.3561945      -1.794380356920716

       7.4944661      0.78539816      -1.782623319577689
       7.4944661       2.3561945      -1.782623319577645

       7.5445964      0.78539816      -1.770756767892216
       7.5445964       2.3561945       -1.77075676789213

       7.5947266      0.78539816      -1.758784644530434
       7.5947266       2.3561945       -1.75878464453083

       7.6448568      0.78539816      -1.746710915890643
       7.6448568       2.3561945      -1.746710915889456

        7.694987      0.78539816      -1.734539568622902
        7.694987       2.3561945      -1.734539568623157

       7.7451172      0.78539816      -1.722274606180256
       7.7451172       2.3561945      -1.722274606179789

       7.7952474      0.78539816       -1.70992004540706
       7.7952474       2.3561945      -1.709920045407966

       7.8453776      0.78539816      -1.697479913175271
       7.8453776       2.3561945      -1.697479913175949

       7.8955078      0.78539816       -1.68495824307003
       7.8955078       2.3561945      -1.684958243068605

        7.945638      0.78539816      -1.672359072107315
        7.945638       2.3561945      -1.672359072107297

       7.9957682      0.78539816      -1.659686437528473
       7.9957682       2.3561945       -1.65968643752886

       8.0458984      0.78539816      -1.646944373652141
       8.0458984       2.3561945      -1.646944373651293

       8.0960286      0.78539816      -1.634136908739058
       8.0960286       2.3561945       -1.63413690873898

       8.1461589      0.78539816      -1.621268061994976
       8.1461589       2.3561945      -1.621268061995566

       8.1962891      0.78539816       -1.60834184058339
       8.1962891       2.3561945      -1.608341840582776

       8.2464193      0.78539816      -1.595362236705669
       8.2464193       2.3561945      -1.595362236707146

       8.2965495      0.78539816      -1.582333224787668
       8.2965495       2.3561945      -1.582333224787314

       8.3466797      0.78539816       -1.56925875870427
       8.3466797       2.3561945      -1.569258758705629

       8.3968099      0.78539816      -1.556142769093884
       8.3968099       2.3561945      -1.556142769093962

       8.4469401      0.78539816      -1.542989160737552
       8.4469401       2.3561945      -1.542989160737309

       8.4970703      0.78539816      -1.529801810035178
       8.4970703       2.3561945      -1.529801810034919

       8.5472005      0.78539816       -1.51658456253158
       8.5472005       2.3561945       -1.51658456253077

       8.5973307      0.78539816      -1.503341230543988
       8.5973307       2.3561945      -1.503341230544912

       8.6474609      0.78539816      -1.490075590875029
       8.6474609       2.3561945      -1.490075590874341

       8.6975911      0.78539816      -1.476791382572526
       8.6975911       2.3561945      -1.476791382572656

       8.7477214      0.78539816      -1.463492304823035
       8.7477214       2.3561945      -1.463492304821805

       8.7978516      0.78539816      -1.450182014890338
       8.7978516       2.3561945      -1.450182014890402

       8.8479818      0.78539816      -1.436864126145929
       8.8479818       2.3561945      -1.436864126146168

        8.898112      0.78539816      -1.423542206203652
        8.898112       2.3561945      -1.423542206203518

       8.9482422      0.78539816      -1.410219775109429
       8.9482422       2.3561945      -1.410219775109558

       8.9983724      0.78539816      -1.396900303640388
       8.9983724       2.3561945      -1.396900303639667

       9.0485026      0.78539816      -1.383587211669165
       9.0485026       2.3561945      -1.383587211671075

       9.0986328      0.78539816      -1.370283866648459
       9.0986328       2.3561945      -1.370283866648229

        9.148763      0.78539816      -1.356993582117021
        9.148763       2.3561945       -1.35699358211649

       9.1988932      0.78539816      -1.343719616359045
       9.1988932       2.3561945      -1.343719616360294

       9.2490234      0.78539816      -1.330465171105415
       9.2490234       2.3561945      -1.330465171105384

       9.2991536      0.78539816       -1.31723339032288
       9.2991536       2.3561945      -1.317233390321943

       9.3492839      0.78539816      -1.304027359099318
       9.3492839       2.3561945      -1.304027359098784

       9.3994141      0.78539816       -1.29085010260573
       9.3994141       2.3561945       -1.29085010260586

       9.4495443      0.78539816      -1.277704585122502
       9.4495443       2.3561945      -1.277704585121706

       9.4996745      0.78539816      -1.264593709171348
       9.4996745       2.3561945      -1.264593709171804

       9.5498047      0.78539816      -1.251520314708099
       9.5498047       2.3561945      -1.251520314707548

       9.5999349      0.78539816      -1.238487178393135
       9.5999349       2.3561945      -1.238487178393515

       9.6500651      0.78539816      -1.225497012954341
       9.6500651       2.3561945      -1.225497012954467

       9.7001953      0.78539816      -1.212552466604911
       9.7001953       2.3561945      -1.212552466605945

       9.7503255      0.78539816      -1.199656122539797
       9.7503255       2.3561945      -1.199656122539025

       9.8004557      0.78539816      -1.186810498513627
       9.8004557       2.3561945      -1.186810498514116

       9.8505859      0.78539816      -1.174018046483356
       9.8505859       2.3561945      -1.174018046481965

       9.9007161      0.78539816      -1.161281152312514
       9.9007161       2.3561945      -1.161281152313877

       9.9508464      0.78539816      -1.148602135552155
       9.9508464       2.3561945      -1.148602135552217

       10.000977      0.78539816      -1.135983249288694
       10.000977       2.3561945      -1.135983249288372

       10.051107      0.78539816      -1.123426680043693
       10.051107       2.3561945      -1.123426680042148

       10.101237      0.78539816      -1.110934547742161
       10.101237       2.3561945      -1.110934547743631

       10.151367      0.78539816      -1.098508905765606
       10.151367       2.3561945      -1.098508905764527

       10.201497      0.78539816      -1.086151740995843
       10.201497       2.3561945      -1.086151740996094

       10.251628      0.78539816      -1.073864974005532
       10.251628       2.3561945      -1.073864974005085

       10.301758      0.78539816      -1.061650459235585
       10.301758       2.3561945      -1.061650459234033

       10.351888      0.78539816        -1.0495099852448
       10.351888       2.3561945      -1.049509985246724

       10.402018      0.78539816      -1.037445275031616
       10.402018       2.3561945      -1.037445275030678

       10.452148      0.78539816      -1.025457986369108
       10.452148       2.3561945      -1.025457986368968

       10.502279      0.78539816      -1.013549712218394
       10.502279       2.3561945      -1.013549712218959

       10.552409      0.78539816      -1.001721981172628
       10.552409       2.3561945       -1.00172198117309

       10.602539      0.78539816     -0.9899762579475672
       10.602539       2.3561945      -0.989976257947909

       10.652669      0.78539816     -0.9783139439090708
       10.652669       2.3561945     -0.9783139439084818

       10.702799      0.78539816     -0.9667363776489191
       10.702799       2.3561945     -0.9667363776498588

        10.75293      0.78539816     -0.9552448356048056
        10.75293       2.3561945      -0.955244835604817

        10.80306      0.78539816      -0.943840532686085
        10.80306       2.3561945     -0.9438405326859935

        10.85319      0.78539816       -0.93252462297427
        10.85319       2.3561945     -0.9325246229739248

        10.90332      0.78539816     -0.9212982004249533
        10.90332       2.3561945      -0.921298200424717

       10.953451      0.78539816     -0.9101622996233323
       10.953451       2.3561945     -0.9101622996237532

       11.003581      0.78539816     -0.8991178965442306
       11.003581       2.3561945     -0.8991178965428902

       11.053711      0.78539816     -0.8881659093625984
       11.053711       2.3561945     -0.8881659093646643

       11.103841      0.78539816     -0.8773071992834964
       11.103841       2.3561945      -0.877307199282767

       11.153971      0.78539816     -0.8665425713808502
       11.153971       2.3561945     -0.8665425713818515

       11.204102      0.78539816     -0.8558727754823543
       11.204102       2.3561945     -0.8558727754814903

       11.254232      0.78539816     -0.8452985070543249
       11.254232       2.3561945      -0.845298507054715

       11.304362      0.78539816     -0.8348204081228516
       11.304362       2.3561945     -0.8348204081231855

       11.354492      0.78539816     -0.8244390681995539
       11.354492       2.3561945     -0.8244390681988141

       11.404622      0.78539816     -0.8141550252253211
       11.404622       2.3561945     -0.8141550252246363

       11.454753      0.78539816     -0.8039687665375032
       11.454753       2.3561945     -0.8039687665372321

       11.504883      0.78539816     -0.7938807298419529
       11.504883       2.3561945      -0.793880729843031

       11.555013      0.78539816     -0.7838913041988228
       11.555013       2.3561945     -0.7838913041995706

       11.605143      0.78539816     -0.7740008310127697
       11.605143       2.3561945     -0.7740008310118986

       11.655273      0.78539816     -0.7642096050526214
       11.655273       2.3561945     -0.7642096050534954

       11.705404      0.78539816     -0.7545178754432624
       11.705404       2.3561945     -0.7545178754427634

       11.755534      0.78539816     -0.7449258467170717
       11.755534       2.3561945     -0.7449258467187726

       11.805664      0.78539816     -0.7354336797244994
       11.805664       2.3561945     -0.7354336797238211

       11.855794      0.78539816      -0.726041492951334
       11.855794       2.3561945     -0.7260414929493733

       11.905924      0.78539816     -0.7167493651793158
       11.905924       2.3561945      -0.716749365179787

       11.956055      0.78539816     -0.7075573157406911
       11.956055       2.3561945     -0.7075573157412464

       12.006185      0.78539816     -0.6984653944188711
       12.006185       2.3561945     -0.6984653944187076

       12.056315      0.78539816      -0.689473701196706
       12.056315       2.3561945     -0.6894737011953281

       12.106445      0.78539816     -0.6805799192893542
       12.106445       2.3561945     -0.6805799192902006

       12.156576      0.78539816     -0.6717937265405595
       12.156576       2.3561945     -0.6717937265385894

       12.206706      0.78539816     -0.6631091641354817
       12.206706       2.3561945     -0.6631091641368558

       12.256836      0.78539816     -0.6543596128559529
       12.256836       2.3561945     -0.6543596128555329

       12.306966      0.78539816     -0.6465186284571904
       12.306966       2.3561945     -0.6465186284577933

       12.357096      0.78539816     -0.6374163777174118
       12.357096       2.3561945      -0.637416377716829

       12.407227      0.78539816     -0.6230077743555525
       12.407227       2.3561945     -0.6230077743553265

       12.457357      0.78539816     -0.6504081343473094
       12.457357       2.3561945     -0.6504081343466896

       12.507487      0.78539816     -0.5509927582519819
       12.507487       2.3561945     -0.5509927582537799

       12.557617      0.78539816     -0.5923195683223632
       12.557617       2.3561945     -0.5923195683220625

       12.607747      0.78539816      -1.224063602408442
       12.607747       2.3561945      -1.224063602406968

       12.657878      0.78539816       1.376242742326551
       12.657878       2.3561945        1.37624274232613

       12.708008      0.78539816      -8.347506956720215
       12.708008       2.3561945      -8.347506956719574

       12.758138      0.78539816       18.01196096499852
       12.758138       2.3561945       18.01196096499828

       12.808268      0.78539816      -22.13317849094948
       12.808268       2.3561945      -22.13317849094867

       12.858398      0.78539816                       0
       12.858398       2.3561945                       0

       12.908529      0.78539816                       0
       12.908529       2.3561945                       0

       12.958659      0.78539816                       0
       12.958659       2.3561945                       0

       13.008789      0.78539816                       0
       13.008789       2.3561945                       0

