# File created on Wed Jul  8 11:33:16 2026
# ======================================== 
# = Running code assuming AXISYMMETRY    = 
# ======================================== 
# Data for Inflation GW initial data initial data at coord. time 0.188986 and proper central time 0.188986
# Evolved with (264,10,9) gridpoints (including 4 ghosts)
# Evolution with geodesic slicing and constant shift
# using eighth-order spatial differencing with 4 ghost zones 
# data 1 at theta = 0 and phi = 3.14159
# data 2 at theta = 1.5708 and phi = 3.14159
#                      r                    E_rr                    E_rr
#                               (     0,3.14159)        (1.5708,3.14159)
#========================================================================
            -0.210546875       -2.00107354388823      -2.001073543897832
            -0.150390625      -2.000551370451392      -2.000551370443431
    -0.09023437500000001      -2.000202804100737      -2.000202804096967
            -0.030078125      -2.000028385658783      -2.000028385664407
             0.030078125       -2.00002838567003      -2.000028385664407
     0.09023437500000001      -2.000202804093196      -2.000202804096967
             0.150390625       -2.00055137043547      -2.000551370443431
             0.210546875      -2.001073543907433      -2.001073543897832
             0.270703125      -2.001768513850075      -2.001768513845965
             0.330859375      -2.002635200568858      -2.002635200568389
             0.391015625      -2.003672256194537      -2.003672256193358
             0.451171875      -2.004878065880745      -2.004878065880052
             0.511328125      -2.006250749237028      -2.006250749237076
             0.571484375      -2.007788162000549      -2.007788161999697
      0.6316406250000001      -2.009487897919486      -2.009487897920057
             0.691796875       -2.01134729093384      -2.011347290933083
             0.751953125      -2.013363417532488      -2.013363417532387
             0.812109375      -2.015533099423603      -2.015533099423889
             0.872265625      -2.017852906407802      -2.017852906407141
      0.9324218750000001       -2.02031915950857      -2.020319159508914
             0.992578125       -2.02292793437196      -2.022927934371929
             1.052734375      -2.025675064901998      -2.025675064901684
             1.112890625      -2.028556147147689      -2.028556147147603
             1.173046875      -2.031566543463225      -2.031566543463074
             1.233203125      -2.034701386907129       -2.03470138690748
             1.293359375      -2.037955585913605      -2.037955585913133
             1.353515625      -2.041323829208875      -2.041323829209255
             1.413671875      -2.044800591006007      -2.044800591005319
             1.473828125      -2.048380136440564      -2.048380136441346
             1.533984375      -2.052056527287839       -2.05205652728729
             1.594140625      -2.055823627918384      -2.055823627918795
             1.654296875      -2.059675111539421      -2.059675111539075
             1.714453125      -2.063604466667945      -2.063604466668318
             1.774609375       -2.06760500389415      -2.067605003894041
             1.834765625      -2.071669862863614      -2.071669862863621
             1.894921875      -2.075792019556663      -2.075792019556257
             1.955078125       -2.07996429377411      -2.079964293774296
             2.015234375      -2.084179356914123       -2.08417935691414
             2.075390625       -2.08842973995583      -2.088429739955513
             2.135546875      -2.092707841707704      -2.092707841708225
             2.195703125      -2.097005937279859      -2.097005937279826
             2.255859375      -2.101316186782579       -2.10131618678212
             2.316015625        -2.1056306442463      -2.105630644246484
             2.376171875      -2.109941266769061      -2.109941266768764
             2.436328125      -2.114239923840642      -2.114239923841255
             2.496484375      -2.118518406901094      -2.118518406900617
             2.556640625      -2.122768439043897      -2.122768439044073
             2.616796875      -2.126981684939723       -2.12698168493985
             2.676953125      -2.131149760889883      -2.131149760889641
             2.737109375      -2.135264245051533      -2.135264245051939
             2.797265625      -2.139316687804633      -2.139316687804158
             2.857421875      -2.143298622234531      -2.143298622234489
             2.917578125      -2.147201574743316      -2.147201574743236
             2.977734375      -2.151017075745638       -2.15101707574561
             3.037890625      -2.154736670465327      -2.154736670465354
             3.098046875      -2.158351929776979      -2.158351929777194
             3.158203125      -2.161854461119418      -2.161854461119399
             3.218359375       -2.16523591943153       -2.16523591943132
             3.278515625      -2.168488018102742      -2.168488018102743
             3.338671875      -2.171602539933007      -2.171602539933069
             3.398828125      -2.174571348053989      -2.174571348053674
             3.458984375      -2.177386396820472      -2.177386396820715
             3.519140625      -2.180039742648875      -2.180039742648345
             3.579296875      -2.182523554749911      -2.182523554750202
             3.639453125      -2.184830125802173      -2.184830125802008
             3.699609375       -2.18695188245687      -2.186951882456682
             3.759765625      -2.188881395747986      -2.188881395748301
             3.819921875        -2.1906113913116      -2.190611391310864
             3.880078125      -2.192134759433243      -2.192134759433919
             3.940234375      -2.193444564903454      -2.193444564903242
       4.000390625000001      -2.194534056629002      -2.194534056628903
             4.060546875      -2.195396677030099      -2.195396677029993
             4.120703125        -2.1960260711495      -2.196026071149825
             4.180859375      -2.196416095509867      -2.196416095509579
             4.241015625      -2.196560826638347      -2.196560826638046
       4.301171875000001       -2.19645456930666      -2.196454569306469
             4.361328125      -2.196091864407341      -2.196091864407435
             4.421484375      -2.195467496505769      -2.195467496506151
             4.481640625      -2.194576500985665      -2.194576500984916
             4.541796875      -2.193414170848515      -2.193414170848827
       4.601953125000001       -2.19197606309155      -2.191976063091754
             4.662109375      -2.190258004667306      -2.190258004667299
             4.722265625      -2.188256098034312      -2.188256098033823
             4.782421875      -2.185966726247483       -2.18596672624759
             4.842578125      -2.183386557620513      -2.183386557620474
       4.902734375000001      -2.180512549904692      -2.180512549904992
             4.962890625      -2.177341954015944       -2.17734195401606
             5.023046875         -2.173872317271        -2.1738723172707
             5.083203125      -2.170101486150487      -2.170101486150595
             5.143359375      -2.166027608570846      -2.166027608571277
       5.203515625000001      -2.161649135648057      -2.161649135647164
             5.263671875      -2.156964822986449      -2.156964822986513
             5.323828125      -2.151973731453915      -2.151973731453571
             5.383984375        -2.1466752274665      -2.146675227466743
             5.444140625      -2.141068982765128      -2.141068982765146
       5.504296875000001      -2.135154973708306        -2.1351549737082
             5.564453125      -2.128933480063639      -2.128933480063278
             5.624609375      -2.122405083312727      -2.122405083313098
             5.684765625      -2.115570664483272      -2.115570664482846
             5.744921875      -2.108431401484802      -2.108431401484397
       5.805078125000001      -2.100988765999658      -2.100988765999634
             5.865234375      -2.093244519907951      -2.093244519907908
             5.925390625       -2.08520071125712      -2.085200711257676
             5.985546875      -2.076859669815109      -2.076859669815052
             6.045703125      -2.068224002172029      -2.068224002172184
       6.105859375000001      -2.059296586467457      -2.059296586466994
             6.166015625      -2.050080566686989      -2.050080566687278
             6.226171875       -2.04057934661359      -2.040579346614029
             6.286328125      -2.030796583383584      -2.030796583382816
             6.346484375      -2.020736180714348      -2.020736180714745
       6.406640625000001      -2.010402281808528      -2.010402281807995
             6.466796875      -1.999799261923666      -1.999799261924345
             6.526953125      -1.988931720678105      -1.988931720677958
             6.587109375      -1.977804474063878      -1.977804474063398
             6.647265625      -1.966422546212329      -1.966422546212856
       6.707421875000001      -1.954791160938514      -1.954791160938288
             6.767578125      -1.942915733050687      -1.942915733050613
             6.827734375      -1.930801859496367      -1.930801859496008
             6.887890625      -1.918455310307145      -1.918455310307764
             6.948046875      -1.905882019428822      -1.905882019428536
       7.008203125000001      -1.893088075383652      -1.893088075383459
             7.068359375      -1.880079711859148      -1.880079711859759
             7.128515625      -1.866863298195802      -1.866863298195825
             7.188671875      -1.853445329798084       -1.85344532979768
             7.248828125      -1.839832418521817      -1.839832418521659
       7.308984375000001       -1.82603128301913      -1.826031283019367
             7.369140625        -1.8120487390836      -1.812048739083647
             7.429296875      -1.797891690013078      -1.797891690013064
             7.489453125      -1.783567116990864      -1.783567116990565
             7.549609375      -1.769082069536492      -1.769082069536761
       7.609765625000001      -1.754443656015751      -1.754443656015801
             7.669921875       -1.73965903423823       -1.73965903423754
             7.730078125      -1.724735402149801      -1.724735402150209
             7.790234375      -1.709679988670235      -1.709679988670115
             7.850390625      -1.694500044633433      -1.694500044633334
       7.910546875000001      -1.679202833898667      -1.679202833899132
             7.970703125      -1.663795624622112       -1.66379562462128
             8.030859375      -1.648285680694592      -1.648285680694652
       8.091015625000001        -1.6326802533822      -1.632680253382347
       8.151171875000001      -1.616986573164227      -1.616986573164276
             8.211328125      -1.601211841771362      -1.601211841771246
             8.271484375      -1.585363224468114      -1.585363224468725
             8.331640625      -1.569447842542353      -1.569447842542664
       8.391796875000001       -1.55347276605256      -1.553472766052672
       8.451953125000001         -1.537445006813      -1.537445006813273
             8.512109375      -1.521371511636209      -1.521371511635528
             8.572265625      -1.505259155832572      -1.505259155832681
             8.632421875      -1.489114736985764      -1.489114736985846
       8.692578125000001      -1.472944968974186      -1.472944968974243
       8.752734375000001      -1.456756476297979      -1.456756476297106
             8.812890625      -1.440555788650145      -1.440555788650808
             8.873046875      -1.424349335796509      -1.424349335795379
             8.933203125      -1.408143442698144      -1.408143442698857
       8.993359375000001      -1.391944324964607      -1.391944324964821
       9.053515625000001      -1.375758084532357      -1.375758084532377
             9.113671875      -1.359590705665221       -1.35959070566545
             9.173828125      -1.343448051213374      -1.343448051213489
             9.233984375      -1.327335859153972      -1.327335859153983
       9.294140625000001      -1.311259739408956      -1.311259739408838
       9.354296875000001      -1.295225170925949       -1.29522517092619
             9.414453125       -1.27923749904374      -1.279237499042801
             9.474609375      -1.263301933092045      -1.263301933092304
             9.534765625      -1.247423544301641      -1.247423544301653
       9.594921875000001      -1.231607263898624      -1.231607263898224
       9.655078125000001      -1.215857881527116      -1.215857881527435
             9.715234375       -1.20018004384807      -1.200180043848344
             9.775390625      -1.184578253427079       -1.18457825342673
             9.835546875      -1.169056867812318       -1.16905686781272
       9.895703125000001      -1.153620098883901      -1.153620098884106
       9.955859375000001      -1.138272012377357      -1.138272012376974
            10.016015625      -1.123016527649757      -1.123016527649614
            10.076171875      -1.107857417638374      -1.107857417638453
            10.136328125      -1.092798309024515      -1.092798309024083
            10.196484375      -1.077842682577129      -1.077842682576859
            10.256640625      -1.062993873686451      -1.062993873687021
            10.316796875      -1.048255073083852      -1.048255073082833
            10.376953125       -1.03362932769652      -1.033629327696236
            10.437109375      -1.019119541705359      -1.019119541706262
            10.497265625      -1.004728477726717      -1.004728477726365
            10.557421875     -0.9904587581340422     -0.9904587581348143
            10.617578125     -0.9763128665531814     -0.9763128665531438
            10.677734375     -0.9622931494376472     -0.9622931494373924
            10.737890625     -0.9484018178069658     -0.9484018178072702
            10.798046875     -0.9346409490814274     -0.9346409490812979
            10.858203125     -0.9210124890176858     -0.9210124890179211
            10.918359375     -0.9075182537614129     -0.9075182537609534
            10.978515625     -0.8941599319806901     -0.8941599319809793
            11.038671875     -0.8809390870854078     -0.8809390870855878
            11.098828125     -0.8678571595301454     -0.8678571595298421
            11.158984375     -0.8549154691864681     -0.8549154691869927
            11.219140625     -0.8421152177777513     -0.8421152177775382
            11.279296875     -0.8294574913817813     -0.8294574913817012
            11.339453125     -0.8169432629704021     -0.8169432629707774
            11.399609375     -0.8045733950185483     -0.8045733950177936
            11.459765625     -0.7923486421210333     -0.7923486421210904
            11.519921875     -0.7802696536877212     -0.7802696536889659
            11.580078125     -0.7683369766285846     -0.7683369766277268
            11.640234375     -0.7565510580735605     -0.7565510580736541
            11.700390625     -0.7449122481374539      -0.744912248137662
            11.760546875     -0.7334208026578964     -0.7334208026588813
            11.820703125     -0.7220768859780031     -0.7220768859767475
            11.880859375     -0.7108805736992486     -0.7108805736994117
            11.941015625     -0.6998318554846943     -0.6998318554846228
            12.001171875     -0.6889306377960126     -0.6889306377956276
            12.061328125     -0.6781767466806627     -0.6781767466808464
            12.121484375     -0.6675699305117621     -0.6675699305105927
            12.181640625     -0.6571098627230044      -0.657109862723936
            12.241796875     -0.6467961445418966     -0.6467961445416978
            12.301953125     -0.6366283076674684     -0.6366283076674141
            12.362109375     -0.6266058169610456     -0.6266058169607456
            12.422265625     -0.6167280730826034     -0.6167280730823761
            12.482421875      -0.606994415119759     -0.6069944151204694
            12.542578125     -0.5974041231626901     -0.5974041231626732
            12.602734375     -0.5879564208650103     -0.5879564208646724
            12.662890625     -0.5786504779564894     -0.5786504779557795
            12.723046875      -0.569485412717103     -0.5694854127176587
            12.783203125     -0.5604602944358666     -0.5604602944356906
            12.843359375     -0.5515741457761006     -0.5515741457760351
            12.903515625      -0.542825945163276     -0.5428259451630506
            12.963671875     -0.5342146290701096     -0.5342146290699581
            13.023828125     -0.5257390943006325     -0.5257390943011049
            13.083984375     -0.5173982002002802     -0.5173982002002681
            13.144140625     -0.5091907708306848     -0.5091907708302987
            13.204296875     -0.5011155970892542     -0.5011155970901913
            13.264453125     -0.4931714388008318      -0.493171438800519
            13.324609375     -0.4853570267164916     -0.4853570267167842
            13.384765625      -0.477671064523196     -0.4776710645228587
            13.444921875     -0.4701122307411916     -0.4701122307411357
            13.505078125     -0.4626791806204153     -0.4626791806209958
            13.565234375      -0.455370547953297     -0.4553705479527572
            13.625390625     -0.4481849468677158     -0.4481849468671293
            13.685546875     -0.4411209735041605     -0.4411209735042754
            13.745703125     -0.4341772078170499     -0.4341772078170928
            13.805859375     -0.4273522148721866     -0.4273522148730627
            13.866015625     -0.4206445472521093     -0.4206445472514037
            13.926171875     -0.4140527444525609     -0.4140527444526633
            13.986328125     -0.4075753397942666     -0.4075753397936143
            14.046484375     -0.4012108479175975      -0.401210847917684
            14.106640625     -0.3949578019629021     -0.3949578019634521
            14.166796875     -0.3888146624271373     -0.3888146624271033
            14.226953125     -0.3827800561615204      -0.382780056160163
            14.287109375     -0.3768521931279151     -0.3768521931279815
            14.347265625     -0.3710301634737894     -0.3710301634746278
            14.407421875     -0.3653111168927099     -0.3653111168930945
            14.467578125     -0.3597004719133312     -0.3597004719130328
            14.527734375     -0.3541560767852334     -0.3541560767855683
            14.587890625     -0.3488053935546971     -0.3488053935547424
            14.648046875     -0.3437343612378191     -0.3437343612382297
            14.708203125     -0.3400888869577542      -0.340088886957589
            14.768359375     -0.2787329332983002     -0.2787329332987897
            14.828515625      -8.603848418781228      -8.603848418769861
            14.888671875   7.578937431059183e+65   7.578937430909034e+65
            14.948828125                    -nan                    -nan
            15.008984375                    -nan                    -nan
            15.069140625                    -nan                    -nan
            15.129296875                    -nan                    -nan
            15.189453125                    -nan                    -nan
            15.249609375                    -nan                    -nan
            15.309765625                    -nan                    -nan
            15.369921875                    -nan                    -nan
            15.430078125                       0                       0
            15.490234375                       0                       0
            15.550390625                       0                       0
            15.610546875                       0                       0
