# File created on Wed Jul  8 11:33:16 2026
# Data for Inflation GW initial data initial data at coord time 0.188986 and central proper time 0.188986
# Evolved with (264,10,9) gridpoints (including 4 ghosts)
# Evolution with geodesic slicing and constant shift shift condition 
# data for phi = 3.14159
#              r           theta                E_rr
#===============================================================
     0.030078125      0.78539816      -2.000028385668591
     0.030078125       2.3561945      -2.000028385660221

     0.090234375      0.78539816      -2.000202804094161
     0.090234375       2.3561945      -2.000202804099772

      0.15039062      0.78539816      -2.000551370437507
      0.15039062       2.3561945      -2.000551370449355

      0.21054687      0.78539816      -2.001073543904977
      0.21054687       2.3561945      -2.001073543890686

      0.27070312      0.78539816      -2.001768513849023
      0.27070312       2.3561945      -2.001768513842907

      0.33085938      0.78539816      -2.002635200568738
      0.33085938       2.3561945      -2.002635200568041

      0.39101563      0.78539816      -2.003672256194236
      0.39101563       2.3561945      -2.003672256192481

      0.45117188      0.78539816      -2.004878065880568
      0.45117188       2.3561945      -2.004878065879537

      0.51132813      0.78539816       -2.00625074923704
      0.51132813       2.3561945      -2.006250749237112

      0.57148438      0.78539816      -2.007788162000331
      0.57148438       2.3561945      -2.007788161999063

      0.63164063      0.78539816      -2.009487897919632
      0.63164063       2.3561945      -2.009487897920482

      0.69179687      0.78539816      -2.011347290933647
      0.69179687       2.3561945       -2.01134729093252

      0.75195312      0.78539816      -2.013363417532462
      0.75195312       2.3561945      -2.013363417532312

      0.81210938      0.78539816      -2.015533099423676
      0.81210938       2.3561945      -2.015533099424102

      0.87226563      0.78539816      -2.017852906407632
      0.87226563       2.3561945      -2.017852906406649

      0.93242188      0.78539816      -2.020319159508658
      0.93242188       2.3561945       -2.02031915950917

      0.99257812      0.78539816      -2.022927934371952
      0.99257812       2.3561945      -2.022927934371906

       1.0527344      0.78539816      -2.025675064901918
       1.0527344       2.3561945      -2.025675064901449

       1.1128906      0.78539816      -2.028556147147667
       1.1128906       2.3561945       -2.02855614714754

       1.1730469      0.78539816      -2.031566543463186
       1.1730469       2.3561945      -2.031566543462962

       1.2332031      0.78539816      -2.034701386907218
       1.2332031       2.3561945      -2.034701386907741

       1.2933594      0.78539816      -2.037955585913485
       1.2933594       2.3561945      -2.037955585912782

       1.3535156      0.78539816      -2.041323829208972
       1.3535156       2.3561945      -2.041323829209538

       1.4136719      0.78539816      -2.044800591005831
       1.4136719       2.3561945      -2.044800591004807

       1.4738281      0.78539816      -2.048380136440764
       1.4738281       2.3561945      -2.048380136441929

       1.5339844      0.78539816      -2.052056527287699
       1.5339844       2.3561945      -2.052056527286882

       1.5941406      0.78539816      -2.055823627918489
       1.5941406       2.3561945      -2.055823627919102

       1.6542969      0.78539816      -2.059675111539332
       1.6542969       2.3561945      -2.059675111538818

       1.7144531      0.78539816       -2.06360446666804
       1.7144531       2.3561945      -2.063604466668595

       1.7746094      0.78539816      -2.067605003894122
       1.7746094       2.3561945       -2.06760500389396

       1.8347656      0.78539816      -2.071669862863616
       1.8347656       2.3561945      -2.071669862863626

       1.8949219      0.78539816      -2.075792019556559
       1.8949219       2.3561945      -2.075792019555955

       1.9550781      0.78539816      -2.079964293774158
       1.9550781       2.3561945      -2.079964293774435

       2.0152344      0.78539816      -2.084179356914127
       2.0152344       2.3561945      -2.084179356914153

       2.0753906      0.78539816      -2.088429739955748
       2.0753906       2.3561945      -2.088429739955278

       2.1355469      0.78539816      -2.092707841707837
       2.1355469       2.3561945      -2.092707841708613

       2.1957031      0.78539816      -2.097005937279851
       2.1957031       2.3561945      -2.097005937279802

       2.2558594      0.78539816      -2.101316186782462
       2.2558594       2.3561945      -2.101316186781778

       2.3160156      0.78539816      -2.105630644246347
       2.3160156       2.3561945      -2.105630644246621

       2.3761719      0.78539816      -2.109941266768985
       2.3761719       2.3561945      -2.109941266768543

       2.4363281      0.78539816      -2.114239923840799
       2.4363281       2.3561945      -2.114239923841711

       2.4964844      0.78539816      -2.118518406900972
       2.4964844       2.3561945      -2.118518406900262

       2.5566406      0.78539816      -2.122768439043942
       2.5566406       2.3561945      -2.122768439044205

       2.6167969      0.78539816      -2.126981684939755
       2.6167969       2.3561945      -2.126981684939945

       2.6769531      0.78539816      -2.131149760889821
       2.6769531       2.3561945      -2.131149760889461

       2.7371094      0.78539816      -2.135264245051637
       2.7371094       2.3561945      -2.135264245052242

       2.7972656      0.78539816      -2.139316687804512
       2.7972656       2.3561945      -2.139316687803803

       2.8574219      0.78539816       -2.14329862223452
       2.8574219       2.3561945      -2.143298622234458

       2.9175781      0.78539816      -2.147201574743295
       2.9175781       2.3561945      -2.147201574743177

       2.9777344      0.78539816      -2.151017075745631
       2.9777344       2.3561945       -2.15101707574559

       3.0378906      0.78539816      -2.154736670465333
       3.0378906       2.3561945      -2.154736670465374

       3.0980469      0.78539816      -2.158351929777034
       3.0980469       2.3561945      -2.158351929777354

       3.1582031      0.78539816      -2.161854461119413
       3.1582031       2.3561945      -2.161854461119384

       3.2183594      0.78539816      -2.165235919431476
       3.2183594       2.3561945      -2.165235919431164

       3.2785156      0.78539816      -2.168488018102742
       3.2785156       2.3561945      -2.168488018102744

       3.3386719      0.78539816      -2.171602539933023
       3.3386719       2.3561945      -2.171602539933115

       3.3988281      0.78539816      -2.174571348053909
       3.3988281       2.3561945       -2.17457134805344

       3.4589844      0.78539816      -2.177386396820534
       3.4589844       2.3561945      -2.177386396820896

       3.5191406      0.78539816       -2.18003974264874
       3.5191406       2.3561945      -2.180039742647951

       3.5792969      0.78539816      -2.182523554749986
       3.5792969       2.3561945      -2.182523554750419

       3.6394531      0.78539816       -2.18483012580213
       3.6394531       2.3561945      -2.184830125801886

       3.6996094      0.78539816      -2.186951882456822
       3.6996094       2.3561945      -2.186951882456541

       3.7597656      0.78539816      -2.188881395748067
       3.7597656       2.3561945      -2.188881395748536

       3.8199219      0.78539816      -2.190611391311412
       3.8199219       2.3561945      -2.190611391310316

       3.8800781      0.78539816      -2.192134759433416
       3.8800781       2.3561945      -2.192134759434422

       3.9402344      0.78539816        -2.1934445649034
       3.9402344       2.3561945      -2.193444564903084

       4.0003906      0.78539816      -2.194534056628977
       4.0003906       2.3561945       -2.19453405662883

       4.0605469      0.78539816      -2.195396677030072
       4.0605469       2.3561945      -2.195396677029914

       4.1207031      0.78539816      -2.196026071149583
       4.1207031       2.3561945      -2.196026071150068

       4.1808594      0.78539816      -2.196416095509794
       4.1808594       2.3561945      -2.196416095509364

       4.2410156      0.78539816      -2.196560826638271
       4.2410156       2.3561945      -2.196560826637822

       4.3011719      0.78539816      -2.196454569306611
       4.3011719       2.3561945      -2.196454569306326

       4.3613281      0.78539816      -2.196091864407365
       4.3613281       2.3561945      -2.196091864407503

       4.4214844      0.78539816      -2.195467496505867
       4.4214844       2.3561945      -2.195467496506434

       4.4816406      0.78539816      -2.194576500985474
       4.4816406       2.3561945      -2.194576500984359

       4.5417969      0.78539816      -2.193414170848595
       4.5417969       2.3561945       -2.19341417084906

       4.6019531      0.78539816      -2.191976063091602
       4.6019531       2.3561945      -2.191976063091905

       4.6621094      0.78539816      -2.190258004667304
       4.6621094       2.3561945      -2.190258004667293

       4.7222656      0.78539816      -2.188256098034187
       4.7222656       2.3561945      -2.188256098033459

       4.7824219      0.78539816       -2.18596672624751
       4.7824219       2.3561945      -2.185966726247669

       4.8425781      0.78539816      -2.183386557620503
       4.8425781       2.3561945      -2.183386557620445

       4.9027344      0.78539816      -2.180512549904769
       4.9027344       2.3561945      -2.180512549905214

       4.9628906      0.78539816      -2.177341954015974
       4.9628906       2.3561945      -2.177341954016147

       5.0230469      0.78539816      -2.173872317270924
       5.0230469       2.3561945      -2.173872317270476

       5.0832031      0.78539816      -2.170101486150515
       5.0832031       2.3561945      -2.170101486150675

       5.1433594      0.78539816      -2.166027608570956
       5.1433594       2.3561945      -2.166027608571597

       5.2035156      0.78539816      -2.161649135647829
       5.2035156       2.3561945        -2.1616491356465

       5.2636719      0.78539816      -2.156964822986466
       5.2636719       2.3561945      -2.156964822986561

       5.3238281      0.78539816      -2.151973731453827
       5.3238281       2.3561945      -2.151973731453315

       5.3839844      0.78539816      -2.146675227466563
       5.3839844       2.3561945      -2.146675227466924

       5.4441406      0.78539816      -2.141068982765133
       5.4441406       2.3561945       -2.14106898276516

       5.5042969      0.78539816      -2.135154973708279
       5.5042969       2.3561945      -2.135154973708121

       5.5644531      0.78539816      -2.128933480063547
       5.5644531       2.3561945      -2.128933480063009

       5.6246094      0.78539816      -2.122405083312822
       5.6246094       2.3561945      -2.122405083313375

       5.6847656      0.78539816      -2.115570664483163
       5.6847656       2.3561945       -2.11557066448253

       5.7449219      0.78539816      -2.108431401484698
       5.7449219       2.3561945      -2.108431401484097

       5.8050781      0.78539816      -2.100988765999651
       5.8050781       2.3561945      -2.100988765999615

       5.8652344      0.78539816       -2.09324451990794
       5.8652344       2.3561945      -2.093244519907876

       5.9253906      0.78539816      -2.085200711257262
       5.9253906       2.3561945       -2.08520071125809

       5.9855469      0.78539816      -2.076859669815095
       5.9855469       2.3561945      -2.076859669815009

       6.0457031      0.78539816      -2.068224002172068
       6.0457031       2.3561945      -2.068224002172299

       6.1058594      0.78539816      -2.059296586467338
       6.1058594       2.3561945       -2.05929658646665

       6.1660156      0.78539816      -2.050080566687063
       6.1660156       2.3561945      -2.050080566687492

       6.2261719      0.78539816      -2.040579346613702
       6.2261719       2.3561945      -2.040579346614356

       6.2863281      0.78539816      -2.030796583383387
       6.2863281       2.3561945      -2.030796583382245

       6.3464844      0.78539816      -2.020736180714449
       6.3464844       2.3561945      -2.020736180715041

       6.4066406      0.78539816      -2.010402281808391
       6.4066406       2.3561945      -2.010402281807599

       6.4667969      0.78539816       -1.99979926192384
       6.4667969       2.3561945       -1.99979926192485

       6.5269531      0.78539816      -1.988931720678067
       6.5269531       2.3561945      -1.988931720677849

       6.5871094      0.78539816      -1.977804474063755
       6.5871094       2.3561945       -1.97780447406304

       6.6472656      0.78539816      -1.966422546212464
       6.6472656       2.3561945      -1.966422546213247

       6.7074219      0.78539816      -1.954791160938456
       6.7074219       2.3561945       -1.95479116093812

       6.7675781      0.78539816      -1.942915733050668
       6.7675781       2.3561945      -1.942915733050558

       6.8277344      0.78539816      -1.930801859496275
       6.8277344       2.3561945       -1.93080185949574

       6.8878906      0.78539816      -1.918455310307303
       6.8878906       2.3561945      -1.918455310308224

       6.9480469      0.78539816      -1.905882019428749
       6.9480469       2.3561945      -1.905882019428322

       7.0082031      0.78539816      -1.893088075383602
       7.0082031       2.3561945      -1.893088075383315

       7.0683594      0.78539816      -1.880079711859304
       7.0683594       2.3561945      -1.880079711860213

       7.1285156      0.78539816      -1.866863298195808
       7.1285156       2.3561945      -1.866863298195842

       7.1886719      0.78539816       -1.85344532979798
       7.1886719       2.3561945      -1.853445329797379

       7.2488281      0.78539816      -1.839832418521776
       7.2488281       2.3561945      -1.839832418521543

       7.3089844      0.78539816      -1.826031283019191
       7.3089844       2.3561945      -1.826031283019544

       7.3691406      0.78539816      -1.812048739083612
       7.3691406       2.3561945      -1.812048739083682

       7.4292969      0.78539816      -1.797891690013074
       7.4292969       2.3561945      -1.797891690013053

       7.4894531      0.78539816      -1.783567116990787
       7.4894531       2.3561945      -1.783567116990343

       7.5496094      0.78539816      -1.769082069536561
       7.5496094       2.3561945      -1.769082069536962

       7.6097656      0.78539816      -1.754443656015764
       7.6097656       2.3561945      -1.754443656015838

       7.6699219      0.78539816      -1.739659034238053
       7.6699219       2.3561945      -1.739659034237026

       7.7300781      0.78539816      -1.724735402149906
       7.7300781       2.3561945      -1.724735402150513

       7.7902344      0.78539816      -1.709679988670204
       7.7902344       2.3561945      -1.709679988670025

       7.8503906      0.78539816      -1.694500044633408
       7.8503906       2.3561945      -1.694500044633261

       7.9105469      0.78539816      -1.679202833898786
       7.9105469       2.3561945      -1.679202833899478

       7.9707031      0.78539816      -1.663795624621899
       7.9707031       2.3561945      -1.663795624620662

       8.0308594      0.78539816      -1.648285680694608
       8.0308594       2.3561945      -1.648285680694696

       8.0910156      0.78539816      -1.632680253382238
       8.0910156       2.3561945      -1.632680253382456

       8.1511719      0.78539816       -1.61698657316424
       8.1511719       2.3561945      -1.616986573164312

       8.2113281      0.78539816      -1.601211841771332
       8.2113281       2.3561945      -1.601211841771159

       8.2714844      0.78539816       -1.58536322446827
       8.2714844       2.3561945      -1.585363224469179

       8.3316406      0.78539816      -1.569447842542433
       8.3316406       2.3561945      -1.569447842542895

       8.3917969      0.78539816      -1.553472766052588
       8.3917969       2.3561945      -1.553472766052756

       8.4519531      0.78539816       -1.53744500681307
       8.4519531       2.3561945      -1.537445006813475

       8.5121094      0.78539816      -1.521371511636035
       8.5121094       2.3561945      -1.521371511635022

       8.5722656      0.78539816        -1.5052591558326
       8.5722656       2.3561945      -1.505259155832762

       8.6324219      0.78539816      -1.489114736985785
       8.6324219       2.3561945      -1.489114736985906

       8.6925781      0.78539816        -1.4729449689742
       8.6925781       2.3561945      -1.472944968974285

       8.7527344      0.78539816      -1.456756476297756
       8.7527344       2.3561945      -1.456756476296456

       8.8128906      0.78539816      -1.440555788650315
       8.8128906       2.3561945        -1.4405557886513

       8.8730469      0.78539816       -1.42434933579622
       8.8730469       2.3561945      -1.424349335794538

       8.9332031      0.78539816      -1.408143442698326
       8.9332031       2.3561945      -1.408143442699387

       8.9933594      0.78539816      -1.391944324964662
       8.9933594       2.3561945      -1.391944324964981

       9.0535156      0.78539816      -1.375758084532362
       9.0535156       2.3561945      -1.375758084532392

       9.1136719      0.78539816      -1.359590705665279
       9.1136719       2.3561945       -1.35959070566562

       9.1738281      0.78539816      -1.343448051213404
       9.1738281       2.3561945      -1.343448051213574

       9.2339844      0.78539816      -1.327335859153975
       9.2339844       2.3561945      -1.327335859153991

       9.2941406      0.78539816      -1.311259739408926
       9.2941406       2.3561945       -1.31125973940875

       9.3542969      0.78539816      -1.295225170926011
       9.3542969       2.3561945      -1.295225170926369

       9.4144531      0.78539816        -1.2792374990435
       9.4144531       2.3561945      -1.279237499042102

       9.4746094      0.78539816      -1.263301933092111
       9.4746094       2.3561945      -1.263301933092496

       9.5347656      0.78539816      -1.247423544301644
       9.5347656       2.3561945      -1.247423544301662

       9.5949219      0.78539816      -1.231607263898522
       9.5949219       2.3561945      -1.231607263897926

       9.6550781      0.78539816      -1.215857881527197
       9.6550781       2.3561945      -1.215857881527672

       9.7152344      0.78539816       -1.20018004384814
       9.7152344       2.3561945      -1.200180043848548

       9.7753906      0.78539816       -1.18457825342699
       9.7753906       2.3561945      -1.184578253426471

       9.8355469      0.78539816      -1.169056867812421
       9.8355469       2.3561945      -1.169056867813019

       9.8957031      0.78539816      -1.153620098883953
       9.8957031       2.3561945      -1.153620098884259

       9.9558594      0.78539816      -1.138272012377259
       9.9558594       2.3561945      -1.138272012376689

       10.016016      0.78539816       -1.12301652764972
       10.016016       2.3561945      -1.123016527649509

       10.076172      0.78539816      -1.107857417638394
       10.076172       2.3561945      -1.107857417638511

       10.136328      0.78539816      -1.092798309024404
       10.136328       2.3561945      -1.092798309023761

       10.196484      0.78539816       -1.07784268257706
       10.196484       2.3561945      -1.077842682576659

       10.256641      0.78539816      -1.062993873686596
       10.256641       2.3561945      -1.062993873687444

       10.316797      0.78539816      -1.048255073083592
       10.316797       2.3561945      -1.048255073082074

       10.376953      0.78539816      -1.033629327696447
       10.376953       2.3561945      -1.033629327696024

       10.437109      0.78539816       -1.01911954170559
       10.437109       2.3561945      -1.019119541706933

       10.497266      0.78539816      -1.004728477726627
       10.497266       2.3561945      -1.004728477726103

       10.557422      0.78539816     -0.9904587581342397
       10.557422       2.3561945     -0.9904587581353889

       10.617578      0.78539816     -0.9763128665531717
       10.617578       2.3561945     -0.9763128665531159

       10.677734      0.78539816      -0.962293149437582
       10.677734       2.3561945     -0.9622931494372029

       10.737891      0.78539816     -0.9484018178070436
       10.737891       2.3561945     -0.9484018178074968

       10.798047      0.78539816     -0.9346409490813943
       10.798047       2.3561945     -0.9346409490812014

       10.858203      0.78539816      -0.921012489017746
       10.858203       2.3561945     -0.9210124890180962

       10.918359      0.78539816     -0.9075182537612954
       10.918359       2.3561945     -0.9075182537606116

       10.978516      0.78539816     -0.8941599319807642
       10.978516       2.3561945     -0.8941599319811946

       11.038672      0.78539816     -0.8809390870854539
       11.038672       2.3561945     -0.8809390870857217

       11.098828      0.78539816     -0.8678571595300678
       11.098828       2.3561945     -0.8678571595296164

       11.158984      0.78539816     -0.8549154691866023
       11.158984       2.3561945      -0.854915469187383

       11.219141      0.78539816     -0.8421152177776968
       11.219141       2.3561945     -0.8421152177773794

       11.279297      0.78539816     -0.8294574913817608
       11.279297       2.3561945     -0.8294574913816416

       11.339453      0.78539816     -0.8169432629704981
       11.339453       2.3561945     -0.8169432629710567

       11.399609      0.78539816     -0.8045733950183552
       11.399609       2.3561945      -0.804573395017232

       11.459766      0.78539816     -0.7923486421210478
       11.459766       2.3561945     -0.7923486421211327

       11.519922      0.78539816     -0.7802696536880396
       11.519922       2.3561945     -0.7802696536898923

       11.580078      0.78539816     -0.7683369766283652
       11.580078       2.3561945     -0.7683369766270886

       11.640234      0.78539816     -0.7565510580735845
       11.640234       2.3561945     -0.7565510580737236

       11.700391      0.78539816     -0.7449122481375072
       11.700391       2.3561945     -0.7449122481378169

       11.760547      0.78539816     -0.7334208026581484
       11.760547       2.3561945     -0.7334208026596143

       11.820703      0.78539816     -0.7220768859776819
       11.820703       2.3561945      -0.722076885975813

       11.880859      0.78539816     -0.7108805736992904
       11.880859       2.3561945     -0.7108805736995332

       11.941016      0.78539816      -0.699831855484676
       11.941016       2.3561945     -0.6998318554845697

       12.001172      0.78539816     -0.6889306377959141
       12.001172       2.3561945      -0.688930637795341

       12.061328      0.78539816     -0.6781767466807097
       12.061328       2.3561945      -0.678176746680983

       12.121484      0.78539816      -0.667569930511463
       12.121484       2.3561945     -0.6675699305097226

       12.181641      0.78539816     -0.6571098627232427
       12.181641       2.3561945     -0.6571098627246292

       12.241797      0.78539816     -0.6467961445418458
       12.241797       2.3561945     -0.6467961445415498

       12.301953      0.78539816     -0.6366283076674545
       12.301953       2.3561945     -0.6366283076673737

       12.362109      0.78539816     -0.6266058169609688
       12.362109       2.3561945     -0.6266058169605224

       12.422266      0.78539816     -0.6167280730825452
       12.422266       2.3561945      -0.616728073082207

       12.482422      0.78539816     -0.6069944151199407
       12.482422       2.3561945     -0.6069944151209979

       12.542578      0.78539816     -0.5974041231626858
       12.542578       2.3561945     -0.5974041231626608

       12.602734      0.78539816     -0.5879564208649239
       12.602734       2.3561945     -0.5879564208644209

       12.662891      0.78539816     -0.5786504779563078
       12.662891       2.3561945     -0.5786504779552513

       12.723047      0.78539816     -0.5694854127172451
       12.723047       2.3561945     -0.5694854127180723

       12.783203      0.78539816     -0.5604602944358216
       12.783203       2.3561945     -0.5604602944355596

       12.843359      0.78539816     -0.5515741457760839
       12.843359       2.3561945     -0.5515741457759864

       12.903516      0.78539816     -0.5428259451632182
       12.903516       2.3561945      -0.542825945162883

       12.963672      0.78539816     -0.5342146290700709
       12.963672       2.3561945     -0.5342146290698453

       13.023828      0.78539816     -0.5257390943007534
       13.023828       2.3561945     -0.5257390943014565

       13.083984      0.78539816      -0.517398200200277
       13.083984       2.3561945     -0.5173982002002591

       13.144141      0.78539816     -0.5091907708305859
       13.144141       2.3561945     -0.5091907708300114

       13.204297      0.78539816     -0.5011155970894939
       13.204297       2.3561945     -0.5011155970908886

       13.264453      0.78539816     -0.4931714388007518
       13.264453       2.3561945     -0.4931714388002862

       13.324609      0.78539816     -0.4853570267165664
       13.324609       2.3561945     -0.4853570267170018

       13.384766      0.78539816     -0.4776710645231096
       13.384766       2.3561945     -0.4776710645226076

       13.444922      0.78539816     -0.4701122307411773
       13.444922       2.3561945     -0.4701122307410941

       13.505078      0.78539816     -0.4626791806205638
       13.505078       2.3561945     -0.4626791806214277

       13.565234      0.78539816     -0.4553705479531589
       13.565234       2.3561945     -0.4553705479523554

       13.625391      0.78539816     -0.4481849468675657
       13.625391       2.3561945     -0.4481849468666928

       13.685547      0.78539816     -0.4411209735041899
       13.685547       2.3561945     -0.4411209735043609

       13.745703      0.78539816     -0.4341772078170609
       13.745703       2.3561945     -0.4341772078171247

       13.805859      0.78539816     -0.4273522148724107
       13.805859       2.3561945     -0.4273522148737147

       13.866016      0.78539816     -0.4206445472519288
       13.866016       2.3561945     -0.4206445472508786

       13.926172      0.78539816     -0.4140527444525871
       13.926172       2.3561945     -0.4140527444527395

       13.986328      0.78539816     -0.4075753397940998
       13.986328       2.3561945     -0.4075753397931288

       14.046484      0.78539816     -0.4012108479176196
       14.046484       2.3561945     -0.4012108479177485

       14.106641      0.78539816     -0.3949578019630428
       14.106641       2.3561945     -0.3949578019638614

       14.166797      0.78539816     -0.3888146624271286
       14.166797       2.3561945     -0.3888146624270781

       14.226953      0.78539816     -0.3827800561611732
       14.226953       2.3561945     -0.3827800561591528

       14.287109      0.78539816     -0.3768521931279321
       14.287109       2.3561945     -0.3768521931280309

       14.347266      0.78539816     -0.3710301634740039
       14.347266       2.3561945     -0.3710301634752518

       14.407422      0.78539816     -0.3653111168928083
       14.407422       2.3561945     -0.3653111168933807

       14.467578      0.78539816     -0.3597004719132548
       14.467578       2.3561945     -0.3597004719128108

       14.527734      0.78539816      -0.354156076785319
       14.527734       2.3561945     -0.3541560767858175

       14.587891      0.78539816     -0.3488053935547087
       14.587891       2.3561945      -0.348805393554776

       14.648047      0.78539816     -0.3437343612379241
       14.648047       2.3561945     -0.3437343612385353

       14.708203      0.78539816     -0.3400888869577119
       14.708203       2.3561945     -0.3400888869574661

       14.768359      0.78539816     -0.2787329332984254
       14.768359       2.3561945     -0.2787329332991539

       14.828516      0.78539816       -8.60384841877832
       14.828516       2.3561945        -8.6038484187614

       14.888672      0.78539816   7.578937431020773e+65
       14.888672       2.3561945   7.578937430797295e+65

       14.948828      0.78539816                    -nan
       14.948828       2.3561945                    -nan

       15.008984      0.78539816                    -nan
       15.008984       2.3561945                    -nan

       15.069141      0.78539816                    -nan
       15.069141       2.3561945                    -nan

       15.129297      0.78539816                    -nan
       15.129297       2.3561945                    -nan

       15.189453      0.78539816                    -nan
       15.189453       2.3561945                    -nan

       15.249609      0.78539816                    -nan
       15.249609       2.3561945                    -nan

       15.309766      0.78539816                    -nan
       15.309766       2.3561945                    -nan

       15.369922      0.78539816                    -nan
       15.369922       2.3561945                    -nan

       15.430078      0.78539816                       0
       15.430078       2.3561945                       0

       15.490234      0.78539816                       0
       15.490234       2.3561945                       0

       15.550391      0.78539816                       0
       15.550391       2.3561945                       0

       15.610547      0.78539816                       0
       15.610547       2.3561945                       0

