# File created on Tue Jul  7 16:46:48 2026
# ======================================== 
# = Running code assuming AXISYMMETRY    = 
# ======================================== 
# Data for Inflation GW initial data initial data at coord. time 0 and proper central time 0
# Evolved with (264,10,9) gridpoints (including 4 ghosts)
# Evolution with geodesic slicing and constant shift
# using eighth-order spatial differencing with 4 ghost zones 
# data 1 at theta = 0 and phi = 3.14159
# data 2 at theta = 1.5708 and phi = 3.14159
#                      r                    E_rr                    E_rr
#                               (     0,3.14159)        (1.5708,3.14159)
#========================================================================
              -0.2734375     -0.1073226289025986     -0.1073226289025986
              -0.1953125    -0.07035655744525438    -0.07035655744525439
              -0.1171875    -0.02466413760852319    -0.02466413760852319
              -0.0390625    0.006350229360351478    0.006350229360351473
               0.0390625    0.006350229360351468    0.006350229360351473
               0.1171875    -0.02466413760852319    -0.02466413760852319
               0.1953125     -0.0703565574452544    -0.07035655744525439
               0.2734375     -0.1073226289025986     -0.1073226289025986
               0.3515625     -0.1211917801224817     -0.1211917801224817
               0.4296875     -0.1117508995493538     -0.1117508995493538
               0.5078125    -0.08871266332726926    -0.08871266332726929
               0.5859375     -0.0631779245358763    -0.06317792453587637
               0.6640625    -0.04205952205538849    -0.04205952205538857
               0.7421875    -0.02734108312383728    -0.02734108312383728
               0.8203125    -0.01807778824203159    -0.01807778824203157
               0.8984375    -0.01250497794075444    -0.01250497794075447
               0.9765625   -0.009133176003114309   -0.009133176003114332
               1.0546875   -0.006998289836709018   -0.006998289836708909
               1.1328125   -0.005555787376908183   -0.005555787376908006
               1.2109375   -0.004518643796158206   -0.004518643796158089
               1.2890625   -0.003737389036385584   -0.003737389036385524
               1.3671875   -0.003130472303687463   -0.003130472303687498
               1.4453125   -0.002649301674332297   -0.002649301674332376
               1.5234375   -0.002262174450630264   -0.002262174450630346
               1.6015625   -0.001947002171573558    -0.00194700217157367
               1.6796875   -0.001687772142567828   -0.001687772142567901
               1.7578125   -0.001472594885456204   -0.001472594885456232
               1.8359375   -0.001292494985466501   -0.001292494985466559
               1.9140625   -0.001140606117845892   -0.001140606117845967
               1.9921875   -0.001011613901829109   -0.001011613901829157
               2.0703125   -0.000901361457642349  -0.0009013614576423752
               2.1484375  -0.0008065656193298981  -0.0008065656193299282
               2.2265625  -0.0007246099699889098  -0.0007246099699889575
               2.3046875  -0.0006533920718881018  -0.0006533920718881625
               2.3828125  -0.0005912094206994489  -0.0005912094206994933
               2.4609375  -0.0005366734328976849  -0.0005366734328976976
               2.5390625  -0.0004886439367526868  -0.0004886439367526854
               2.6171875   -0.000446178834527492  -0.0004461788345275054
               2.6953125   -0.000408495092503674  -0.0004084950925037198
               2.7734375  -0.0003749382689027124  -0.0003749382689027682
               2.8515625  -0.0003449585375187067  -0.0003449585375187602
               2.9296875  -0.0003180916836881616  -0.0003180916836882114
               3.0078125  -0.0002939439481330909  -0.0002939439481331229
               3.0859375  -0.0002721798616352749  -0.0002721798616352827
               3.1640625  -0.0002525124188540764  -0.0002525124188540664
               3.2421875  -0.0002346951048459639  -0.0002346951048459405
               3.3203125  -0.0002185153837479395  -0.0002185153837479036
               3.3984375  -0.0002037893575589754  -0.0002037893575589394
               3.4765625  -0.0001903573633014676  -0.0001903573633014368
               3.5546875  -0.0001780803280509815   -0.000178080328050952
               3.6328125    -0.00016683673520348  -0.0001668367352034541
               3.7109375  -0.0001565200942613808  -0.0001565200942613605
               3.7890625  -0.0001470368145667889  -0.0001470368145667739
               3.8671875  -0.0001383044204403393  -0.0001383044204403369
               3.9453125  -0.0001302500404005144  -0.0001302500404005288
               4.0234375  -0.0001228091265802445  -0.0001228091265802648
               4.1015625   -0.000115924367864647  -0.0001159243678646652
               4.1796875  -0.0001095447593967633  -0.0001095447593967812
               4.2578125  -0.0001036248077882597  -0.0001036248077882737
               4.3359375  -9.812384986403934e-05  -9.812384986404598e-05
               4.4140625  -9.300546260592237e-05  -9.300546260592696e-05
               4.4921875  -8.823695883171898e-05  -8.823695883171978e-05
               4.5703125  -8.378894478191659e-05   -8.37889447819037e-05
               4.6484375  -7.963494190609452e-05  -7.963494190606663e-05
               4.7265625  -7.575105387465715e-05  -7.575105387462114e-05
               4.8046875  -7.211567721084207e-05  -7.211567721081157e-05
               4.8828125  -6.870924929296658e-05  -6.870924929294997e-05
               4.9609375   -6.55140270074331e-05  -6.551402700742778e-05
               5.0390625  -6.251389183126059e-05  -6.251389183126277e-05
               5.1171875  -5.969417898544766e-05  -5.969417898545063e-05
               5.1953125  -5.704152696607891e-05  -5.704152696608164e-05
               5.2734375  -5.454374486234129e-05  -5.454374486235753e-05
               5.3515625  -5.218969291345319e-05  -5.218969291348134e-05
               5.4296875  -4.996917983590627e-05   -4.99691798359328e-05
               5.5078125  -4.787286931578978e-05    -4.7872869315803e-05
               5.5859375  -4.589219765086545e-05  -4.589219765085926e-05
               5.6640625  -4.401929912111538e-05    -4.4019299121103e-05
               5.7421875  -4.224694300610962e-05  -4.224694300610322e-05
               5.8203125  -4.056847136785493e-05  -4.056847136785729e-05
               5.8984375  -3.897774931671827e-05  -3.897774931672408e-05
               5.9765625  -3.746911695981823e-05  -3.746911695981778e-05
               6.0546875  -3.603734588126483e-05  -3.603734588124717e-05
               6.1328125  -3.467760343261524e-05  -3.467760343258097e-05
               6.2109375  -3.338541659411946e-05  -3.338541659408278e-05
               6.2890625  -3.215664089200073e-05  -3.215664089197305e-05
               6.3671875  -3.098743458836527e-05  -3.098743458835012e-05
               6.4453125  -2.987423058909632e-05  -2.987423058908798e-05
               6.5234375  -2.881371621214336e-05  -2.881371621213652e-05
               6.6015625  -2.780280998913559e-05  -2.780280998912633e-05
               6.6796875  -2.683864578629162e-05  -2.683864578627955e-05
               6.7578125  -2.591855173226102e-05  -2.591855173225302e-05
               6.8359375  -2.504003949848467e-05  -2.504003949848745e-05
               6.9140625  -2.420078569664906e-05  -2.420078569665722e-05
               6.9921875  -2.339862204044248e-05  -2.339862204044807e-05
               7.0703125  -2.263152164967123e-05  -2.263152164967258e-05
               7.1484375  -2.189758958600082e-05  -2.189758958599947e-05
               7.2265625  -2.119505265373131e-05  -2.119505265372964e-05
               7.3046875  -2.052224947832427e-05  -2.052224947831929e-05
               7.3828125  -1.987762388568916e-05  -1.987762388568216e-05
               7.4609375  -1.925971568790948e-05  -1.925971568790808e-05
               7.5390625   -1.86671553593763e-05  -1.866715535938377e-05
               7.6171875  -1.809865579468251e-05  -1.809865579469747e-05
               7.6953125  -1.755300887373295e-05  -1.755300887375066e-05
               7.7734375   -1.70290768062218e-05  -1.702907680623566e-05
               7.8515625  -1.652579063694015e-05  -1.652579063694595e-05
               7.9296875  -1.604214327330321e-05  -1.604214327330329e-05
               8.0078125  -1.557718586711567e-05  -1.557718586711481e-05
               8.0859375  -1.513002449213597e-05  -1.513002449213795e-05
               8.1640625   -1.46998156122837e-05   -1.46998156122907e-05
               8.2421875  -1.428576369167806e-05  -1.428576369168904e-05
               8.3203125  -1.388711675333785e-05  -1.388711675335163e-05
               8.3984375  -1.350316572502431e-05   -1.35031657250392e-05
               8.4765625  -1.313323899008553e-05  -1.313323899009952e-05
               8.5546875  -1.277670214534491e-05  -1.277670214535685e-05
               8.6328125  -1.243295536491572e-05  -1.243295536492693e-05
               8.7109375  -1.210142935809758e-05  -1.210142935810889e-05
               8.7890625  -1.178158640685569e-05  -1.178158640686431e-05
               8.8671875  -1.147291634756799e-05  -1.147291634757231e-05
               8.9453125  -1.117493507179186e-05  -1.117493507179323e-05
               9.0234375  -1.088718467641829e-05  -1.088718467641769e-05
               9.1015625  -1.060922901872822e-05  -1.060922901872567e-05
               9.1796875  -1.034065547700179e-05  -1.034065547699843e-05
               9.2578125  -1.008107097336305e-05  -1.008107097336171e-05
               9.3359375  -9.830103060477257e-06  -9.830103060480098e-06
               9.4140625  -9.587396818898555e-06  -9.587396818904411e-06
               9.4921875   -9.35261540849758e-06  -9.352615408504326e-06
               9.5703125  -9.125437524186075e-06  -9.125437524190638e-06
               9.6484375  -8.905558164225336e-06  -8.905558164224757e-06
               9.7265625  -8.692686450258589e-06  -8.692686450251191e-06
               9.8046875  -8.486545827289264e-06  -8.486545827274864e-06
               9.8828125  -8.286871396221127e-06  -8.286871396204304e-06
               9.9609375  -8.093412662973393e-06  -8.093412662960628e-06
              10.0390625  -7.905928984353666e-06  -7.905928984347222e-06
              10.1171875  -7.724191498133195e-06  -7.724191498130795e-06
              10.1953125  -7.547982042706876e-06  -7.547982042706163e-06
              10.2734375  -7.377091656572046e-06  -7.377091656572303e-06
              10.3515625  -7.211321428151792e-06  -7.211321428154449e-06
              10.4296875  -7.050480955893882e-06  -7.050480955899104e-06
              10.5078125  -6.894388218813718e-06  -6.894388218818791e-06
              10.5859375  -6.742869311876549e-06  -6.742869311879188e-06
              10.6640625  -6.595758129689735e-06  -6.595758129691096e-06
              10.7421875  -6.452895379140003e-06  -6.452895379141971e-06
              10.8203125  -6.314128950445476e-06  -6.314128950448224e-06
              10.8984375  -6.179312813547066e-06  -6.179312813549769e-06
              10.9765625  -6.048308056375702e-06  -6.048308056376939e-06
              11.0546875  -5.920979806190785e-06  -5.920979806190559e-06
              11.1328125  -5.797200955795854e-06  -5.797200955794286e-06
              11.2109375  -5.676848421041845e-06  -5.676848421040338e-06
              11.2890625  -5.559804172663765e-06  -5.559804172664607e-06
              11.3671875  -5.445955433852045e-06  -5.445955433853786e-06
              11.4453125  -5.335194172858268e-06  -5.335194172858208e-06
              11.5234375  -5.227415993753332e-06  -5.227415993751339e-06
              11.6015625  -5.122521793299815e-06   -5.12252179329823e-06
              11.6796875   -5.02041504418289e-06  -5.020415044184055e-06
              11.7578125  -4.921004388112991e-06  -4.921004388119334e-06
              11.8359375  -4.824200909038972e-06  -4.824200909049718e-06
              11.9140625  -4.729920100582105e-06  -4.729920100593108e-06
              11.9921875  -4.638080091912456e-06  -4.638080091921417e-06
              12.0703125  -4.548602523518922e-06   -4.54860252352564e-06
              12.1484375    -4.4614116436306e-06  -4.461411643636051e-06
              12.2265625  -4.376435175203773e-06  -4.376435175208038e-06
              12.3046875  -4.293602783704318e-06  -4.293602783707488e-06
              12.3828125  -4.212847816401092e-06  -4.212847816404557e-06
              12.4609375  -4.134105201162313e-06  -4.134105201166815e-06
              12.5390625   -4.05731265592226e-06  -4.057312655926568e-06
              12.6171875  -3.982410591565623e-06  -3.982410591568378e-06
              12.6953125  -3.909340692988912e-06  -3.909340692990452e-06
              12.7734375  -3.838047840406571e-06  -3.838047840407994e-06
              12.8515625  -3.768478035415042e-06  -3.768478035416679e-06
              12.9296875  -3.700579404168186e-06  -3.700579404168787e-06
              13.0078125  -3.634302525644517e-06  -3.634302525643745e-06
              13.0859375  -3.569598930787362e-06  -3.569598930786822e-06
              13.1640625  -3.506422116325965e-06  -3.506422116326342e-06
              13.2421875  -3.444727405448654e-06  -3.444727405450015e-06
              13.3203125  -3.384471481554361e-06  -3.384471481556705e-06
              13.3984375  -3.325612855328497e-06  -3.325612855331173e-06
              13.4765625  -3.268110899212542e-06  -3.268110899215087e-06
              13.5546875  -3.211926890358583e-06  -3.211926890360274e-06
              13.6328125   -3.15702322603677e-06  -3.157023226037019e-06
              13.7109375  -3.103363892045273e-06  -3.103363892044726e-06
              13.7890625  -3.050913822974764e-06  -3.050913822975065e-06
              13.8671875  -2.999638771178647e-06  -2.999638771180491e-06
              13.9453125  -2.949506480470053e-06  -2.949506480471972e-06
              14.0234375  -2.900485513874697e-06  -2.900485513875685e-06
              14.1015625  -2.852544455390024e-06  -2.852544455390291e-06
              14.1796875  -2.805654754792006e-06  -2.805654754792643e-06
              14.2578125  -2.759786877158912e-06  -2.759786877160337e-06
              14.3359375  -2.714913738030328e-06  -2.714913738032446e-06
              14.4140625  -2.671008046084779e-06   -2.67100804608786e-06
              14.4921875  -2.628044229449055e-06  -2.628044229452562e-06
              14.5703125  -2.585996755448814e-06  -2.585996755452272e-06
              14.6484375  -2.544841468093428e-06  -2.544841468096402e-06
              14.7265625  -2.504554840588224e-06   -2.50455484058922e-06
              14.8046875  -2.465114155257315e-06  -2.465114155255295e-06
              14.8828125  -2.426496544403981e-06   -2.42649654439888e-06
              14.9609375  -2.388682005041015e-06  -2.388682005035164e-06
              15.0390625  -2.351648500315376e-06  -2.351648500312668e-06
              15.1171875  -2.315376601084695e-06  -2.315376601086838e-06
              15.1953125  -2.279846844607042e-06  -2.279846844612857e-06
              15.2734375  -2.245040391984061e-06  -2.245040391990177e-06
              15.3515625  -2.210938964109212e-06  -2.210938964112707e-06
              15.4296875  -2.177524469059322e-06  -2.177524469059532e-06
              15.5078125  -2.144780401295676e-06  -2.144780401293609e-06
              15.5859375  -2.112689352176036e-06  -2.112689352173174e-06
              15.6640625  -2.081235681604695e-06  -2.081235681601503e-06
              15.7421875  -2.050403512567208e-06   -2.05040351256351e-06
              15.8203125  -2.020177156632696e-06  -2.020177156627957e-06
              15.8984375   -1.99054239455091e-06   -1.99054239454462e-06
              15.9765625  -1.961484236004177e-06  -1.961484235997885e-06
              16.0546875  -1.932989220657139e-06  -1.932989220652324e-06
              16.1328125  -1.905043355676273e-06  -1.905043355672835e-06
              16.2109375  -1.877633428036855e-06   -1.87763342803392e-06
              16.2890625  -1.850746993695712e-06  -1.850746993692217e-06
              16.3671875  -1.824371083682513e-06  -1.824371083678112e-06
              16.4453125  -1.798493920934933e-06  -1.798493920930508e-06
              16.5234375  -1.773103762831279e-06  -1.773103762828145e-06
              16.6015625   -1.74818925084342e-06  -1.748189250841376e-06
              16.6796875  -1.723739058887945e-06  -1.723739058885777e-06
              16.7578125  -1.699742841647248e-06  -1.699742841644185e-06
              16.8359375  -1.676189566192853e-06    -1.6761895661895e-06
              16.9140625  -1.653069854527527e-06  -1.653069854525494e-06
              16.9921875  -1.630373008409989e-06  -1.630373008410389e-06
              17.0703125  -1.608089877789941e-06  -1.608089877792698e-06
              17.1484375  -1.586211252832048e-06  -1.586211252836685e-06
              17.2265625  -1.564727835513181e-06  -1.564727835518808e-06
              17.3046875  -1.543630511673094e-06  -1.543630511677563e-06
              17.3828125  -1.522910978657926e-06  -1.522910978659494e-06
              17.4609375  -1.502560651247296e-06  -1.502560651244903e-06
              17.5390625  -1.482571607191806e-06   -1.48257160718587e-06
              17.6171875  -1.462935731590607e-06  -1.462935731582471e-06
              17.6953125  -1.443644871099668e-06  -1.443644871090677e-06
              17.7734375  -1.424691818936959e-06  -1.424691818928506e-06
              17.8515625  -1.406069386203608e-06  -1.406069386196508e-06
              17.9296875   -1.38776967950355e-06  -1.387769679498376e-06
              18.0078125  -1.369786498810495e-06  -1.369786498807314e-06
              18.0859375  -1.352112476731324e-06  -1.352112476729394e-06
              18.1640625  -1.334741101275189e-06  -1.334741101273537e-06
              18.2421875  -1.317666033826136e-06  -1.317666033824427e-06
              18.3203125  -1.300880492394053e-06  -1.300880492391594e-06
              18.3984375  -1.284379426534665e-06  -1.284379426531126e-06
              18.4765625  -1.268155318616303e-06  -1.268155318612023e-06
              18.5546875  -1.252204058612913e-06  -1.252204058608291e-06
              18.6328125  -1.236518046874386e-06  -1.236518046869537e-06
              18.7109375  -1.221094757594909e-06  -1.221094757590034e-06
              18.7890625  -1.205922654823342e-06  -1.205922654819095e-06
              18.8671875  -1.191010266169252e-06  -1.191010266166126e-06
              18.9453125  -1.176321923118771e-06  -1.176321923117409e-06
              19.0234375   -1.16192026655909e-06  -1.161920266559742e-06
              19.1015625  -1.147650043304781e-06  -1.147650043306552e-06
              19.1796875   -1.13384192767221e-06  -1.133841927673621e-06
              19.2578125  -1.119742941192858e-06  -1.119742941193238e-06
              19.3359375  -1.107017580949899e-06  -1.107017580949709e-06
              19.4140625  -1.091939484306046e-06  -1.091939484305825e-06
              19.4921875  -1.082810009558297e-06  -1.082810009557805e-06
              19.5703125  -1.061099708709889e-06  -1.061099708708849e-06
              19.6484375  -1.068018350185375e-06  -1.068018350183121e-06
              19.7265625  -1.011585744105382e-06  -1.011585744101178e-06
              19.8046875  -1.101155433146875e-06    -1.1011554331418e-06
              19.8828125  -8.832847364770661e-07   -8.83284736474774e-07
              19.9609375  -1.245256121417097e-06  -1.245256121416735e-06
              20.0390625                       0                       0
              20.1171875                       0                       0
              20.1953125                       0                       0
              20.2734375                       0                       0
