# File created on Wed Jul  8 11:31:18 2026
# Data for Inflation GW initial data initial data at coord time 1.12447 and central proper time 1.12447
# Evolved with (264,10,9) gridpoints (including 4 ghosts)
# Evolution with geodesic slicing and constant shift shift condition 
# data for phi = 3.14159
#              r           theta                E_rr
#===============================================================
     0.025065104      0.78539816      -1.998310851514624
     0.025065104       2.3561945      -1.998310851518753

     0.075195312      0.78539816      -2.000181466498227
     0.075195312       2.3561945      -2.000181466499868

      0.12532552      0.78539816      -2.001070039128071
      0.12532552       2.3561945      -2.001070039127832

      0.17545573      0.78539816      -2.002094475479421
      0.17545573       2.3561945      -2.002094475478086

      0.22558594      0.78539816      -2.003336751012587
      0.22558594       2.3561945      -2.003336751012382

      0.27571615      0.78539816      -2.005127820018221
      0.27571615       2.3561945      -2.005127820019276

      0.32584635      0.78539816      -2.007041475259304
      0.32584635       2.3561945      -2.007041475258661

      0.37597656      0.78539816      -2.009510348893791
      0.37597656       2.3561945      -2.009510348893994

      0.42610677      0.78539816      -2.012035399304902
      0.42610677       2.3561945      -2.012035399305447

      0.47623698      0.78539816      -2.015311339775343
      0.47623698       2.3561945      -2.015311339775374

      0.52636719      0.78539816      -2.018329858831199
      0.52636719       2.3561945      -2.018329858828608

       0.5764974      0.78539816      -2.022479418469612
       0.5764974       2.3561945      -2.022479418473608

       0.6266276      0.78539816      -2.026130740064233
       0.6266276       2.3561945      -2.026130740060473

      0.67675781      0.78539816      -2.030769826990115
      0.67675781       2.3561945      -2.030769826993091

      0.72688802      0.78539816      -2.035923778428616
      0.72688802       2.3561945      -2.035923778427537

      0.77701823      0.78539816      -2.040264878577107
      0.77701823       2.3561945        -2.0402648785779

      0.82714844      0.78539816      -2.047418173041446
      0.82714844       2.3561945      -2.047418173041021

      0.87727865      0.78539816      -2.055266532324135
      0.87727865       2.3561945      -2.055266532326557

      0.92740885      0.78539816      -2.059309822241276
      0.92740885       2.3561945      -2.059309822241134

      0.97753906      0.78539816      -2.062109791195392
      0.97753906       2.3561945        -2.0621097911957

       1.0276693      0.78539816      -2.066976480315352
       1.0276693       2.3561945      -2.066976480312517

       1.0777995      0.78539816      -2.073303634791107
       1.0777995       2.3561945      -2.073303634791631

       1.1279297      0.78539816      -2.080027331813146
       1.1279297       2.3561945      -2.080027331812417

       1.1780599      0.78539816      -2.087115060655348
       1.1780599       2.3561945      -2.087115060655957

       1.2281901      0.78539816      -2.094618933636196
       1.2281901       2.3561945       -2.09461893363649

       1.2783203      0.78539816       -2.10246294014287
       1.2783203       2.3561945      -2.102462940142741

       1.3284505      0.78539816      -2.110613819489823
       1.3284505       2.3561945      -2.110613819488911

       1.3785807      0.78539816      -2.119064914063616
       1.3785807       2.3561945      -2.119064914065582

       1.4287109      0.78539816      -2.127805836621047
       1.4287109       2.3561945      -2.127805836619484

       1.4788411      0.78539816      -2.136828281956501
       1.4788411       2.3561945      -2.136828281955561

       1.5289714      0.78539816       -2.14612696371419
       1.5289714       2.3561945      -2.146126963715462

       1.5791016      0.78539816      -2.155697481716574
       1.5791016       2.3561945      -2.155697481715297

       1.6292318      0.78539816      -2.165536024140633
       1.6292318       2.3561945      -2.165536024142733

        1.679362      0.78539816      -2.175639250861024
        1.679362       2.3561945      -2.175639250859557

       1.7294922      0.78539816       -2.18600406531147
       1.7294922       2.3561945      -2.186004065310256

       1.7796224      0.78539816      -2.196627492177617
       1.7796224       2.3561945      -2.196627492178747

       1.8297526      0.78539816      -2.207506603350286
       1.8297526       2.3561945      -2.207506603350789

       1.8798828      0.78539816      -2.218638461358507
       1.8798828       2.3561945      -2.218638461357733

        1.930013      0.78539816      -2.230020080757719
        1.930013       2.3561945      -2.230020080758006

       1.9801432      0.78539816      -2.241648401581731
       1.9801432       2.3561945      -2.241648401580338

       2.0302734      0.78539816      -2.253520270440489
       2.0302734       2.3561945       -2.25352027044453

       2.0804036      0.78539816       -2.26563242703661
       2.0804036       2.3561945      -2.265632427030863

       2.1305339      0.78539816      -2.277981494398768
       2.1305339       2.3561945      -2.277981494401764

       2.1806641      0.78539816      -2.290563971690155
       2.1806641       2.3561945      -2.290563971691055

       2.2307943      0.78539816      -2.303376228689814
       2.2307943       2.3561945      -2.303376228686896

       2.2809245      0.78539816      -2.316414501413171
       2.2809245       2.3561945      -2.316414501416069

       2.3310547      0.78539816      -2.329674888537421
       2.3310547       2.3561945      -2.329674888533507

       2.3811849      0.78539816       -2.34315334815287
       2.3811849       2.3561945      -2.343153348156361

       2.4313151      0.78539816       -2.35684569489185
       2.4313151       2.3561945      -2.356845694890063

       2.4814453      0.78539816      -2.370747597024057
       2.4814453       2.3561945      -2.370747597023925

       2.5315755      0.78539816      -2.384854573654467
       2.5315755       2.3561945      -2.384854573654476

       2.5817057      0.78539816      -2.399161991743301
       2.5817057       2.3561945      -2.399161991743437

       2.6318359      0.78539816       -2.41366506305641
       2.6318359       2.3561945      -2.413665063056257

       2.6819661      0.78539816      -2.428358840918595
       2.6819661       2.3561945      -2.428358840919302

       2.7320964      0.78539816      -2.443238216744865
       2.7320964       2.3561945      -2.443238216743779

       2.7822266      0.78539816      -2.458297916410445
       2.7822266       2.3561945      -2.458297916410723

       2.8323568      0.78539816      -2.473532496368523
       2.8323568       2.3561945      -2.473532496367406

        2.882487      0.78539816       -2.48893633952164
        2.882487       2.3561945      -2.488936339521279

       2.9326172      0.78539816      -2.504503650909498
       2.9326172       2.3561945       -2.50450365090946

       2.9827474      0.78539816      -2.520228453120287
       2.9827474       2.3561945       -2.52022845312155

       3.0328776      0.78539816      -2.536104581519724
       3.0328776       2.3561945      -2.536104581517646

       3.0830078      0.78539816      -2.552125679220017
       3.0830078       2.3561945      -2.552125679221152

        3.133138      0.78539816      -2.568285191889353
        3.133138       2.3561945      -2.568285191888033

       3.1832682      0.78539816      -2.584576362297785
       3.1832682       2.3561945      -2.584576362298689

       3.2333984      0.78539816      -2.600992224737406
       3.2333984       2.3561945      -2.600992224736492

       3.2835286      0.78539816      -2.617525599204769
       3.2835286       2.3561945      -2.617525599204746

       3.3336589      0.78539816       -2.63416908546724
       3.3336589       2.3561945      -2.634169085466977

       3.3837891      0.78539816      -2.650915056949332
       3.3837891       2.3561945       -2.65091505694857

       3.4339193      0.78539816      -2.667755654512888
       3.4339193       2.3561945      -2.667755654513114

       3.4840495      0.78539816      -2.684682780100935
       3.4840495       2.3561945       -2.68468278009981

       3.5341797      0.78539816      -2.701688090314738
       3.5341797       2.3561945      -2.701688090314454

       3.5843099      0.78539816      -2.718762989917789
       3.5843099       2.3561945      -2.718762989916829

       3.6344401      0.78539816       -2.73589862529293
       3.6344401       2.3561945      -2.735898625292876

       3.6845703      0.78539816      -2.753085877892077
       3.6845703       2.3561945      -2.753085877892017

       3.7347005      0.78539816      -2.770315357721606
       3.7347005       2.3561945      -2.770315357720681

       3.7848307      0.78539816      -2.787577396846256
       3.7848307       2.3561945      -2.787577396847411

       3.8349609      0.78539816      -2.804862043010308
       3.8349609       2.3561945      -2.804862043008038

       3.8850911      0.78539816      -2.822159053379331
       3.8850911       2.3561945      -2.822159053379305

       3.9352214      0.78539816      -2.839457888432113
       3.9352214       2.3561945      -2.839457888433171

       3.9853516      0.78539816      -2.856747706099467
       3.9853516       2.3561945      -2.856747706097447

       4.0354818      0.78539816       -2.87401735612406
       4.0354818       2.3561945      -2.874017356123728

        4.085612      0.78539816      -2.891255374761663
        4.085612       2.3561945      -2.891255374762156

       4.1357422      0.78539816      -2.908449979840198
       4.1357422       2.3561945      -2.908449979839729

       4.1858724      0.78539816      -2.925589066207449
       4.1858724       2.3561945      -2.925589066208145

       4.2360026      0.78539816       -2.94266020171486
       4.2360026       2.3561945      -2.942660201712999

       4.2861328      0.78539816      -2.959650623692708
       4.2861328       2.3561945      -2.959650623693511

        4.336263      0.78539816      -2.976547236051079
        4.336263       2.3561945      -2.976547236049497

       4.3863932      0.78539816      -2.993336607057421
       4.3863932       2.3561945      -2.993336607056345

       4.4365234      0.78539816      -3.010004967843964
       4.4365234       2.3561945      -3.010004967844834

       4.4866536      0.78539816      -3.026538211744481
       4.4866536       2.3561945      -3.026538211741402

       4.5367839      0.78539816      -3.042921894498839
       4.5367839       2.3561945      -3.042921894501396

       4.5869141      0.78539816      -3.059141235451185
       4.5869141       2.3561945      -3.059141235448652

       4.6370443      0.78539816      -3.075181119749078
       4.6370443       2.3561945      -3.075181119749253

       4.6871745      0.78539816      -3.091026101689513
       4.6871745       2.3561945       -3.09102610169016

       4.7373047      0.78539816      -3.106660409252432
       4.7373047       2.3561945      -3.106660409252459

       4.7874349      0.78539816      -3.122067949878025
       4.7874349       2.3561945      -3.122067949876476

       4.8375651      0.78539816      -3.137232317637001
       4.8375651       2.3561945      -3.137232317636709

       4.8876953      0.78539816      -3.152136801794582
       4.8876953       2.3561945      -3.152136801792089

       4.9378255      0.78539816      -3.166764396869123
       4.9378255       2.3561945      -3.166764396871205

       4.9879557      0.78539816      -3.181097814272498
       4.9879557       2.3561945      -3.181097814270722

       5.0380859      0.78539816      -3.195119495564068
       5.0380859       2.3561945      -3.195119495562446

       5.0882161      0.78539816      -3.208811627419054
       5.0882161       2.3561945      -3.208811627421367

       5.1383464      0.78539816      -3.222156158351006
       5.1383464       2.3561945      -3.222156158347771

       5.1884766      0.78539816      -3.235134817225255
       5.1884766       2.3561945      -3.235134817224139

       5.2386068      0.78539816      -3.247729133644996
       5.2386068       2.3561945      -3.247729133646297

        5.288737      0.78539816      -3.259920460218678
        5.288737       2.3561945      -3.259920460218942

       5.3388672      0.78539816      -3.271689996738468
       5.3388672       2.3561945      -3.271689996737015

       5.3889974      0.78539816      -3.283018816325865
       5.3889974       2.3561945      -3.283018816326639

       5.4391276      0.78539816      -3.293887893532475
       5.4391276       2.3561945      -3.293887893531433

       5.4892578      0.78539816      -3.304278134356489
       5.4892578       2.3561945      -3.304278134356551

        5.539388      0.78539816      -3.314170408268766
        5.539388       2.3561945      -3.314170408267574

       5.5895182      0.78539816      -3.323545582080639
       5.5895182       2.3561945      -3.323545582078892

       5.6396484      0.78539816      -3.332384555780996
       5.6396484       2.3561945      -3.332384555784432

       5.6897786      0.78539816      -3.340668300138775
       5.6897786       2.3561945      -3.340668300136839

       5.7399089      0.78539816      -3.348377896143413
       5.7399089       2.3561945      -3.348377896141989

       5.7900391      0.78539816      -3.355494576078774
       5.7900391       2.3561945      -3.355494576081173

       5.8401693      0.78539816      -3.361999766265067
       5.8401693       2.3561945       -3.36199976626336

       5.8902995      0.78539816      -3.367875131213423
       5.8902995       2.3561945      -3.367875131212667

       5.9404297      0.78539816      -3.373102619265425
       5.9404297       2.3561945      -3.373102619264776

       5.9905599      0.78539816      -3.377664509355189
       5.9905599       2.3561945      -3.377664509352387

       6.0406901      0.78539816      -3.381543458957183
       6.0406901       2.3561945      -3.381543458957077

       6.0908203      0.78539816      -3.384722552883877
       6.0908203       2.3561945      -3.384722552884473

       6.1409505      0.78539816      -3.387185352862315
       6.1409505       2.3561945      -3.387185352863152

       6.1910807      0.78539816      -3.388915947606526
       6.1910807       2.3561945      -3.388915947604963

       6.2412109      0.78539816      -3.389899003295733
       6.2412109       2.3561945      -3.389899003296344

       6.2913411      0.78539816      -3.390119814128548
       6.2913411       2.3561945      -3.390119814128822

       6.3414714      0.78539816      -3.389564352774948
       6.3414714       2.3561945      -3.389564352775238

       6.3916016      0.78539816       -3.38821932050273
       6.3916016       2.3561945      -3.388219320501221

       6.4417318      0.78539816      -3.386072196661078
       6.4417318       2.3561945      -3.386072196661602

        6.491862      0.78539816      -3.383111287403013
        6.491862       2.3561945      -3.383111287402246

       6.5419922      0.78539816      -3.379325773213057
       6.5419922       2.3561945      -3.379325773210976

       6.5921224      0.78539816      -3.374705755148207
       6.5921224       2.3561945        -3.3747057551495

       6.6422526      0.78539816      -3.369242299441197
       6.6422526       2.3561945      -3.369242299443906

       6.6923828      0.78539816      -3.362927480187369
       6.6923828       2.3561945      -3.362927480185753

        6.742513      0.78539816      -3.355754419932336
        6.742513       2.3561945      -3.355754419931163

       6.7926432      0.78539816      -3.347717327838057
       6.7926432       2.3561945      -3.347717327841235

       6.8427734      0.78539816       -3.33881153526443
       6.8427734       2.3561945      -3.338811535261135

       6.8929036      0.78539816      -3.329033528384928
       6.8929036       2.3561945      -3.329033528387049

       6.9430339      0.78539816       -3.31838097784348
       6.9430339       2.3561945      -3.318380977842664

       6.9931641      0.78539816      -3.306852764964444
       6.9931641       2.3561945      -3.306852764965679

       7.0432943      0.78539816      -3.294449004546898
       7.0432943       2.3561945      -3.294449004545959

       7.0934245      0.78539816      -3.281171063909274
       7.0934245       2.3561945      -3.281171063909512

       7.1435547      0.78539816      -3.267021578161211
       7.1435547       2.3561945      -3.267021578159629

       7.1936849      0.78539816      -3.252004461417051
       7.1936849       2.3561945      -3.252004461418319

       7.2438151      0.78539816      -3.236124913965821
       7.2438151       2.3561945      -3.236124913961993

       7.2939453      0.78539816      -3.219389425167413
       7.2939453       2.3561945      -3.219389425170363

       7.3440755      0.78539816      -3.201805772153026
       7.3440755       2.3561945      -3.201805772153196

       7.3942057      0.78539816      -3.183383014098337
       7.3942057       2.3561945       -3.18338301409771

       7.4443359      0.78539816      -3.164131482261665
       7.4443359       2.3561945      -3.164131482261166

       7.4944661      0.78539816      -3.144062765598727
       7.4944661       2.3561945      -3.144062765602381

       7.5445964      0.78539816      -3.123189692121373
       7.5445964       2.3561945      -3.123189692118684

       7.5947266      0.78539816      -3.101526305940019
       7.5947266       2.3561945      -3.101526305942071

       7.6448568      0.78539816      -3.079087840178473
       7.6448568       2.3561945      -3.079087840176815

        7.694987      0.78539816      -3.055890685775424
        7.694987       2.3561945      -3.055890685777586

       7.7451172      0.78539816      -3.031952356380907
       7.7451172       2.3561945      -3.031952356379761

       7.7952474      0.78539816      -3.007291449467275
       7.7952474       2.3561945      -3.007291449466265

       7.8453776      0.78539816      -2.981927603797118
       7.8453776       2.3561945      -2.981927603799553

       7.8955078      0.78539816      -2.955881453522936
       7.8955078       2.3561945      -2.955881453520893

        7.945638      0.78539816      -2.929174579028009
        7.945638       2.3561945      -2.929174579029752

       7.9957682      0.78539816      -2.901829454870648
       7.9957682       2.3561945      -2.901829454870032

       8.0458984      0.78539816      -2.873869394972971
       8.0458984       2.3561945      -2.873869394970851

       8.0960286      0.78539816      -2.845318495358754
       8.0960286       2.3561945      -2.845318495358858

       8.1461589      0.78539816      -2.816201574763579
       8.1461589       2.3561945      -2.816201574764797

       8.1962891      0.78539816      -2.786544113296437
       8.1962891       2.3561945      -2.786544113297235

       8.2464193      0.78539816      -2.756372189508517
       8.2464193       2.3561945      -2.756372189508872

       8.2965495      0.78539816      -2.725712416175494
       8.2965495       2.3561945      -2.725712416175431

       8.3466797      0.78539816      -2.694591875078244
       8.3466797       2.3561945      -2.694591875079493

       8.3968099      0.78539816      -2.663038051068789
       8.3968099       2.3561945      -2.663038051069652

       8.4469401      0.78539816      -2.631078765726544
       8.4469401       2.3561945       -2.63107876572376

       8.4970703      0.78539816      -2.598742110920376
       8.4970703       2.3561945      -2.598742110920117

       8.5472005      0.78539816      -2.566056382523796
       8.5472005       2.3561945      -2.566056382525465

       8.5973307      0.78539816      -2.533050014595051
       8.5973307       2.3561945      -2.533050014595132

       8.6474609      0.78539816      -2.499751514316175
       8.6474609       2.3561945      -2.499751514316321

       8.6975911      0.78539816      -2.466189397905771
       8.6975911       2.3561945      -2.466189397905519

       8.7477214      0.78539816      -2.432392127770358
       8.7477214       2.3561945      -2.432392127770751

       8.7978516      0.78539816      -2.398388051166091
       8.7978516       2.3561945       -2.39838805116637

       8.8479818      0.78539816      -2.364205340530992
       8.8479818       2.3561945      -2.364205340532161

        8.898112      0.78539816      -2.329871935725039
        8.898112       2.3561945      -2.329871935722774

       8.9482422      0.78539816        -2.2954154883926
       8.9482422       2.3561945      -2.295415488394558

       8.9983724      0.78539816       -2.26086330858678
       8.9983724       2.3561945      -2.260863308586773

       9.0485026      0.78539816      -2.226242313786321
       9.0485026       2.3561945      -2.226242313788372

       9.0986328      0.78539816      -2.191578980521145
       9.0986328       2.3561945      -2.191578980519401

        9.148763      0.78539816      -2.156899298605722
        9.148763       2.3561945      -2.156899298606622

       9.1988932      0.78539816      -2.122228728211449
       9.1988932       2.3561945      -2.122228728213372

       9.2490234      0.78539816      -2.087592159732765
       9.2490234       2.3561945       -2.08759215973152

       9.2991536      0.78539816      -2.053013876624369
       9.2991536       2.3561945       -2.05301387662428

       9.3492839      0.78539816      -2.018517521173447
       9.3492839       2.3561945       -2.01851752117166

       9.3994141      0.78539816      -1.984126063239396
       9.3994141       2.3561945      -1.984126063239263

       9.4495443      0.78539816      -1.949861772054833
       9.4495443       2.3561945      -1.949861772057762

       9.4996745      0.78539816      -1.915746190953147
       9.4996745       2.3561945      -1.915746190949558

       9.5498047      0.78539816      -1.881800115104275
       9.5498047       2.3561945      -1.881800115103629

       9.5999349      0.78539816      -1.848043572238586
       9.5999349       2.3561945      -1.848043572237943

       9.6500651      0.78539816      -1.814495806199224
       9.6500651       2.3561945      -1.814495806201367

       9.7001953      0.78539816      -1.781175263371554
       9.7001953       2.3561945       -1.78117526337184

       9.7503255      0.78539816      -1.748099581894875
       9.7503255       2.3561945      -1.748099581895316

       9.8004557      0.78539816      -1.715285583516859
       9.8004557       2.3561945      -1.715285583516262

       9.8505859      0.78539816      -1.682749268130309
       9.8505859       2.3561945      -1.682749268129727

       9.9007161      0.78539816      -1.650505810747683
       9.9007161       2.3561945      -1.650505810748857

       9.9508464      0.78539816      -1.618569560898502
       9.9508464       2.3561945       -1.61856956089854

       10.000977      0.78539816      -1.586954044354123
       10.000977       2.3561945      -1.586954044353092

       10.051107      0.78539816      -1.555671966980153
       10.051107       2.3561945      -1.555671966980342

       10.101237      0.78539816       -1.52473522068889
       10.101237       2.3561945      -1.524735220689597

       10.151367      0.78539816      -1.494154891317522
       10.151367       2.3561945      -1.494154891319429

       10.201497      0.78539816      -1.463941268313633
       10.201497       2.3561945      -1.463941268312382

       10.251628      0.78539816      -1.434103856131973
       10.251628       2.3561945      -1.434103856133534

       10.301758      0.78539816      -1.404651387172504
       10.301758       2.3561945       -1.40465138716925

       10.351888      0.78539816      -1.375591836183443
       10.351888       2.3561945      -1.375591836184611

       10.402018      0.78539816       -1.34693243595629
       10.402018       2.3561945      -1.346932435956728

       10.452148      0.78539816      -1.318679694224786
       10.452148       2.3561945      -1.318679694223666

       10.502279      0.78539816       -1.29083941147256
       10.502279       2.3561945      -1.290839411472533

       10.552409      0.78539816      -1.263416700615246
       10.552409       2.3561945      -1.263416700617086

       10.602539      0.78539816      -1.236416005756612
       10.602539       2.3561945      -1.236416005758487

       10.652669      0.78539816      -1.209841117625586
       10.652669       2.3561945      -1.209841117622143

       10.702799      0.78539816      -1.183695220690349
       10.702799       2.3561945      -1.183695220692069

        10.75293      0.78539816       -1.15798088889454
        10.75293       2.3561945      -1.157980888896629

        10.80306      0.78539816      -1.132699923020159
        10.80306       2.3561945      -1.132699923018103

        10.85319      0.78539816      -1.107854136413135
        10.85319       2.3561945      -1.107854136413372

        10.90332      0.78539816      -1.083445059372745
        10.90332       2.3561945      -1.083445059373087

       10.953451      0.78539816      -1.059467868558989
       10.953451       2.3561945      -1.059467868559882

       11.003581      0.78539816      -1.035929247874346
       11.003581       2.3561945      -1.035929247872704

       11.053711      0.78539816      -1.012856826201376
       11.053711       2.3561945      -1.012856826202008

       11.103841      0.78539816     -0.9901325197561703
       11.103841       2.3561945     -0.9901325197559953

       11.153971      0.78539816     -0.9677745895346489
       11.153971       2.3561945     -0.9677745895350938

       11.204102      0.78539816     -0.9466268525905774
       11.204102       2.3561945     -0.9466268525900283

       11.254232      0.78539816      -0.925001474636964
       11.254232       2.3561945     -0.9250014746356814

       11.304362      0.78539816     -0.8998413788781333
       11.304362       2.3561945     -0.8998413788798487

       11.354492      0.78539816     -0.8869412320491012
       11.354492       2.3561945     -0.8869412320495057

       11.404622      0.78539816     -0.8829167638198686
       11.404622       2.3561945     -0.8829167638184621

       11.454753      0.78539816     -0.7988224809892706
       11.454753       2.3561945     -0.7988224809901777

       11.504883      0.78539816     -0.7590464542740359
       11.504883       2.3561945     -0.7590464542745097

       11.555013      0.78539816      -1.148168658773551
       11.555013       2.3561945      -1.148168658772197

       11.605143      0.78539816      -1.269495944954275
       11.605143       2.3561945      -1.269495944955939

       11.655273      0.78539816     -0.3199603408500641
       11.655273       2.3561945     -0.3199603408509116

       11.705404      0.78539816      -1.350514757370115
       11.705404       2.3561945      -1.350514757363561

       11.755534      0.78539816      -5.807082420319804
       11.755534       2.3561945      -5.807082420318228

       11.805664      0.78539816      -6.618643971282875
       11.805664       2.3561945      -6.618643971285521

       11.855794      0.78539816      -3.505213406197321
       11.855794       2.3561945      -3.505213406199982

       11.905924      0.78539816      -2.728752592305145
       11.905924       2.3561945      -2.728752592304057

       11.956055      0.78539816      -4.130646933930062
       11.956055       2.3561945      -4.130646933929953

       12.006185      0.78539816      -4.851815603611123
       12.006185       2.3561945      -4.851815603609486

       12.056315      0.78539816      -4.505954020129186
       12.056315       2.3561945      -4.505954020130912

       12.106445      0.78539816      -4.583706678687867
       12.106445       2.3561945      -4.583706678688547

       12.156576      0.78539816      -5.514130064569745
       12.156576       2.3561945      -5.514130064569486

       12.206706      0.78539816      -6.705836797461213
       12.206706       2.3561945      -6.705836797462004

       12.256836      0.78539816      -7.803613771435178
       12.256836       2.3561945      -7.803613771435545

       12.306966      0.78539816      -9.478250569361569
       12.306966       2.3561945      -9.478250569359764

       12.357096      0.78539816      -11.40934234378832
       12.357096       2.3561945      -11.40934234378862

       12.407227      0.78539816       -15.7999686096428
       12.407227       2.3561945      -15.79996860964118

       12.457357      0.78539816      -19.95476709033511
       12.457357       2.3561945      -19.95476709033635

       12.507487      0.78539816      -31.62528655480798
       12.507487       2.3561945      -31.62528655481198

       12.557617      0.78539816      -37.99745675038609
       12.557617       2.3561945      -37.99745675038251

       12.607747      0.78539816      -109.5813147202535
       12.607747       2.3561945      -109.5813147203199

       12.657878      0.78539816       124.4147221732529
       12.657878       2.3561945       124.4147221739076

       12.708008      0.78539816       177.3812233889274
       12.708008       2.3561945       177.3812233917703

       12.758138      0.78539816       3625.929658342782
       12.758138       2.3561945       3625.929658355389

       12.808268      0.78539816      -52761.01050414273
       12.808268       2.3561945      -52761.01050426562

       12.858398      0.78539816                       0
       12.858398       2.3561945                       0

       12.908529      0.78539816                       0
       12.908529       2.3561945                       0

       12.958659      0.78539816                       0
       12.958659       2.3561945                       0

       13.008789      0.78539816                       0
       13.008789       2.3561945                       0

