# File created on Wed Jul  8 11:31:18 2026
# ======================================== 
# = Running code assuming AXISYMMETRY    = 
# ======================================== 
# Data for Inflation GW initial data initial data at coord. time 1.12447 and proper central time 1.12447
# Evolved with (264,10,9) gridpoints (including 4 ghosts)
# Evolution with geodesic slicing and constant shift
# using eighth-order spatial differencing with 4 ghost zones 
# data 1 at theta = 0 and phi = 3.14159
# data 2 at theta = 1.5708 and phi = 3.14159
#                      r                    E_rr                    E_rr
#                               (     0,3.14159)        (1.5708,3.14159)
#========================================================================
     -0.1754557291666667      -2.002094475477856      -2.002094475478753
     -0.1253255208333333      -2.001070039127792      -2.001070039127952
           -0.0751953125       -2.00018146650015      -2.000181466499047
    -0.02506510416666667      -1.998310851519463      -1.998310851516689
     0.02506510416666667      -1.998310851513915      -1.998310851516689
            0.0751953125      -2.000181466497945      -2.000181466499047
      0.1253255208333333      -2.001070039128112      -2.001070039127952
      0.1754557291666667       -2.00209447547965      -2.002094475478753
            0.2255859375      -2.003336751012622      -2.003336751012484
      0.2757161458333334       -2.00512782001804      -2.005127820018749
      0.3258463541666667      -2.007041475259414      -2.007041475258982
            0.3759765625      -2.009510348893756      -2.009510348893893
      0.4261067708333334      -2.012035399304808      -2.012035399305175
      0.4762369791666667      -2.015311339775338      -2.015311339775359
            0.5263671875      -2.018329858831644      -2.018329858829904
      0.5764973958333334      -2.022479418468925       -2.02247941847161
      0.6266276041666667      -2.026130740064879      -2.026130740062353
            0.6767578125      -2.030769826989604      -2.030769826991603
      0.7268880208333334      -2.035923778428802      -2.035923778428076
      0.7770182291666667      -2.040264878576971      -2.040264878577504
            0.8271484375       -2.04741817304152      -2.047418173041234
      0.8772786458333334      -2.055266532323718      -2.055266532325346
      0.9274088541666667        -2.0593098222413      -2.059309822241205
            0.9775390625      -2.062109791195339      -2.062109791195546
       1.027669270833333      -2.066976480315839      -2.066976480313935
       1.077799479166667      -2.073303634791017      -2.073303634791369
            1.1279296875      -2.080027331813271      -2.080027331812781
       1.178059895833333      -2.087115060655244      -2.087115060655652
       1.228190104166667      -2.094618933636145      -2.094618933636343
            1.2783203125      -2.102462940142892      -2.102462940142806
       1.328450520833333      -2.110613819489979      -2.110613819489367
       1.378580729166667      -2.119064914063277      -2.119064914064599
            1.4287109375      -2.127805836621316      -2.127805836620266
       1.478841145833333      -2.136828281956663      -2.136828281956031
       1.528971354166667      -2.146126963713971      -2.146126963714826
            1.5791015625      -2.155697481716793      -2.155697481715935
       1.629231770833333      -2.165536024140272      -2.165536024141684
       1.679361979166667      -2.175639250861276       -2.17563925086029
            1.7294921875      -2.186004065311678      -2.186004065310863
       1.779622395833333      -2.196627492177423      -2.196627492178182
       1.829752604166667        -2.2075066033502      -2.207506603350538
            1.8798828125       -2.21863846135864       -2.21863846135812
       1.930013020833333       -2.23002008075767      -2.230020080757862
       1.980143229166667       -2.24164840158197      -2.241648401581034
            2.0302734375      -2.253520270439795       -2.25352027044251
       2.080403645833333      -2.265632427037598      -2.265632427033736
       2.130533854166667      -2.277981494398253      -2.277981494400266
            2.1806640625          -2.29056397169      -2.290563971690605
       2.230794270833333      -2.303376228690315      -2.303376228688355
       2.280924479166667      -2.316414501412673       -2.31641450141462
            2.3310546875      -2.329674888538094      -2.329674888535464
       2.381184895833333       -2.34315334815227      -2.343153348154615
       2.431315104166667      -2.356845694892157      -2.356845694890956
            2.4814453125       -2.37074759702408      -2.370747597023991
       2.531575520833333      -2.384854573654466      -2.384854573654471
       2.581705729166667      -2.399161991743278       -2.39916199174337
            2.6318359375      -2.413665063056436      -2.413665063056333
       2.681966145833333      -2.428358840918473      -2.428358840918948
       2.732096354166667      -2.443238216745052      -2.443238216744322
            2.7822265625      -2.458297916410398      -2.458297916410584
       2.832356770833333      -2.473532496368715      -2.473532496367965
       2.882486979166667      -2.488936339521702       -2.48893633952146
            2.9326171875      -2.504503650909504      -2.504503650909479
       2.982747395833333      -2.520228453120069      -2.520228453120918
       3.032877604166667      -2.536104581520081      -2.536104581518685
            3.0830078125      -2.552125679219822      -2.552125679220585
       3.133138020833333       -2.56828519188958      -2.568285191888693
       3.183268229166667      -2.584576362297629      -2.584576362298237
            3.2333984375      -2.600992224737563      -2.600992224736949
       3.283528645833333      -2.617525599204773      -2.617525599204757
       3.333658854166667      -2.634169085467286      -2.634169085467108
            3.3837890625      -2.650915056949463      -2.650915056948951
       3.433919270833333      -2.667755654512849      -2.667755654513002
       3.484049479166667      -2.684682780101129      -2.684682780100373
            3.5341796875      -2.701688090314787      -2.701688090314596
       3.584309895833333      -2.718762989917954      -2.718762989917309
       3.634440104166667       -2.73589862529294      -2.735898625292903
            3.6845703125      -2.753085877892087      -2.753085877892047
       3.734700520833333      -2.770315357721765      -2.770315357721143
       3.784830729166667      -2.787577396846058      -2.787577396846833
            3.8349609375      -2.804862043010699      -2.804862043009173
       3.885091145833333      -2.822159053379336      -2.822159053379318
       3.935221354166667      -2.839457888431931      -2.839457888432642
            3.9853515625      -2.856747706099814      -2.856747706098457
       4.035481770833334      -2.874017356124118      -2.874017356123894
       4.085611979166667      -2.891255374761578       -2.89125537476191
            4.1357421875      -2.908449979840279      -2.908449979839964
       4.185872395833334      -2.925589066207329      -2.925589066207797
       4.236002604166667      -2.942660201715181       -2.94266020171393
            4.2861328125      -2.959650623692569      -2.959650623693109
       4.336263020833334      -2.976547236051351      -2.976547236050288
       4.386393229166667      -2.993336607057607      -2.993336607056883
            4.4365234375      -3.010004967843814      -3.010004967844399
       4.486653645833334       -3.02653821174501      -3.026538211742942
       4.536783854166667        -3.0429218944984      -3.042921894500117
            4.5869140625       -3.05914123545162      -3.059141235449918
       4.637044270833334      -3.075181119749049      -3.075181119749166
       4.687174479166667      -3.091026101689402      -3.091026101689836
            4.7373046875      -3.106660409252427      -3.106660409252445
       4.787434895833334      -3.122067949878291       -3.12206794987725
       4.837565104166667      -3.137232317637051      -3.137232317636855
            4.8876953125       -3.15213680179501      -3.152136801793335
       4.937825520833334      -3.166764396868766      -3.166764396870164
       4.987955729166667      -3.181097814272803       -3.18109781427161
            5.0380859375      -3.195119495564347      -3.195119495563257
       5.088216145833334      -3.208811627418657      -3.208811627420211
       5.138346354166667      -3.222156158351562      -3.222156158349389
            5.1884765625      -3.235134817225447      -3.235134817224697
       5.238606770833334      -3.247729133644773      -3.247729133645647
       5.288736979166667      -3.259920460218633       -3.25992046021881
            5.3388671875      -3.271689996738718      -3.271689996737742
       5.388997395833334      -3.283018816325732      -3.283018816326252
       5.439127604166667      -3.293887893532654      -3.293887893531954
            5.4892578125      -3.304278134356478       -3.30427813435652
       5.539388020833334      -3.314170408268971       -3.31417040826817
       5.589518229166667       -3.32354558208094      -3.323545582079766
            5.6396484375      -3.332384555780405      -3.332384555782714
       5.689778645833334      -3.340668300139108      -3.340668300137807
       5.739908854166667      -3.348377896143658      -3.348377896142702
            5.7900390625      -3.355494576078362      -3.355494576079973
       5.840169270833334       -3.36199976626536      -3.361999766264214
       5.890299479166667      -3.367875131213553      -3.367875131213045
            5.9404296875      -3.373102619265537      -3.373102619265101
       5.990559895833334      -3.377664509355671      -3.377664509353788
       6.040690104166667      -3.381543458957201       -3.38154345895713
            6.0908203125      -3.384722552883775      -3.384722552884175
       6.140950520833334      -3.387185352862172      -3.387185352862733
       6.191080729166667      -3.388915947606795      -3.388915947605745
            6.2412109375      -3.389899003295628      -3.389899003296039
       6.291341145833334      -3.390119814128501      -3.390119814128685
       6.341471354166667      -3.389564352774899      -3.389564352775093
            6.3916015625       -3.38821932050299      -3.388219320501975
       6.441731770833334      -3.386072196660988       -3.38607219666134
       6.491861979166667      -3.383111287403145      -3.383111287402629
            6.5419921875      -3.379325773213415      -3.379325773212017
       6.592122395833334      -3.374705755147985      -3.374705755148853
       6.642252604166667      -3.369242299440731      -3.369242299442551
            6.6923828125      -3.362927480187647      -3.362927480186561
       6.742513020833334      -3.355754419932538       -3.35575441993175
       6.792643229166667      -3.347717327837512      -3.347717327839646
            6.8427734375      -3.338811535264997      -3.338811535262782
       6.892903645833334      -3.329033528384563      -3.329033528385988
       6.943033854166667      -3.318380977843621      -3.318380977843072
            6.9931640625      -3.306852764964232      -3.306852764965062
       7.043294270833334      -3.294449004547059      -3.294449004546428
       7.093424479166667      -3.281171063909233      -3.281171063909393
            7.1435546875      -3.267021578161482       -3.26702157816042
       7.193684895833334      -3.252004461416833      -3.252004461417685
       7.243815104166667       -3.23612491396648      -3.236124913963907
            7.2939453125      -3.219389425166907      -3.219389425168888
       7.344075520833334      -3.201805772152997      -3.201805772153111
       7.394205729166667      -3.183383014098444      -3.183383014098023
            7.4443359375       -3.16413148226175      -3.164131482261415
       7.494466145833334      -3.144062765598099      -3.144062765600554
       7.544596354166667      -3.123189692121835      -3.123189692120028
            7.5947265625      -3.101526305939666      -3.101526305941045
       7.644856770833334      -3.079087840178758      -3.079087840177644
       7.694986979166667      -3.055890685775052      -3.055890685776505
            7.7451171875      -3.031952356381105      -3.031952356380334
       7.795247395833334      -3.007291449467449       -3.00729144946677
       7.845377604166667        -2.9819276037967      -2.981927603798336
            7.8955078125      -2.955881453523287      -2.955881453521914
       7.945638020833334       -2.92917457902771      -2.929174579028881
       7.995768229166667      -2.901829454870754       -2.90182945487034
            8.0458984375      -2.873869394973335      -2.873869394971911
       8.096028645833334      -2.845318495358736      -2.845318495358806
       8.146158854166668       -2.81620157476337      -2.816201574764188
            8.1962890625        -2.7865441132963      -2.786544113296836
       8.246419270833334      -2.756372189508456      -2.756372189508695
       8.296549479166668      -2.725712416175505      -2.725712416175463
            8.3466796875      -2.694591875078029      -2.694591875078868
       8.396809895833334       -2.66303805106864       -2.66303805106922
       8.446940104166668      -2.631078765727023      -2.631078765725152
            8.4970703125      -2.598742110920421      -2.598742110920247
       8.547200520833334      -2.566056382523509       -2.56605638252463
       8.597330729166668      -2.533050014595037      -2.533050014595092
            8.6474609375       -2.49975151431615      -2.499751514316248
       8.697591145833334      -2.466189397905815      -2.466189397905645
       8.747721354166668       -2.43239212777029      -2.432392127770555
            8.7978515625      -2.398388051166043       -2.39838805116623
       8.847981770833334      -2.364205340530791      -2.364205340531576
       8.898111979166668      -2.329871935725429      -2.329871935723907
            8.9482421875      -2.295415488392263      -2.295415488393579
       8.998372395833334      -2.260863308586782      -2.260863308586777
       9.048502604166668      -2.226242313785967      -2.226242313787346
            9.0986328125      -2.191578980521445      -2.191578980520273
       9.148763020833334      -2.156899298605567      -2.156899298606172
       9.198893229166668      -2.122228728211119      -2.122228728212411
            9.2490234375      -2.087592159732979      -2.087592159732143
       9.299153645833334      -2.053013876624384      -2.053013876624324
       9.349283854166668      -2.018517521173754      -2.018517521172554
            9.3994140625      -1.984126063239419       -1.98412606323933
       9.449544270833334       -1.94986177205433      -1.949861772056297
       9.499674479166668      -1.915746190953765      -1.915746190951353
            9.5498046875      -1.881800115104386      -1.881800115103952
       9.599934895833334      -1.848043572238696      -1.848043572238264
       9.650065104166668      -1.814495806198855      -1.814495806200295
            9.7001953125      -1.781175263371505      -1.781175263371697
       9.750325520833334        -1.7480995818948      -1.748099581895096
       9.800455729166668      -1.715285583516961       -1.71528558351656
            9.8505859375      -1.682749268130409      -1.682749268130018
       9.900716145833334      -1.650505810747481       -1.65050581074827
       9.950846354166668      -1.618569560898495       -1.61856956089852
           10.0009765625        -1.5869540443543      -1.586954044353607
       10.05110677083333      -1.555671966980121      -1.555671966980248
       10.10123697916667      -1.524735220688769      -1.524735220689244
           10.1513671875      -1.494154891317194      -1.494154891318475
       10.20149739583333      -1.463941268313848      -1.463941268313008
       10.25162760416667      -1.434103856131704      -1.434103856132753
           10.3017578125      -1.404651387173063      -1.404651387170877
       10.35188802083333      -1.375591836183242      -1.375591836184027
       10.40201822916667      -1.346932435956214      -1.346932435956509
           10.4521484375      -1.318679694224979      -1.318679694224226
       10.50227864583333      -1.290839411472564      -1.290839411472546
       10.55240885416667      -1.263416700614929      -1.263416700616166
           10.6025390625      -1.236416005756289       -1.23641600575755
       10.65266927083333      -1.209841117626178      -1.209841117623865
       10.70279947916667      -1.183695220690053      -1.183695220691209
           10.7529296875      -1.157980888894181      -1.157980888895584
       10.80305989583333      -1.132699923020512      -1.132699923019131
       10.85319010416667      -1.107854136413094      -1.107854136413253
           10.9033203125      -1.083445059372686      -1.083445059372916
       10.95345052083333      -1.059467868558836      -1.059467868559435
       11.00358072916667      -1.035929247874628      -1.035929247873525
           11.0537109375      -1.012856826201268      -1.012856826201692
       11.10384114583333     -0.9901325197562004     -0.9901325197560829
       11.15397135416667     -0.9677745895345724     -0.9677745895348714
           11.2041015625     -0.9466268525906718     -0.9466268525903029
       11.25423177083333     -0.9250014746371845     -0.9250014746363227
       11.30436197916667     -0.8998413788778385      -0.899841378878991
           11.3544921875     -0.8869412320490317     -0.8869412320493035
       11.40462239583333     -0.8829167638201104     -0.8829167638191653
       11.45475260416667     -0.7988224809891147     -0.7988224809897242
           11.5048828125     -0.7590464542739546     -0.7590464542742728
       11.55501302083333      -1.148168658773783      -1.148168658772874
       11.60514322916667      -1.269495944953989      -1.269495944955107
           11.6552734375     -0.3199603408499184     -0.3199603408504879
       11.70540364583333      -1.350514757371242      -1.350514757366838
       11.75553385416667      -5.807082420320075      -5.807082420319016
           11.8056640625       -6.61864397128242      -6.618643971284198
       11.85579427083333      -3.505213406196864      -3.505213406198652
       11.90592447916667      -2.728752592305332      -2.728752592304601
           11.9560546875       -4.13064693393008      -4.130646933930008
       12.00618489583333      -4.851815603611404      -4.851815603610305
       12.05631510416667       -4.50595402012889       -4.50595402013005
           12.1064453125       -4.58370667868775      -4.583706678688207
       12.15657552083333      -5.514130064569789      -5.514130064569615
       12.20670572916667      -6.705836797461077      -6.705836797461608
           12.2568359375      -7.803613771435115      -7.803613771435362
       12.30696614583333      -9.478250569361879      -9.478250569360666
       12.35709635416667      -11.40934234378827      -11.40934234378847
           12.4072265625      -15.79996860964308      -15.79996860964199
       12.45735677083333       -19.9547670903349      -19.95476709033573
       12.50748697916667      -31.62528655480729      -31.62528655480997
           12.5576171875      -37.99745675038671       -37.9974567503843
       12.60774739583333      -109.5813147202421      -109.5813147202867
       12.65787760416667       124.4147221731404       124.4147221735803
           12.7080078125       177.3812233884387       177.3812233903489
       12.75813802083333       3625.929658340615       3625.929658349085
       12.80826822916667      -52761.01050412161      -52761.01050420418
           12.8583984375                       0                       0
       12.90852864583333                       0                       0
       12.95865885416667                       0                       0
           13.0087890625                       0                       0
