# File created on Wed Jul  8 11:31:17 2026
# ======================================== 
# = Running code assuming AXISYMMETRY    = 
# ======================================== 
# Data for Inflation GW initial data initial data at coord. time 1.12447 and proper central time 1.12447
# Evolved with (264,10,9) gridpoints (including 4 ghosts)
# Evolution with geodesic slicing and constant shift
# using eighth-order spatial differencing with 4 ghost zones 
# data 1 at theta = 0 and phi = 3.14159
# data 2 at theta = 1.5708 and phi = 3.14159
#                      r                    h_rr                    h_rr
#                               (     0,3.14159)        (1.5708,3.14159)
#========================================================================
     -0.1754557291666667    0.001244314983706547     0.00124431498371147
     -0.1253255208333333   0.0006352250109161219   0.0006352250109228352
           -0.0751953125   0.0002283720265691194   0.0002283720265729983
    -0.02506510416666667   2.556867465473497e-05   2.556867465697277e-05
     0.02506510416666667   2.556867465921056e-05   2.556867465697277e-05
            0.0751953125   0.0002283720265768771   0.0002283720265729983
      0.1253255208333333   0.0006352250109295486   0.0006352250109228352
      0.1754557291666667    0.001244314983716393     0.00124431498371147
            0.2255859375    0.002057379458565819    0.002057379458559105
      0.2757161458333334    0.003073040257911649    0.003073040257899118
      0.3258463541666667     0.00429220203095055     0.00429220203093772
            0.3759765625    0.005714073178491545    0.005714073178479162
      0.4261067708333334    0.007339322889855008    0.007339322889837852
      0.4762369791666667    0.009167147018577688    0.009167147018557698
            0.5263671875     0.01119850542546026     0.01119850542543743
      0.5764973958333334     0.01343232445538921     0.01343232445536713
      0.6266276041666667     0.01586991805103678     0.01586991805101201
            0.6767578125     0.01851063504995852     0.01851063504993211
      0.7268880208333334     0.02135490219333876     0.02135490219331027
      0.7770182291666667     0.02440501157505702     0.02440501157502972
            0.8271484375     0.02765904410889813      0.0276590441088671
      0.8772786458333334     0.03112286479217917     0.03112286479214754
      0.9274088541666667     0.03480585013726498     0.03480585013723991
            0.9775390625     0.03870132865364374     0.03870132865362808
       1.027669270833333     0.04279328606875463       0.042793286068743
       1.077799479166667     0.04707281167126274      0.0470728116712511
            1.1279296875     0.05153813241817404     0.05153813241815852
       1.178059895833333     0.05618885506200104     0.05618885506198135
       1.228190104166667      0.0610246920157998     0.06102469201577698
            1.2783203125     0.06604574703448186      0.0660457470344562
       1.328450520833333     0.07125227038082441     0.07125227038079607
       1.378580729166667     0.07664446606093427     0.07664446606090547
            1.4287109375     0.08222247120397469     0.08222247120394455
       1.478841145833333     0.08798634029335814     0.08798634029332741
       1.528971354166667     0.09393602872618237     0.09393602872615014
            1.5791015625      0.1000713888410051      0.1000713888409726
       1.629231770833333       0.106392169976281      0.1063921699762457
       1.679361979166667      0.1128980194643138      0.1128980194642751
            1.7294921875      0.1195884844338558      0.1195884844338183
       1.779622395833333       0.126463013761411      0.1264630137613731
       1.829752604166667      0.1335209597751027      0.1335209597750623
            1.8798828125      0.1407615795843656      0.1407615795843237
       1.930013020833333      0.1481840359700381      0.1481840359699984
       1.980143229166667      0.1557873978154806      0.1557873978154445
            2.0302734375      0.1635706400914291       0.163570640091392
       2.080403645833333      0.1715326434212687      0.1715326434212299
       2.130533854166667      0.1796721932597795      0.1796721932597407
            2.1806640625      0.1879879787205545      0.1879879787205164
       2.230794270833333      0.1964785910869361      0.1964785910868948
       2.280924479166667      0.2051425220392464      0.2051425220392049
            2.3310546875      0.2139781616290984      0.2139781616290575
       2.381184895833333      0.2229837960286987      0.2229837960286578
       2.431315104166667      0.2321576050807519      0.2321576050807085
            2.4814453125       0.241497659672293      0.2414976596722499
       2.531575520833333      0.2510019189537058      0.2510019189536669
       2.581705729166667      0.2606682274223042      0.2606682274222651
            2.6318359375      0.2704943118884882      0.2704943118884497
       2.681966145833333      0.2804777783413168      0.2804777783412805
       2.732096354166667      0.2906161087290836      0.2906161087290433
            2.7822265625      0.3009066576699107      0.3009066576698635
       2.832356770833333      0.3113466491067427      0.3113466491066984
       2.882486979166667      0.3219331729206282      0.3219331729205885
            2.9326171875      0.3326631815157923      0.3326631815157473
       2.982747395833333      0.3435334863900348      0.3435334863899862
       3.032877604166667      0.3545407547038821      0.3545407547038345
            3.0830078125      0.3656815058619606      0.3656815058619097
       3.133138020833333      0.3769521081201304       0.376952108120074
       3.183268229166667      0.3883487752322038      0.3883487752321435
            3.2333984375      0.3998675631503765       0.399867563150309
       3.283528645833333      0.4115043667936842      0.4115043667936102
       3.333658854166667      0.4232549168992095       0.423254916899135
            3.3837890625      0.4351147769713788      0.4351147769713022
       3.433919270833333      0.4470793403448024      0.4470793403447205
       3.484049479166667      0.4591438273766763      0.4591438273765898
            3.5341796875      0.4713032827852933      0.4713032827851993
       3.584309895833333      0.4835525731515504      0.4835525731514488
       3.634440104166667      0.4958863846009073      0.4958863846007994
            3.6845703125      0.5082992206835751      0.5082992206834575
       3.734700520833333      0.5207854004712963      0.5207854004711717
       3.784830729166667       0.533339056889487      0.5333390568893583
            3.8349609375      0.5459541353035648      0.5459541353034252
       3.885091145833333      0.5586243923790843      0.5586243923789341
       3.935221354166667      0.5713433952353293      0.5713433952351703
            3.9853515625      0.5841045209122844      0.5841045209121186
       4.035481770833334      0.5969009561712244      0.5969009561710508
       4.085611979166667      0.6097256976491325      0.6097256976489538
            4.1357421875      0.6225715523872529      0.6225715523870705
       4.185872395833334      0.6354311387539935      0.6354311387538052
       4.236002604166667      0.6482968877824522      0.6482968877822515
            4.2861328125      0.6611610449424051         0.6611610449422
       4.336263020833334      0.6740156723664252      0.6740156723662265
       4.386393229166667      0.6868526515493166      0.6868526515491175
            4.4365234375      0.6996636865393893      0.6996636865391794
       4.486653645833334      0.7124403076395764      0.7124403076393595
       4.536783854166667      0.7251738756356085      0.7251738756353916
            4.5869140625      0.7378555865673321      0.7378555865671039
       4.637044270833334      0.7504764770582992      0.7504764770580604
       4.687174479166667      0.7630274302176977      0.7630274302174639
            4.7373046875      0.7754991821270427      0.7754991821268133
       4.787434895833334      0.7878823289224662      0.7878823289222382
       4.837565104166667      0.8001673344821865      0.8001673344819538
            4.8876953125      0.8123445387264874      0.8123445387262462
       4.937825520833334      0.8244041665357951      0.8244041665355486
       4.987955729166667      0.8363363372902709      0.8363363372900231
            5.0380859375      0.8481310750319613      0.8481310750317059
       5.088216145833334      0.8597783192479921      0.8597783192477296
       5.138346354166667      0.8712679362712554      0.8712679362709881
            5.1884765625      0.8825897312917415      0.8825897312914663
       5.238606770833334      0.8937334609690497       0.893733460968769
       5.288736979166667      0.9046888466339601      0.9046888466336784
            5.3388671875       0.915445588063501       0.915445588063223
       5.388997395833334      0.9259933778109892      0.9259933778107166
       5.439127604166667       0.936321916069413      0.9363219160691494
            5.4892578125      0.9464209260431157      0.9464209260428494
       5.539388020833334      0.9562801697995845      0.9562801697993157
       5.589518229166667      0.9658894645699015       0.965889464569633
            5.6396484375      0.9752386994628787      0.9752386994626107
       5.689778645833334       0.984317852554793      0.9843178525545206
       5.739908854166667      0.9931170083135904      0.9931170083133184
            5.7900390625       1.001626375312827       1.001626375312564
       5.840169270833334       1.009836304187975       1.009836304187717
       5.890299479166667       1.017737305784778       1.017737305784535
            5.9404296875       1.025320069446515       1.025320069446287
       5.990559895833334       1.032575481384105       1.032575481383886
       6.040690104166667       1.039494643071294       1.039494643071081
            6.0908203125       1.046068889604587        1.04606888960437
       6.140950520833334       1.052289807965575       1.052289807965353
       6.191080729166667        1.05814925512211       1.058149255121899
            6.2412109375       1.063639375903328       1.063639375903133
       6.291341145833334       1.068752620582303       1.068752620582127
       6.341471354166667       1.073481762099804       1.073481762099638
            6.3916015625       1.077819912862051       1.077819912861894
       6.441731770833334       1.081760541045829       1.081760541045682
       6.491861979166667       1.085297486344522       1.085297486344386
            6.5419921875       1.088424975089536       1.088424975089405
       6.592122395833334       1.091137634682986       1.091137634682862
       6.642252604166667       1.093430507279191        1.09343050727908
            6.6923828125       1.095299062654433       1.095299062654331
       6.742513020833334       1.096739210206979       1.096739210206887
       6.792643229166667       1.097747310032507       1.097747310032424
            6.8427734375        1.09832018302301       1.098320183022932
       6.892903645833334       1.098455119940863       1.098455119940795
       6.943033854166667       1.098149889424094        1.09814988942403
            6.9931640625       1.097402744882538       1.097402744882483
       7.043294270833334       1.096212430249538       1.096212430249497
       7.093424479166667       1.094578184558693       1.094578184558663
            7.1435546875         1.0924997453201       1.092499745320078
       7.193684895833334        1.08997735067583       1.089977350675812
       7.243815104166667       1.087011740319833       1.087011740319814
            7.2939453125        1.08360415517297       1.083604155172953
       7.344075520833334       1.079756335809459        1.07975633580945
       7.394205729166667       1.075470519636875       1.075470519636867
            7.4443359375       1.070749436837487       1.070749436837483
       7.494466145833334       1.065596305084382       1.065596305084392
       7.544596354166667       1.060014823051291       1.060014823051319
            7.5947265625       1.054009162740533       1.054009162740573
       7.644856770833334       1.047583960658809        1.04758396065886
       7.694986979166667       1.040744307875779       1.040744307875852
            7.7451171875        1.03349573900525       1.033495739005325
       7.795247395833334       1.025844220153214       1.025844220153291
       7.845377604166667       1.017796135881571       1.017796135881654
            7.8955078125       1.009358275240044       1.009358275240129
       7.945638020833334       1.000537816922592       1.000537816922687
       7.995768229166667      0.9913423136081992      0.9913423136083038
            8.0458984375      0.9817796755483698      0.9817796755484761
       8.096028645833334      0.9718581534664398      0.9718581534665441
       8.146158854166668      0.9615863208358382      0.9615863208359379
            8.1962890625      0.9509730556059544      0.9509730556060482
       8.246419270833334      0.9400275214455273      0.9400275214456292
       8.296549479166668      0.9287591485746872      0.9287591485748011
            8.3466796875      0.9171776142567128      0.9171776142568338
       8.396809895833334      0.9052928230207978      0.9052928230209258
       8.446940104166668      0.8931148866866908      0.8931148866868274
            8.4970703125      0.8806541042611574      0.8806541042613021
       8.547200520833334      0.8679209417751597      0.8679209417753091
       8.597330729166668      0.8549260121291491      0.8549260121292965
            8.6474609375        0.84168005501228       0.841680055012419
       8.697591145833334       0.828193916958738      0.8281939169588741
       8.747721354166668       0.814478531602248      0.8144785316023915
            8.7978515625      0.8005449001871283      0.8005449001872734
       8.847981770833334       0.786404072391187      0.7864040723913289
       8.898111979166668      0.7720671275130835      0.7720671275132249
            8.9482421875      0.7575451560732637      0.7575451560734083
       8.998372395833334      0.7428492418740805      0.7428492418742242
       9.048502604166668      0.7279904445613696      0.7279904445615111
            9.0986328125      0.7129797827261218      0.7129797827262621
       9.148763020833334      0.6978282175809616      0.6978282175811047
       9.198893229166668       0.682546637243164      0.6825466372433066
            9.2490234375      0.6671458416516585      0.6671458416517981
       9.299153645833334      0.6516365281419577      0.6516365281420964
       9.349283854166668      0.6360292776994205      0.6360292776995602
            9.3994140625      0.6203345419074865      0.6203345419076275
       9.449544270833334      0.6045626306041378      0.6045626306042778
       9.499674479166668      0.5887237002567797      0.5887237002569143
            9.5498046875      0.5728277430621516      0.5728277430622782
       9.599934895833334         0.5568845767747      0.5568845767748227
       9.650065104166668      0.5409038352640597      0.5409038352641772
            9.7001953125      0.5248949597991681      0.5248949597992809
       9.750325520833334      0.5088671910541303      0.5088671910542351
       9.800455729166668      0.4928295618284224      0.4928295618285248
            9.8505859375      0.4767908904717567      0.4767908904718535
       9.900716145833334      0.4607597750013673      0.4607597750014573
       9.950846354166668      0.4447445878978171      0.4447445878979022
           10.0009765625      0.4287534715636453      0.4287534715637238
       10.05110677083333      0.4127943344272824      0.4127943344273571
       10.10123697916667      0.3968748476735483      0.3968748476736235
           10.1513671875      0.3810024425806507      0.3810024425807226
       10.20149739583333      0.3651843084423481      0.3651843084424201
       10.25162760416667      0.3494273910531247      0.3494273910532012
           10.3017578125      0.3337383917333456      0.3337383917334221
       10.35188802083333      0.3181237668708022      0.3181237668708712
       10.40201822916667       0.302589727954588      0.3025897279546538
           10.4521484375      0.2871422420770952      0.2871422420771512
       10.50227864583333      0.2717870328788189      0.2717870328788627
       10.55240885416667      0.2565295819120375      0.2565295819120755
           10.6025390625      0.2413751304007598      0.2413751304007992
       10.65266927083333      0.2263286813574613      0.2263286813575017
       10.70279947916667      0.2113950020545289      0.2113950020545744
           10.7529296875      0.1965786269138574      0.1965786269139034
       10.80305989583333      0.1818838603140198      0.1818838603140683
       10.85319010416667      0.1673147797633729      0.1673147797634243
           10.9033203125      0.1528752426778306       0.152875242677886
       10.95345052083333      0.1385688839564421      0.1385688839564975
       11.00358072916667      0.1243991070657829      0.1243991070658408
           11.0537109375      0.1103691721994784      0.1103691721995401
       11.10384114583333     0.09648212359928403     0.09648212359934594
       11.15397135416667     0.08274028267635178     0.08274028267641309
           11.2041015625     0.06914685455233052     0.06914685455238989
       11.25423177083333     0.05570675958544563     0.05570675958550575
       11.30436197916667     0.04241376226373851     0.04241376226379878
           11.3544921875     0.02926505971228665     0.02926505971234439
       11.40462239583333     0.01632286363083158     0.01632286363088753
       11.45475260416667    0.003544194725538404    0.003544194725593752
           11.5048828125   -0.009369213277135063   -0.009369213277077626
       11.55501302083333    -0.02182460017139193    -0.02182460017133353
       11.60514322916667    -0.03214206595575066    -0.03214206595569069
           11.6552734375    -0.04173081422532997     -0.0417308142252697
       11.70540364583333    -0.05264437559537002    -0.05264437559530938
       11.75553385416667    -0.05399963032869753     -0.0539996303286509
           11.8056640625    -0.03075218508930371    -0.03075218508927618
       11.85579427083333     0.01241502803189726     0.01241502803192351
       11.90592447916667     0.06374688181934515     0.06374688181937649
           11.9560546875      0.1238561314473618      0.1238561314473943
       12.00618489583333      0.2001114897318663      0.2001114897318949
       12.05631510416667      0.2954891631859243      0.2954891631859552
           12.1064453125      0.4098006759725047       0.409800675972538
       12.15657552083333      0.5469237514444907      0.5469237514445234
       12.20670572916667      0.7164056260650011      0.7164056260650393
           12.2568359375       0.930564192122652      0.9305641921226955
       12.30696614583333       1.204972304866057        1.20497230486611
       12.35709635416667       1.562100603837904       1.562100603837969
           12.4072265625       2.045243353526129       2.045243353526221
       12.45735677083333       2.710776466450033       2.710776466450173
       12.50748697916667       3.706521920718911       3.706521920719112
           12.5576171875       5.189717747687975       5.189717747688255
       12.60774739583333       7.780794303453169       7.780794303453173
       12.65787760416667       13.57717543867131       13.57717543867311
           12.7080078125       15.70783299014405       15.70783299012668
       12.75813802083333       59.31936816808261       59.31936816805505
       12.80826822916667       16245.66907744095       16245.66907760244
           12.8583984375       475.9340747573409       475.9340747580301
       12.90852864583333       12.80955240592455       12.80955240578205
       12.95865885416667                    -nan                    -nan
           13.0087890625       4.401612843160325       4.401612843158441
