# File created on Wed Jul  8 11:33:16 2026
# ======================================== 
# = Running code assuming AXISYMMETRY    = 
# ======================================== 
# Data for Inflation GW initial data initial data at coord. time 0.188986 and proper central time 0.188986
# Evolved with (264,10,9) gridpoints (including 4 ghosts)
# Evolution with geodesic slicing and constant shift
# using eighth-order spatial differencing with 4 ghost zones 
# data 1 at theta = 0 and phi = 3.14159
# data 2 at theta = 1.5708 and phi = 3.14159
#                      r                    h_rr                    h_rr
#                               (     0,3.14159)        (1.5708,3.14159)
#========================================================================
            -0.210546875   6.936313938293165e-05   6.936313928118665e-05
            -0.150390625   3.542246459215664e-05   3.542246454113496e-05
    -0.09023437500000001   1.276003626493605e-05   1.276003624584021e-05
            -0.030078125   1.418223529451451e-06   1.418223521842954e-06
             0.030078125   1.418223514234457e-06   1.418223521842954e-06
     0.09023437500000001   1.276003622674438e-05   1.276003624584021e-05
             0.150390625   3.542246449011327e-05   3.542246454113496e-05
             0.210546875   6.936313917944165e-05   6.936313928118665e-05
             0.270703125    0.000114518569599327    0.000114518569698685
             0.330859375   0.0001708042187400401     0.00017080421882254
             0.391015625   0.0002381146038668881   0.0002381146039368565
             0.451171875    0.000316323421911336   0.0003163234219699662
             0.511328125   0.0004052836996191814   0.0004052836996684128
             0.571484375    0.000504827968374446   0.0005048279684166657
      0.6316406250000001   0.0006147684634809462   0.0006147684635166017
             0.691796875   0.0007348973476963006   0.0007348973477261378
             0.751953125   0.0008649869587839532   0.0008649869588102099
             0.812109375    0.001004790080841846    0.001004790080863627
             0.872265625    0.001154040239102747    0.001154040239121246
      0.9324218750000001       0.001312452017913    0.001312452017928067
             0.992578125    0.001479721401547743    0.001479721401560274
             1.052734375    0.001655526137503336     0.00165552613751363
             1.112890625    0.001839526121870751     0.00183952612187821
             1.173046875    0.002031363806391899    0.002031363806397568
             1.233203125     0.00223066462675597    0.002230664626758805
             1.293359375    0.002437037451650616    0.002437037451650914
             1.353515625    0.002650075052105613    0.002650075052105016
             1.413671875    0.002869354590601624    0.002869354590597895
             1.473828125    0.003094438129385448    0.003094438129379928
             1.533984375    0.003324873157455312    0.003324873157448449
             1.594140625    0.003560193135594109    0.003560193135585754
             1.654296875    0.003799918058846004    0.003799918058837948
             1.714453125     0.00404355503580562    0.004043555035797564
             1.774609375    0.004290598884021269    0.004290598884013064
             1.834765625    0.004540532740854149    0.004540532740846093
             1.894921875    0.004792828689061342    0.004792828689053286
             1.955078125    0.005046948396367018    0.005046948396358664
             2.015234375    0.005302343768266691    0.005302343768257889
             2.075390625    0.005558457613280401     0.00555845761327145
             2.135546875    0.005814724319854671    0.005814724319845421
             2.195703125    0.006070570544076188    0.006070570544066789
             2.255859375    0.006325415907374187    0.006325415907365683
             2.316015625    0.006578673703339411    0.006578673703331206
             2.376171875    0.006829751612772356    0.006829751612764001
             2.436328125    0.007078052426074243     0.00707805242606574
             2.496484375    0.007322974772060776    0.007322974772052571
             2.556640625    0.007563913852274048    0.007563913852266291
             2.616796875    0.007800262179856316    0.007800262179849304
             2.676953125    0.008031410322011604    0.008031410322006383
             2.737109375    0.008256747645107226    0.008256747645103646
             2.797265625    0.008475663061440965    0.008475663061438876
             2.857421875    0.008687545776668727    0.008687545776666639
             2.917578125    0.008891786036930398    0.008891786036927862
             2.977734375    0.009087775874652138    0.009087775874648707
             3.037890625    0.009274909852047927      0.0092749098520436
             3.098046875    0.009452585801298149    0.009452585801293822
             3.158203125    0.009620205560413545    0.009620205560408324
             3.218359375    0.009777175703779929    0.009777175703775454
             3.278515625    0.009922908266390043    0.009922908266385866
             3.338671875     0.01005682146076073      0.0100568214607567
             3.398828125     0.01017834038555413      0.0101783403855501
             3.458984375     0.01028689772492722     0.01028689772492319
             3.519140625     0.01038193443763362      0.0103819344376278
             3.579296875     0.01046290043493321      0.0104629004349247
             3.639453125     0.01052925524635456     0.01052925524634307
             3.699609375     0.01058046867240802     0.01058046867239415
             3.759765625     0.01061602142331532     0.01061602142329876
             3.819921875     0.01063540574288476     0.01063540574286492
             3.880078125     0.01063812601666886     0.01063812601664693
             3.940234375      0.0106236993635586     0.01062369936353369
       4.000390625000001     0.01059165620998691     0.01059165620995961
             4.060546875     0.01054154084597917     0.01054154084595083
             4.120703125     0.01047291196227105     0.01047291196223987
             4.180859375     0.01038534316776369     0.01038534316773221
             4.241015625     0.01027842348664073     0.01027842348660657
       4.301171875000001     0.01015175783444939     0.01015175783441313
             4.361328125     0.01000496747256062     0.01000496747251989
             4.421484375    0.009837690440377078    0.009837690440334113
             4.481640625    0.009649581964768925    0.009649581964724319
             4.541796875     0.00944031484620984    0.009440314846163145
       4.601953125000001    0.009209579821125396    0.009209579821077507
             4.662109375    0.008957085900059475    0.008957085900010542
             4.722265625     0.00868256068124015    0.008682560681191664
             4.782421875    0.008385750639214075    0.008385750639164247
             4.842578125    0.008066421388224096    0.008066421388173373
       4.902734375000001    0.007724357920122743    0.007724357920071423
             4.962890625    0.007359364816563317    0.007359364816512892
             5.023046875    0.006971266435323038    0.006971266435276791
             5.083203125    0.006559907070639841    0.006559907070596727
             5.143359375    0.006125151087470675    0.006125151087429948
       5.203515625000001    0.005666883029677505    0.005666883029640357
             5.263671875    0.005185007702144636    0.005185007702109279
             5.323828125     0.00467945022685495    0.004679450226819593
             5.383984375    0.004150156073095674    0.004150156073060018
             5.444140625    0.003597091061917988    0.003597091061881885
       5.504296875000001    0.003020241345035347    0.003020241345002228
             5.564453125    0.002419613358439317    0.002419613358406347
             5.624609375    0.001795233750968576     0.00179523375093471
             5.684765625    0.001147149288219393    0.001147149288185378
             5.744921875   0.0004754267321169514   0.0004754267320823402
       5.805078125000001  -0.0002198473034282691  -0.0002198473034651927
             5.865234375  -0.0009385665203280897  -0.0009385665203684446
             5.925390625   -0.001680605127105344   -0.001680605127148682
             5.985546875   -0.002445818052153305   -0.002445818052196569
             6.045703125   -0.003234041178893331   -0.003234041178935998
       6.105859375000001   -0.004045091602269619   -0.004045091602310869
             6.166015625   -0.004878767905940953   -0.004878767905979742
             6.226171875   -0.005734850459537779   -0.005734850459575225
             6.286328125   -0.006613101735300889   -0.006613101735336246
             6.346484375    -0.00751326664339751   -0.007513266643429883
       6.406640625000001   -0.008435072885202616   -0.008435072885234318
             6.466796875   -0.009378231323806604   -0.009378231323838082
             6.526953125    -0.01034243637094806    -0.01034243637097737
             6.587109375    -0.01132736638961837    -0.01132736638964366
             6.647265625    -0.01233268411153209    -0.01233268411155297
       6.707421875000001    -0.01335803706864761    -0.01335803706866528
             6.767578125     -0.0144030580379123    -0.01440305803792796
             6.827734375    -0.01546736549838372    -0.01546736549839789
             6.887890625    -0.01655056409990175    -0.01655056409991473
             6.948046875    -0.01765224514245207    -0.01765224514246311
       7.008203125000001    -0.01877198706536569    -0.01877198706537464
             7.068359375    -0.01990935594550047    -0.01990935594550614
             7.128515625    -0.02106390600354903    -0.02106390600355157
             7.188671875    -0.02223518011761327    -0.02223518011761155
             7.248828125    -0.02342271034319818    -0.02342271034319177
       7.308984375000001    -0.02462601843878466    -0.02462601843877765
             7.369140625    -0.02584461639613478    -0.02584461639612523
             7.429296875    -0.02707800697448221    -0.02707800697446938
             7.489453125    -0.02832568423781843    -0.02832568423780418
             7.549609375    -0.02958713409445778    -0.02958713409444308
       7.609765625000001    -0.03086183483807666    -0.03086183483805943
             7.669921875    -0.03214925768942815    -0.03214925768940891
             7.730078125     -0.0334488673380198    -0.03344886733800234
             7.790234375    -0.03476012248296567    -0.03476012248294874
             7.850390625    -0.03608247637228039    -0.03608247637226286
       7.910546875000001     -0.0374153773399326     -0.0374153773399144
             7.970703125    -0.03875826933994476     -0.0387582693399291
             8.030859375     -0.0401105924769007    -0.04011059247688742
       8.091015625000001    -0.04147178353215755    -0.04147178353214748
       8.151171875000001    -0.04284127648521201    -0.04284127648520314
             8.211328125    -0.04421850302956439    -0.04421850302955932
             8.271484375    -0.04560289308253671     -0.0456028930825329
             8.331640625    -0.04699387528847696    -0.04699387528847226
       8.391796875000001    -0.04839087751483484    -0.04839087751482746
       8.451953125000001     -0.0497933273406054    -0.04979332734059227
             8.512109375    -0.05120065253666665    -0.05120065253664785
             8.572265625    -0.05261228153756463    -0.05261228153754233
             8.632421875     -0.0540276439043301    -0.05402764390430415
       8.692578125000001     -0.0554461707779058     -0.0554461707778785
       8.752734375000001    -0.05686729532285307    -0.05686729532282569
             8.812890625    -0.05829045316095594    -0.05829045316092901
             8.873046875    -0.05971508279443764    -0.05971508279441318
             8.933203125    -0.06114062601847983    -0.06114062601845932
       8.993359375000001     -0.0625665283227782    -0.06256652832275955
       9.053515625000001    -0.06399223928189565    -0.06399223928187708
             9.113671875     -0.0654172129342091    -0.06541721293418912
             9.173828125    -0.06684090814923398    -0.06684090814921168
             9.233984375    -0.06826278898318366     -0.0682627889831583
       9.294140625000001    -0.06968232502260086    -0.06968232502257177
       9.354296875000001    -0.07109899171593823    -0.07109899171590622
             9.414453125    -0.07251227069301479    -0.07251227069298272
             9.474609375    -0.07392165007224265    -0.07392165007221169
             9.534765625    -0.07532662475555829    -0.07532662475552965
       9.594921875000001    -0.07672669671107871    -0.07672669671105214
       9.655078125000001    -0.07812137524338938    -0.07812137524336366
             9.715234375     -0.0795101772515299    -0.07951017725150461
             9.775390625    -0.08089262747465598    -0.08089262747463122
             9.835546875    -0.08226825872545392    -0.08226825872542848
       9.895703125000001    -0.08363661211131947    -0.08363661211129381
       9.955859375000001    -0.08499723724340608    -0.08499723724337893
            10.016015625    -0.08634969243361683    -0.08634969243358759
            10.076171875    -0.08769354487963454     -0.0876935448796059
            10.136328125     -0.0890283708381248    -0.08902837083809728
            10.196484375     -0.0903537557862083    -0.09035375578618182
            10.256640625    -0.09166929457136942    -0.09166929457134593
            10.316796875    -0.09297459154994933    -0.09297459154993121
            10.376953125      -0.094269260714371    -0.09426926071435809
            10.437109375    -0.09555292580927087    -0.09555292580926356
            10.497265625    -0.09682522043673655    -0.09682522043673492
            10.557421875     -0.0980857881508211    -0.09808578815082342
            10.617578125    -0.09933428254152965    -0.09933428254153398
            10.677734375     -0.1005703673085083     -0.1005703673085123
            10.737890625     -0.1017937163246127     -0.1017937163246169
            10.798046875     -0.1030040136896009     -0.1030040136896049
            10.858203125     -0.1042009537741563     -0.1042009537741593
            10.918359375     -0.1053842412544588     -0.1053842412544617
            10.978515625     -0.1065535911375799     -0.1065535911375824
            11.038671875     -0.1077087287778702     -0.1077087287778749
            11.098828125     -0.1088493898846329     -0.1088493898846369
            11.158984375     -0.1099753205212764       -0.10997532052128
            11.219140625     -0.1110862770962334     -0.1110862770962356
            11.279296875     -0.1121820263458441     -0.1121820263458439
            11.339453125     -0.1132623453094835     -0.1132623453094802
            11.399609375     -0.1143270212971444     -0.1143270212971416
            11.459765625     -0.1153758518497459      -0.115375851849744
            11.519921875     -0.1164086446923925       -0.11640864469239
            11.580078125     -0.1174252176808321     -0.1174252176808265
            11.640234375     -0.1184253987413545     -0.1184253987413466
            11.700390625     -0.1194090258043692     -0.1194090258043591
            11.760546875     -0.1203759467319093     -0.1203759467318939
            11.820703125     -0.1213260192392676     -0.1213260192392465
            11.880859375     -0.1222591108110355     -0.1222591108110086
            11.941015625     -0.1231750986117543     -0.1231750986117254
            12.001171875     -0.1240738693914117     -0.1240738693913807
            12.061328125     -0.1249553193860004     -0.1249553193859678
            12.121484375     -0.1258193542133729     -0.1258193542133403
            12.181640625     -0.1266658887646068     -0.1266658887645761
            12.241796875     -0.1274948470910962     -0.1274948470910678
            12.301953125     -0.1283061622875649     -0.1283061622875369
            12.362109375     -0.1290997763712319     -0.1290997763712051
            12.422265625     -0.1298756401573277     -0.1298756401573025
            12.482421875      -0.130633713131142     -0.1306337131311178
            12.542578125      -0.131373963316829     -0.1313739633168042
            12.602734375     -0.1320963671431211     -0.1320963671430959
            12.662890625     -0.1328009093061801     -0.1328009093061557
            12.723046875      -0.133487582629755     -0.1334875826297324
            12.783203125     -0.1341563879228027     -0.1341563879227823
            12.843359375     -0.1348073338347757     -0.1348073338347569
            12.903515625     -0.1354404367087316     -0.1354404367087158
            12.963671875     -0.1360557204324394     -0.1360557204324264
            13.023828125     -0.1366532162876373     -0.1366532162876281
            13.083984375     -0.1372329627976066     -0.1372329627976007
            13.144140625     -0.1377950055732062     -0.1377950055732011
            13.204296875     -0.1383393971575249       -0.13833939715752
            13.264453125     -0.1388661968692954     -0.1388661968692895
            13.324609375     -0.1393754706452251     -0.1393754706452163
            13.384765625     -0.1398672908813427      -0.139867290881332
            13.444921875     -0.1403417362735428     -0.1403417362735311
            13.505078125     -0.1407988916574302     -0.1407988916574175
            13.565234375     -0.1412388478475855     -0.1412388478475709
            13.625390625     -0.1416617014764109     -0.1416617014763947
            13.685546875     -0.1420675548325978     -0.1420675548325831
            13.745703125     -0.1424565156995125     -0.1424565156994998
            13.805859375     -0.1428286971931721     -0.1428286971931589
            13.866015625     -0.1431842176010382     -0.1431842176010243
            13.926171875     -0.1435232002187851     -0.1435232002187692
            13.986328125     -0.1438457731929299     -0.1438457731929143
            14.046484375     -0.1441520693491333     -0.1441520693491188
            14.106640625     -0.1444422260587545     -0.1444422260587422
            14.166796875     -0.1447163850083679     -0.1447163850083555
            14.226953125     -0.1449746922216319     -0.1449746922216209
            14.287109375       -0.14521729743614      -0.145217297436134
            14.347265625      -0.145444355064345     -0.1454443550643456
            14.407421875     -0.1456560216590594     -0.1456560216590633
            14.467578125      -0.145852461323785     -0.1458524613237892
            14.527734375     -0.1460338163671822     -0.1460338163671875
            14.587890625     -0.1462003912913817     -0.1462003912913872
            14.648046875     -0.1463520004348188     -0.1463520004348213
            14.708203125     -0.1464873210245047     -0.1464873210245029
            14.768359375     -0.1466235502818896      -0.146623550281883
            14.828515625     -0.1467079815501199     -0.1467079815501091
            14.888671875     -0.1466572756068522     -0.1466572756068398
            14.948828125     -0.1480700356155366     -0.1480700356155243
            15.008984375     -0.1445869806276217     -0.1445869806276094
            15.069140625     -0.1538194911946192     -0.1538194911946024
            15.129296875     0.03078174077569707     0.03078174077558204
            15.189453125                    -nan                    -nan
            15.249609375       52.93607262130332       52.93607262157514
            15.309765625      -0.309702802910307      -0.309702802910275
            15.369921875       1.756084496106625       1.756084496106069
            15.430078125                    -nan                    -nan
            15.490234375      0.9110549464783564      0.9110549464780069
            15.550390625       0.411185521453307      0.4111855214532727
            15.610546875      0.3935653782136028      0.3935653782136019
