# File created on Wed Jul  8 11:31:12 2026
# ======================================== 
# = Running code assuming AXISYMMETRY    = 
# ======================================== 
# Data for Inflation GW initial data initial data at coord. time 0.0377973 and proper central time 0.0377973
# Evolved with (264,10,9) gridpoints (including 4 ghosts)
# Evolution with geodesic slicing and constant shift
# using eighth-order spatial differencing with 4 ghost zones 
# data 1 at theta = 0 and phi = 3.14159
# data 2 at theta = 1.5708 and phi = 3.14159
#                      r                    h_rr                    h_rr
#                               (     0,3.14159)        (1.5708,3.14159)
#========================================================================
     -0.1754557291666667  -1.175576797615102e-06  -1.175576835944405e-06
     -0.1253255208333333  -5.981425270169228e-07  -5.981425929077945e-07
           -0.0751953125  -2.149370690674636e-07  -2.149371797305301e-07
    -0.02506510416666667  -2.386001485770057e-08  -2.386006953872463e-08
     0.02506510416666667  -2.386012421974868e-08  -2.386006953872463e-08
            0.0751953125  -2.149372903935965e-07  -2.149371797305301e-07
      0.1253255208333333  -5.981426587986662e-07  -5.981425929077945e-07
      0.1754557291666667  -1.175576874273709e-06  -1.175576835944405e-06
            0.2255859375  -1.950388367968567e-06  -1.950388335069254e-06
      0.2757161458333334  -2.926769470910438e-06  -2.926769445011385e-06
      0.3258463541666667  -4.109952109460198e-06  -4.109952088465176e-06
            0.3759765625  -5.506202067828061e-06  -5.506202050315617e-06
      0.4261067708333334  -7.122812179304127e-06  -7.122812164618199e-06
      0.4762369791666667  -8.968094381921452e-06  -8.968094369322972e-06
            0.5263671875  -1.105137069605144e-05  -1.105137068510107e-05
      0.5764973958333334  -1.338296310188538e-05  -1.338296309262352e-05
      0.6266276041666667  -1.597418232945781e-05  -1.597418232136709e-05
            0.6767578125  -1.883731560486065e-05  -1.883731559796573e-05
      0.7268880208333334  -2.198561333138151e-05  -2.198561332541458e-05
      0.7770182291666667  -2.543327471154004e-05  -2.543327470634584e-05
            0.8271484375  -2.919543238176966e-05  -2.919543237721853e-05
      0.8772786458333334  -3.328813603962571e-05  -3.328813603549706e-05
      0.9274088541666667  -3.772833508382456e-05  -3.772833508025665e-05
            0.9775390625  -4.253386032232488e-05  -4.253386031938606e-05
       1.027669270833333  -4.772340472494357e-05  -4.772340472253912e-05
       1.077799479166667  -5.331650324875575e-05  -5.331650324685961e-05
            1.1279296875  -5.933351180039956e-05  -5.933351179893134e-05
       1.178059895833333  -6.579558532715792e-05  -6.579558532590426e-05
       1.228190104166667  -7.272465506503733e-05  -7.272465506402489e-05
            1.2783203125  -8.014340499976657e-05  -8.014340499941749e-05
       1.328450520833333  -8.807524752863843e-05  -8.807524752875025e-05
       1.378580729166667  -9.654429835787038e-05   -9.65442983582097e-05
            1.4287109375  -0.0001055753506976808  -0.0001055753506982993
       1.478841145833333  -0.0001151938487582299  -0.0001151938487592445
       1.528971354166667  -0.0001254258605785514   -0.000125425860580005
            1.5791015625  -0.0001362980502404872  -0.0001362980502422226
       1.629231770833333  -0.0001478376494730426  -0.0001478376494749297
       1.679361979166667  -0.0001600724286830425  -0.0001600724286850355
            1.7294921875  -0.0001730306674674375  -0.0001730306674694235
       1.779622395833333  -0.0001867411246227633  -0.0001867411246245207
       1.829752604166667  -0.0002012330076875992  -0.0002012330076890397
            1.8798828125  -0.0002165359420637064  -0.0002165359420650664
       1.930013020833333  -0.0002326799397346428  -0.0002326799397358484
       1.980143229166667  -0.0002496953676167959  -0.0002496953676178929
            2.0302734375  -0.0002676129155951182  -0.0002676129155965659
       2.080403645833333  -0.0002864635642648169  -0.0002864635642670681
       2.130533854166667  -0.0003062785524163381  -0.0003062785524191044
            2.1806640625  -0.0003270893443059791  -0.0003270893443080218
       2.230794270833333  -0.0003489275967304217  -0.0003489275967320709
       2.280924479166667  -0.0003718251259593826   -0.000371825125961205
            2.3310546875  -0.0003958138745532385  -0.0003958138745546512
       2.381184895833333  -0.0004209258780972966  -0.0004209258780978087
       2.431315104166667  -0.0004471932318932198  -0.0004471932318943742
            2.4814453125   -0.000474648057642606  -0.0004746480576448474
       2.531575520833333  -0.0005033224701458705  -0.0005033224701483799
       2.581705729166667  -0.0005332485440647969  -0.0005332485440668621
            2.6318359375  -0.0005644582807760376  -0.0005644582807774786
       2.681966145833333  -0.0005969835753462266   -0.000596983575347077
       2.732096354166667   -0.000630856183665206  -0.0006308561836656883
            2.7822265625  -0.0006661076897677374  -0.0006661076897678131
       2.832356770833333  -0.0007027694733706897  -0.0007027694733707272
       2.882486979166667  -0.0007408726776735336  -0.0007408726776738088
            2.9326171875  -0.0007804481774326134  -0.0007804481774329347
       2.982747395833333  -0.0008215265473475612    -0.00082152654734792
       3.032877604166667  -0.0008641380307944329  -0.0008641380307956256
            3.0830078125  -0.0009083125089239257  -0.0009083125089253829
       3.133138020833333   -0.000954079470152955  -0.0009540794701541957
       3.183268229166667   -0.001001467980096062   -0.001001467980097151
            3.2333984375   -0.001050506651938565   -0.001050506651939703
       3.283528645833333   -0.001101223617290474   -0.001101223617291473
       3.333658854166667   -0.001153646497547168   -0.001153646497547594
            3.3837890625   -0.001207802375762356    -0.00120780237576253
       3.433919270833333   -0.001263717769077366   -0.001263717769077972
       3.484049479166667   -0.001321418601740615    -0.00132141860174162
            3.5341796875   -0.001380930178701162   -0.001380930178702244
       3.584309895833333   -0.001442277159823102   -0.001442277159824394
       3.634440104166667   -0.001505483534743004   -0.001505483534744725
            3.6845703125   -0.001570572598360865   -0.001570572598363534
       3.734700520833333   -0.001637566927018322    -0.00163756692702193
       3.784830729166667   -0.001706488355376359   -0.001706488355380274
            3.8349609375    -0.00177735795398074   -0.001777357953984692
       3.885091145833333   -0.001850196007556731   -0.001850196007561093
       3.935221354166667   -0.001925021994047002   -0.001925021994051794
            3.9853515625   -0.002001854564375796    -0.00200185456438133
       4.035481770833334   -0.002080711522989534   -0.002080711522995576
       4.085611979166667   -0.002161609809187633   -0.002161609809193706
            4.1357421875   -0.002244565479215045   -0.002244565479221173
       4.185872395833334   -0.002329593689158696   -0.002329593689165311
       4.236002604166667   -0.002416708678655872   -0.002416708678662866
            4.2861328125   -0.002505923755386955   -0.002505923755393911
       4.336263020833334   -0.002597251280406055   -0.002597251280413135
       4.386393229166667   -0.002690702654314175   -0.002690702654321787
            4.4365234375   -0.002786288304238963   -0.002786288304247829
       4.486653645833334    -0.00288401767165743   -0.002884017671668003
       4.536783854166667   -0.002983899201065887   -0.002983899201076965
            4.5869140625   -0.003085940329467781   -0.003085940329477797
       4.637044270833334   -0.003190147476718582   -0.003190147476727671
       4.687174479166667   -0.003296526036739632   -0.003296526036748604
            4.7373046875   -0.003405080369551536   -0.003405080369560988
       4.787434895833334   -0.003515813794156721   -0.003515813794166734
       4.837565104166667   -0.003628728582272634   -0.003628728582282689
            4.8876953125   -0.003743825952886762   -0.003743825952897361
       4.937825520833334   -0.003861106067671962   -0.003861106067683722
       4.987955729166667   -0.003980568027245221   -0.003980568027256669
            5.0380859375   -0.004102209868232154   -0.004102209868242024
       5.088216145833334   -0.004226028561169951    -0.00422602856117877
       5.138346354166667   -0.004352020009241488   -0.004352020009248744
            5.1884765625   -0.004480179047796383   -0.004480179047802067
       5.238606770833334   -0.004610499444692929   -0.004610499444699163
       5.288736979166667    -0.00474297390146079   -0.004742973901468277
            5.3388671875    -0.00487759405522695   -0.004877594055234495
       5.388997395833334   -0.005014350481429447    -0.00501435048143666
       5.439127604166667   -0.005153232697315038   -0.005153232697323099
            5.4892578125   -0.005294229166185693   -0.005294229166193654
       5.539388020833334   -0.005437327302390144   -0.005437327302397399
       5.589518229166667   -0.005582513477087958    -0.00558251347709387
            5.6396484375    -0.00572977302471872   -0.005729773024723595
       5.689778645833334   -0.005879090250191414   -0.005879090250197118
       5.739908854166667   -0.006030448436785108   -0.006030448436792854
            5.7900390625    -0.00618382985472769   -0.006183829854735917
       5.840169270833334   -0.006339215770454726   -0.006339215770462638
       5.890299479166667   -0.006496586456549796   -0.006496586456558042
            5.9404296875   -0.006655921202321064   -0.006655921202329937
       5.990559895833334   -0.006817198325013865   -0.006817198325022851
       6.040690104166667   -0.006980395181645041   -0.006980395181654593
            6.0908203125   -0.007145488181433585    -0.00714548818144373
       6.140950520833334   -0.007312452798827575   -0.007312452798836018
       6.191080729166667   -0.007481263587109253   -0.007481263587115971
            6.2412109375   -0.007651894192551322   -0.007651894192557834
       6.291341145833334   -0.007824317369115843   -0.007824317369122442
       6.341471354166667   -0.007998504993676925   -0.007998504993683972
            6.3916015625   -0.008174428081744459    -0.00817442808175165
       6.441731770833334   -0.008352056803676601   -0.008352056803683061
       6.491861979166667   -0.008531360501381957   -0.008531360501387902
            6.5419921875     -0.0087123077054665   -0.008712307705472763
       6.592122395833334   -0.008894866152818851   -0.008894866152825108
       6.642252604166667   -0.009079002804615538   -0.009079002804620335
            6.6923828125   -0.009264683864721009   -0.009264683864724368
       6.742513020833334   -0.009451874798486028   -0.009451874798488741
       6.792643229166667   -0.009640540351914126   -0.009640540351916017
            6.8427734375   -0.009830644571167831   -0.009830644571169313
       6.892903645833334    -0.01002215082241311    -0.01002215082241576
       6.943033854166667    -0.01021502181197934    -0.01021502181198293
            6.9931640625    -0.01040921960680008    -0.01040921960680408
       7.043294270833334    -0.01060470565514627    -0.01060470565514871
       7.093424479166667    -0.01080144080762026    -0.01080144080762065
            7.1435546875    -0.01099938533838485    -0.01099938533838419
       7.193684895833334    -0.01119849896662292    -0.01119849896662173
       7.243815104166667    -0.01139874087820567    -0.01139874087820383
            7.2939453125     -0.0116000697475378    -0.01160006974753628
       7.344075520833334    -0.01180244375958658    -0.01180244375958487
       7.394205729166667    -0.01200582063206783    -0.01200582063206624
            7.4443359375    -0.01221015763776465    -0.01221015763776325
       7.494466145833334    -0.01241541162696637    -0.01241541162696365
       7.544596354166667    -0.01262153905001134    -0.01262153905000682
            7.5947265625    -0.01282849597991679    -0.01282849597991226
       7.644856770833334    -0.01303623813508763    -0.01303623813508366
       7.694986979166667    -0.01324472090207657    -0.01324472090207311
            7.7451171875    -0.01345389935837529    -0.01345389935837176
       7.795247395833334    -0.01366372829523247    -0.01366372829522836
       7.845377604166667    -0.01387416224048385    -0.01387416224048025
            7.8955078125    -0.01408515548137133     -0.0140851554813688
       7.945638020833334    -0.01429666208733568    -0.01429666208733226
       7.995768229166667     -0.0145086359327712     -0.0145086359327666
            8.0458984375    -0.01472103071973402     -0.0147210307197298
       8.096028645833334    -0.01493380000057982    -0.01493380000057687
       8.146158854166668     -0.0151468972005141    -0.01514689720051239
            8.1962890625    -0.01536027564005069    -0.01536027564005073
       8.246419270833334    -0.01557388855737057    -0.01557388855737126
       8.296549479166668    -0.01578768913054411    -0.01578768913054435
            8.3466796875    -0.01600163049962273    -0.01600163049962239
       8.396809895833334    -0.01621566578858695    -0.01621566578858592
       8.446940104166668    -0.01642974812713266    -0.01642974812712999
            8.4970703125    -0.01664383067228135    -0.01664383067227737
       8.547200520833334    -0.01685786662981185    -0.01685786662980713
       8.597330729166668    -0.01707180927549255    -0.01707180927548634
            8.6474609375    -0.01728561197610329      -0.017285611976096
       8.697591145833334    -0.01749922821024517    -0.01749922821023905
       8.747721354166668    -0.01771261158892488    -0.01771261158891983
            8.7978515625    -0.01792571587589428    -0.01792571587588891
       8.847981770833334    -0.01813849500774231    -0.01813849500773649
       8.898111979166668    -0.01835090311373125    -0.01835090311372559
            8.9482421875    -0.01856289453536533    -0.01856289453536018
       8.998372395833334    -0.01877442384568109    -0.01877442384567665
       9.048502604166668    -0.01898544586825434     -0.0189854458682512
            9.0986328125     -0.0191959156959229    -0.01919591569592129
       9.148763020833334    -0.01940578870919895    -0.01940578870919702
       9.198893229166668    -0.01961502059436632    -0.01961502059436178
            9.2490234375    -0.01982356736127404    -0.01982356736126687
       9.299153645833334    -0.02003138536080562    -0.02003138536079776
       9.349283854166668     -0.0202384313020146    -0.02023843130200663
            9.3994140625    -0.02044466226893212    -0.02044466226892393
       9.449544270833334    -0.02065003573702575    -0.02065003573701839
       9.499674479166668    -0.02085450958930952    -0.02085450958930351
            9.5498046875    -0.02105804213210764    -0.02105804213210222
       9.599934895833334    -0.02126059211045353    -0.02126059211044805
       9.650065104166668    -0.02146211872312464    -0.02146211872311974
            9.7001953125    -0.02166258163732971    -0.02166258163732477
       9.750325520833334    -0.02186194100300678    -0.02186194100300132
       9.800455729166668    -0.02206015746674296    -0.02206015746673727
            9.8505859375    -0.02225719218532485    -0.02225719218531926
       9.900716145833334    -0.02245300683890441    -0.02245300683889882
       9.950846354166668    -0.02264756364377834    -0.02264756364377288
           10.0009765625     -0.0228408253647922    -0.02284082536478668
       10.05110677083333    -0.02303275532733483      -0.023032755327329
       10.10123697916667    -0.02322331742894764    -0.02322331742894057
           10.1513671875    -0.02341247615054546    -0.02341247615053744
       10.20149739583333    -0.02360019656723686    -0.02360019656722997
       10.25162760416667    -0.02378644435874561    -0.02378644435874074
           10.3017578125    -0.02397118581944815    -0.02397118581944397
       10.35188802083333    -0.02415438786798922    -0.02415438786798609
       10.40201822916667    -0.02433601805651426    -0.02433601805651251
           10.4521484375    -0.02451604457949822    -0.02451604457949704
       10.50227864583333    -0.02469443628216814     -0.0246944362821671
       10.55240885416667    -0.02487116266852937    -0.02487116266852964
           10.6025390625    -0.02504619390900755    -0.02504619390900962
       10.65266927083333     -0.0252195008476766    -0.02521950084767928
       10.70279947916667    -0.02539105500907498     -0.0253910550090774
           10.7529296875    -0.02556082860464837    -0.02556082860464971
       10.80305989583333    -0.02572879453879262    -0.02572879453879213
       10.85319010416667    -0.02589492641449226    -0.02589492641449133
           10.9033203125      -0.026059198538576    -0.02605919853857573
       10.95345052083333    -0.02622158592658408    -0.02622158592658461
       11.00358072916667    -0.02638206430722885     -0.0263820643072302
           11.0537109375    -0.02654061012648439    -0.02654061012648617
       11.10384114583333    -0.02669720055128808    -0.02669720055128956
       11.15397135416667    -0.02685181347285683    -0.02685181347285826
           11.2041015625    -0.02700442750963961    -0.02700442750964057
       11.25423177083333    -0.02715502200987778    -0.02715502200987744
       11.30436197916667    -0.02730357705378991    -0.02730357705378901
           11.3544921875    -0.02745007345540197    -0.02745007345540143
       11.40462239583333    -0.02759449276400446    -0.02759449276400364
       11.45475260416667    -0.02773681726524063    -0.02773681726523895
           11.5048828125    -0.02787702998185011    -0.02787702998184889
       11.55501302083333    -0.02801511467404951    -0.02801511467404932
       11.60514322916667    -0.02815105583955527    -0.02815105583955664
           11.6552734375    -0.02828483871327252    -0.02828483871327354
       11.70540364583333    -0.02841644926663166    -0.02841644926662871
       11.75553385416667    -0.02854587420658128    -0.02854587420657542
           11.8056640625    -0.02867310097426811    -0.02867310097426328
       11.85579427083333    -0.02879811774338566    -0.02879811774338137
       11.90592447916667    -0.02892091341817161      -0.028920913418165
           11.9560546875    -0.02904147763109709    -0.02904147763108861
       12.00618489583333    -0.02915980074025551    -0.02915980074024845
       12.05631510416667    -0.02927587382644086    -0.02927587382643472
           12.1064453125     -0.0293896886899008     -0.0293896886898925
       12.15657552083333    -0.02950123784679734    -0.02950123784678895
       12.20670572916667    -0.02961051452539294    -0.02961051452538596
           12.2568359375    -0.02971751266192804    -0.02971751266192183
       12.30696614583333    -0.02982222689621269    -0.02982222689620719
       12.35709635416667    -0.02992465256695018    -0.02992465256694544
           12.4072265625    -0.03002478570679201    -0.03002478570678712
       12.45735677083333    -0.03012262303711748    -0.03012262303711145
       12.50748697916667    -0.03021816196254784    -0.03021816196254078
           12.5576171875    -0.03031140056521681    -0.03031140056521071
       12.60774739583333    -0.03040233759879112    -0.03040233759878733
       12.65787760416667      -0.030490972482241    -0.03049097248223662
           12.7080078125    -0.03057730529337081    -0.03057730529336458
       12.75813802083333    -0.03066133676212806    -0.03066133676212133
       12.80826822916667    -0.03074306826367896    -0.03074306826367347
           12.8583984375     -0.0308225018112723     -0.0308225018112685
       12.90852864583333    -0.03089964004888388    -0.03089964004888101
       12.95865885416667    -0.03097448624364937    -0.03097448624364687
           13.0087890625    -0.03104704427810743    -0.03104704427810582
