# File created on Wed Jul  8 11:31:18 2026
# Data for Inflation GW initial data initial data at coord time 1.12447 and central proper time 1.12447
# Evolved with (264,10,9) gridpoints (including 4 ghosts)
# Evolution with geodesic slicing and constant shift shift condition 
# data for phi = 3.14159
#              r           theta                 Ham
#===============================================================
     0.025065104      0.78539816      -2.250563583768091
     0.025065104       2.3561945      -2.250563583767612

     0.075195312      0.78539816      -2.250691776646376
     0.075195312       2.3561945      -2.250691776648507

      0.12532552      0.78539816      -2.250980843198569
      0.12532552       2.3561945      -2.250980843197339

      0.17545573      0.78539816      -2.251388667142494
      0.17545573       2.3561945      -2.251388667141635

      0.22558594      0.78539816      -2.251937691401064
      0.22558594       2.3561945      -2.251937691401502

      0.27571615      0.78539816      -2.252625907896193
      0.27571615       2.3561945      -2.252625907897781

      0.32584635      0.78539816      -2.253446702008639
      0.32584635       2.3561945      -2.253446702008019

      0.37597656      0.78539816      -2.254402714052279
      0.37597656       2.3561945      -2.254402714052731

      0.42610677      0.78539816      -2.255492768506474
      0.42610677       2.3561945      -2.255492768506703

      0.47623698      0.78539816      -2.256715486680016
      0.47623698       2.3561945      -2.256715486679885

      0.52636719      0.78539816      -2.258070375726062
      0.52636719       2.3561945       -2.25807037572298

       0.5764974      0.78539816      -2.259556083334961
       0.5764974       2.3561945      -2.259556083338975

       0.6266276      0.78539816      -2.261172332293407
       0.6266276       2.3561945      -2.261172332289656

      0.67675781      0.78539816      -2.262917527919833
      0.67675781       2.3561945      -2.262917527924107

      0.72688802      0.78539816      -2.264790549918267
      0.72688802       2.3561945      -2.264790549915748

      0.77701823      0.78539816      -2.266791977154968
      0.77701823       2.3561945      -2.266791977156637

      0.82714844      0.78539816       -2.26891870706647
      0.82714844       2.3561945      -2.268918707066879

      0.87727865      0.78539816       -2.27116753104238
      0.87727865       2.3561945      -2.271167531041726

      0.92740885      0.78539816      -2.273540304955891
      0.92740885       2.3561945      -2.273540304955601

      0.97753906      0.78539816      -2.276040501362309
      0.97753906       2.3561945      -2.276040501364195

       1.0276693      0.78539816      -2.278669365714278
       1.0276693       2.3561945      -2.278669365712324

       1.0777995      0.78539816      -2.281426304183901
       1.0777995       2.3561945      -2.281426304184199

       1.1279297      0.78539816      -2.284310463633013
       1.1279297       2.3561945      -2.284310463633735

       1.1780599      0.78539816      -2.287321387459075
       1.1780599       2.3561945       -2.28732138745912

       1.2281901      0.78539816      -2.290458676409906
       1.2281901       2.3561945      -2.290458676408865

       1.2783203      0.78539816      -2.293721772624573
       1.2783203       2.3561945       -2.29372177262562

       1.3284505      0.78539816      -2.297110055511418
       1.3284505       2.3561945      -2.297110055510514

       1.3785807      0.78539816      -2.300622870061142
       1.3785807       2.3561945      -2.300622870063062

       1.4287109      0.78539816      -2.304259503014178
       1.4287109       2.3561945      -2.304259503012136

       1.4788411      0.78539816       -2.30801918314672
       1.4788411       2.3561945      -2.308019183147378

       1.5289714      0.78539816      -2.311901083957484
       1.5289714       2.3561945      -2.311901083958234

       1.5791016      0.78539816      -2.315904321181514
       1.5791016       2.3561945      -2.315904321180425

       1.6292318      0.78539816      -2.320027950968546
       1.6292318       2.3561945      -2.320027950970901

        1.679362      0.78539816      -2.324270968329754
        1.679362       2.3561945      -2.324270968328299

       1.7294922      0.78539816      -2.328632305144043
       1.7294922       2.3561945      -2.328632305142373

       1.7796224      0.78539816      -2.333110828109198
       1.7796224       2.3561945      -2.333110828110831

       1.8297526      0.78539816      -2.337705336608096
       1.8297526       2.3561945      -2.337705336608586

       1.8798828      0.78539816      -2.342414560511108
       1.8798828       2.3561945      -2.342414560510202

        1.930013      0.78539816      -2.347237157927215
        1.930013       2.3561945      -2.347237157927151

       1.9801432      0.78539816      -2.352171712925581
       1.9801432       2.3561945      -2.352171712925569

       2.0302734      0.78539816      -2.357216733226875
       2.0302734       2.3561945      -2.357216733229516

       2.0804036      0.78539816      -2.362370647869813
       2.0804036       2.3561945      -2.362370647866134

       2.1305339      0.78539816      -2.367631804883929
       2.1305339       2.3561945      -2.367631804886969

       2.1806641      0.78539816      -2.372998468959829
       2.1806641       2.3561945      -2.372998468960406

       2.2307943      0.78539816      -2.378468819132836
       2.2307943       2.3561945       -2.37846881913015

       2.2809245      0.78539816      -2.384040946449874
       2.2809245       2.3561945      -2.384040946452948

       2.3310547      0.78539816      -2.389712851724994
       2.3310547       2.3561945      -2.389712851721974

       2.3811849      0.78539816      -2.395482443219818
       2.3811849       2.3561945      -2.395482443222705

       2.4313151      0.78539816      -2.401347534477039
       2.4313151       2.3561945      -2.401347534475472

       2.4814453      0.78539816      -2.407305842080602
       2.4814453       2.3561945      -2.407305842079905

       2.5315755      0.78539816      -2.413354983555287
       2.5315755       2.3561945      -2.413354983556241

       2.5817057      0.78539816      -2.419492475258009
       2.5817057       2.3561945      -2.419492475257843

       2.6318359      0.78539816       -2.42571573034704
       2.6318359       2.3561945      -2.425715730347623

       2.6819661      0.78539816      -2.432022056838212
       2.6819661       2.3561945      -2.432022056838494

       2.7320964      0.78539816      -2.438408655676611
       2.7320964       2.3561945      -2.438408655675546

       2.7822266      0.78539816      -2.444872618948095
       2.7822266       2.3561945      -2.444872618948673

       2.8323568      0.78539816      -2.451410928149572
       2.8323568       2.3561945      -2.451410928148809

        2.882487      0.78539816      -2.458020452534864
        2.882487       2.3561945      -2.458020452535345

       2.9326172      0.78539816      -2.464697947587453
       2.9326172       2.3561945      -2.464697947586752

       2.9827474      0.78539816      -2.471440053574363
       2.9827474       2.3561945      -2.471440053575455

       3.0328776      0.78539816      -2.478243294236969
       3.0328776       2.3561945      -2.478243294235809

       3.0830078      0.78539816       -2.48510407556648
       3.0830078       2.3561945      -2.485104075567199

        3.133138      0.78539816       -2.49201868475369
        3.133138       2.3561945      -2.492018684753276

       3.1832682      0.78539816      -2.498983289227177
       3.1832682       2.3561945      -2.498983289227814

       3.2333984      0.78539816      -2.505993935863139
       3.2333984       2.3561945      -2.505993935863029

       3.2835286      0.78539816      -2.513046550332092
       3.2835286       2.3561945       -2.51304655033214

       3.3336589      0.78539816      -2.520136936601359
       3.3336589       2.3561945      -2.520136936600957

       3.3837891      0.78539816      -2.527260776610632
       3.3837891       2.3561945      -2.527260776609865

       3.4339193      0.78539816      -2.534413630122045
       3.4339193       2.3561945      -2.534413630122741

       3.4840495      0.78539816      -2.541590934735046
       3.4840495       2.3561945      -2.541590934734708

       3.5341797      0.78539816      -2.548788006104362
       3.5341797       2.3561945      -2.548788006105254

       3.5843099      0.78539816      -2.556000038357032
       3.5843099       2.3561945       -2.55600003835697

       3.6344401      0.78539816      -2.563222104698218
       3.6344401       2.3561945      -2.563222104697634

       3.6845703      0.78539816      -2.570449158236914
       3.6845703       2.3561945      -2.570449158237428

       3.7347005      0.78539816      -2.577676033044529
       3.7347005       2.3561945      -2.577676033043623

       3.7848307      0.78539816      -2.584897445423588
       3.7848307       2.3561945      -2.584897445424762

       3.8349609      0.78539816      -2.592107995412501
       3.8349609       2.3561945      -2.592107995411014

       3.8850911      0.78539816      -2.599302168549485
       3.8850911       2.3561945      -2.599302168550288

       3.9352214      0.78539816      -2.606474337862889
       3.9352214       2.3561945      -2.606474337862913

       3.9853516      0.78539816      -2.613618766140029
       3.9853516       2.3561945      -2.613618766139179

       4.0354818      0.78539816      -2.620729608439717
       4.0354818       2.3561945       -2.62072960843918

        4.085612      0.78539816       -2.62780091488873
        4.085612       2.3561945      -2.627800914889301

       4.1357422      0.78539816      -2.634826633757576
       4.1357422       2.3561945      -2.634826633757001

       4.1858724      0.78539816      -2.641800614775755
       4.1858724       2.3561945       -2.64180061477705

       4.2360026      0.78539816      -2.648716612805357
       4.2360026       2.3561945      -2.648716612803488

       4.2861328      0.78539816      -2.655568291730321
       4.2861328       2.3561945      -2.655568291730914

        4.336263      0.78539816      -2.662349228686493
        4.336263       2.3561945       -2.66234922868615

       4.3863932      0.78539816      -2.669052918574018
       4.3863932       2.3561945      -2.669052918573792

       4.4365234      0.78539816       -2.67567277886489
       4.4365234       2.3561945      -2.675672778865738

       4.4866536      0.78539816      -2.682202154719654
       4.4866536       2.3561945      -2.682202154717876

       4.5367839      0.78539816      -2.688634324397305
       4.5367839       2.3561945      -2.688634324400222

       4.5869141      0.78539816      -2.694962504985395
       4.5869141       2.3561945      -2.694962504983435

       4.6370443      0.78539816      -2.701179858399258
       4.6370443       2.3561945      -2.701179858399101

       4.6871745      0.78539816      -2.707279497717398
       4.6871745       2.3561945      -2.707279497718292

       4.7373047      0.78539816      -2.713254493800456
       4.7373047       2.3561945      -2.713254493800224

       4.7874349      0.78539816      -2.719097882174868
       4.7874349       2.3561945      -2.719097882174941

       4.8375651      0.78539816      -2.724802670263055
       4.8375651       2.3561945       -2.72480267026357

       4.8876953      0.78539816      -2.730361844846142
       4.8876953       2.3561945      -2.730361844844382

       4.9378255      0.78539816      -2.735768379822114
       4.9378255       2.3561945      -2.735768379823439

       4.9879557      0.78539816      -2.741015244231721
       4.9879557       2.3561945       -2.74101524423148

       5.0380859      0.78539816      -2.746095410544638
       5.0380859       2.3561945      -2.746095410544385

       5.0882161      0.78539816      -2.751001863172428
       5.0882161       2.3561945      -2.751001863173773

       5.1383464      0.78539816      -2.755727607251078
       5.1383464       2.3561945      -2.755727607249848

       5.1884766      0.78539816      -2.760265677613544
       5.1884766       2.3561945      -2.760265677612613

       5.2386068      0.78539816      -2.764609147984756
       5.2386068       2.3561945      -2.764609147985611

        5.288737      0.78539816      -2.768751140369283
        5.288737       2.3561945      -2.768751140368924

       5.3388672      0.78539816      -2.772684834592417
       5.3388672       2.3561945      -2.772684834591732

       5.3889974      0.78539816      -2.776403478028456
       5.3889974       2.3561945      -2.776403478028183

       5.4391276      0.78539816      -2.779900395447803
       5.4391276       2.3561945      -2.779900395447907

       5.4892578      0.78539816      -2.783168998967526
       5.4892578       2.3561945      -2.783168998968065

        5.539388      0.78539816      -2.786202798121359
        5.539388       2.3561945      -2.786202798121153

       5.5895182      0.78539816      -2.788995409963028
       5.5895182       2.3561945      -2.788995409961265

       5.6396484      0.78539816      -2.791540569264231
       5.6396484       2.3561945      -2.791540569267291

       5.6897786      0.78539816      -2.793832138669959
       5.6897786       2.3561945      -2.793832138668425

       5.7399089      0.78539816      -2.795864118916551
       5.7399089       2.3561945       -2.79586411891566

       5.7900391      0.78539816      -2.797630658953941
       5.7900391       2.3561945      -2.797630658955811

       5.8401693      0.78539816      -2.799126066051973
       5.8401693       2.3561945       -2.79912606604988

       5.8902995      0.78539816      -2.800344815767917
       5.8902995       2.3561945      -2.800344815768073

       5.9404297      0.78539816      -2.801281561871866
       5.9404297       2.3561945      -2.801281561872422

       5.9905599      0.78539816      -2.801931146025527
       5.9905599       2.3561945      -2.801931146024278

       6.0406901      0.78539816      -2.802288607369275
       6.0406901       2.3561945      -2.802288607369716

       6.0908203      0.78539816      -2.802349191854346
       6.0908203       2.3561945      -2.802349191855054

       6.1409505      0.78539816      -2.802108361348708
       6.1409505       2.3561945      -2.802108361348388

       6.1910807      0.78539816      -2.801561802452625
       6.1910807       2.3561945      -2.801561802452099

       6.2412109      0.78539816      -2.800705435067027
       6.2412109       2.3561945      -2.800705435066895

       6.2913411      0.78539816      -2.799535420579909
       6.2913411       2.3561945      -2.799535420580897

       6.3414714      0.78539816      -2.798048169735407
       6.3414714       2.3561945      -2.798048169735615

       6.3916016      0.78539816      -2.796240350098084
       6.3916016       2.3561945      -2.796240350097092

       6.4417318      0.78539816      -2.794108893089035
       6.4417318       2.3561945      -2.794108893089613

        6.491862      0.78539816      -2.791651000644825
        6.491862       2.3561945       -2.79165100064512

       6.5419922      0.78539816      -2.788864151330999
       6.5419922       2.3561945      -2.788864151329904

       6.5921224      0.78539816      -2.785746106028847
       6.5921224       2.3561945      -2.785746106028881

       6.6422526      0.78539816      -2.782294913102755
       6.6422526       2.3561945      -2.782294913104466

       6.6923828      0.78539816      -2.778508913013823
       6.6923828       2.3561945      -2.778508913013075

        6.742513      0.78539816      -2.774386742396989
        6.742513       2.3561945      -2.774386742396247

       6.7926432      0.78539816      -2.769927337567601
       6.7926432       2.3561945      -2.769927337569177

       6.8427734      0.78539816      -2.765129937470417
       6.8427734       2.3561945      -2.765129937468097

       6.8929036      0.78539816      -2.759994085960301
       6.8929036       2.3561945      -2.759994085962187

       6.9430339      0.78539816      -2.754519633588802
       6.9430339       2.3561945      -2.754519633587242

       6.9931641      0.78539816      -2.748706738660426
       6.9931641       2.3561945      -2.748706738661769

       7.0432943      0.78539816      -2.742555867739758
       7.0432943       2.3561945      -2.742555867739783

       7.0934245      0.78539816      -2.736067795477688
       7.0934245       2.3561945      -2.736067795477636

       7.1435547      0.78539816      -2.729243603855548
       7.1435547       2.3561945      -2.729243603854975

       7.1936849      0.78539816      -2.722084680756943
       7.1936849       2.3561945      -2.722084680758212

       7.2438151      0.78539816      -2.714592717952117
       7.2438151       2.3561945      -2.714592717949343

       7.2939453      0.78539816      -2.706769708407867
       7.2939453       2.3561945      -2.706769708409817

       7.3440755      0.78539816      -2.698617943041898
       7.3440755       2.3561945      -2.698617943041969

       7.3942057      0.78539816      -2.690140006789605
       7.3942057       2.3561945      -2.690140006788752

       7.4443359      0.78539816      -2.681338774165153
       7.4443359       2.3561945      -2.681338774163859

       7.4944661      0.78539816      -2.672217404167113
       7.4944661       2.3561945      -2.672217404168849

       7.5445964      0.78539816      -2.662779334686578
       7.5445964       2.3561945      -2.662779334684892

       7.5947266      0.78539816      -2.653028276300738
       7.5947266       2.3561945      -2.653028276302463

       7.6448568      0.78539816      -2.642968205591202
       7.6448568       2.3561945      -2.642968205588216

        7.694987      0.78539816      -2.632603357921321
        7.694987       2.3561945       -2.63260335792488

       7.7451172      0.78539816      -2.621938219760016
       7.7451172       2.3561945      -2.621938219758351

       7.7952474      0.78539816      -2.610977520540597
       7.7952474       2.3561945      -2.610977520539711

       7.8453776      0.78539816      -2.599726224093789
       7.8453776       2.3561945      -2.599726224095942

       7.8955078      0.78539816      -2.588189519686441
       7.8955078       2.3561945      -2.588189519684013

        7.945638      0.78539816      -2.576372812643589
        7.945638       2.3561945      -2.576372812645752

       7.9957682      0.78539816      -2.564281714716204
       7.9957682       2.3561945      -2.564281714716047

       8.0458984      0.78539816       -2.55192203405272
       8.0458984       2.3561945      -2.551922034051469

       8.0960286      0.78539816      -2.539299764937417
       8.0960286       2.3561945      -2.539299764937875

       8.1461589      0.78539816       -2.52642107730132
       8.1461589       2.3561945      -2.526421077302265

       8.1962891      0.78539816      -2.513292305985254
       8.1962891       2.3561945      -2.513292305983966

       8.2464193      0.78539816      -2.499919939814503
       8.2464193       2.3561945      -2.499919939813922

       8.2965495      0.78539816      -2.486310610566988
       8.2965495       2.3561945      -2.486310610567775

       8.3466797      0.78539816      -2.472471081802222
       8.3466797       2.3561945      -2.472471081802895

       8.3968099      0.78539816      -2.458408237617501
       8.3968099       2.3561945      -2.458408237617452

       8.4469401      0.78539816      -2.444129071354679
       8.4469401       2.3561945       -2.44412907135227

       8.4970703      0.78539816       -2.42964067428609
       8.4970703       2.3561945      -2.429640674285908

       8.5472005      0.78539816       -2.41495022432468
       8.5472005       2.3561945      -2.414950224326675

       8.5973307      0.78539816      -2.400064974740986
       8.5973307       2.3561945       -2.40006497474154

       8.6474609      0.78539816       -2.38499224300405
       8.6474609       2.3561945      -2.384992243003479

       8.6975911      0.78539816      -2.369739399705129
       8.6975911       2.3561945      -2.369739399703416

       8.7477214      0.78539816      -2.354313857583616
       8.7477214       2.3561945      -2.354313857585036

       8.7978516      0.78539816       -2.33872306075222
       8.7978516       2.3561945      -2.338723060752391

       8.8479818      0.78539816      -2.322974474062141
       8.8479818       2.3561945       -2.32297447406245

        8.898112      0.78539816      -2.307075572672389
        8.898112       2.3561945      -2.307075572669476

       8.9482422      0.78539816      -2.291033831864916
       8.9482422       2.3561945      -2.291033831866951

       8.9983724      0.78539816      -2.274856717102224
       8.9983724       2.3561945      -2.274856717102102

       9.0485026      0.78539816      -2.258551674304432
       9.0485026       2.3561945      -2.258551674305986

       9.0986328      0.78539816      -2.242126120494043
       9.0986328       2.3561945       -2.24212612049207

        9.148763      0.78539816      -2.225587434612872
        9.148763       2.3561945      -2.225587434613802

       9.1988932      0.78539816      -2.208942948762866
       9.1988932       2.3561945      -2.208942948765067

       9.2490234      0.78539816      -2.192199939693022
       9.2490234       2.3561945      -2.192199939690294

       9.2991536      0.78539816       -2.17536562065782
       9.2991536       2.3561945      -2.175365620658023

       9.3492839      0.78539816      -2.158447133630868
       9.3492839       2.3561945      -2.158447133628659

       9.3994141      0.78539816      -2.141451541817399
       9.3994141       2.3561945      -2.141451541816748

       9.4495443      0.78539816      -2.124385822579371
       9.4495443       2.3561945      -2.124385822582763

       9.4996745      0.78539816      -2.107256860682158
       9.4996745       2.3561945      -2.107256860679267

       9.5498047      0.78539816      -2.090071441920653
       9.5498047       2.3561945      -2.090071441919533

       9.5999349      0.78539816      -2.072836247154153
       9.5999349       2.3561945      -2.072836247154027

       9.6500651      0.78539816       -2.05555784666574
       9.6500651       2.3561945      -2.055557846666987

       9.7001953      0.78539816      -2.038242694905199
       9.7001953       2.3561945      -2.038242694906478

       9.7503255      0.78539816      -2.020897125628598
       9.7503255       2.3561945      -2.020897125626607

       9.8004557      0.78539816      -2.003527347325141
       9.8004557       2.3561945      -2.003527347324639

       9.8505859      0.78539816      -1.986139439156826
       9.8505859       2.3561945      -1.986139439157509

       9.9007161      0.78539816      -1.968739347135602
       9.9007161       2.3561945      -1.968739347136005

       9.9508464      0.78539816      -1.951332880672774
       9.9508464       2.3561945      -1.951332880672538

       10.000977      0.78539816        -1.9339257095719
       10.000977       2.3561945      -1.933925709570844

       10.051107      0.78539816      -1.916523361253754
       10.051107       2.3561945      -1.916523361252721

       10.101237      0.78539816      -1.899131218387079
       10.101237       2.3561945      -1.899131218387422

       10.151367      0.78539816      -1.881754516840836
       10.151367       2.3561945      -1.881754516841993

       10.201497      0.78539816      -1.864398343945383
       10.201497       2.3561945      -1.864398343942854

       10.251628      0.78539816      -1.847067637101515
       10.251628       2.3561945      -1.847067637104001

       10.301758      0.78539816      -1.829767182648963
       10.301758       2.3561945      -1.829767182646557

       10.351888      0.78539816      -1.812501615099772
       10.351888       2.3561945      -1.812501615099749

       10.402018      0.78539816      -1.795275416551125
       10.402018       2.3561945      -1.795275416553279

       10.452148      0.78539816      -1.778092916516446
       10.452148       2.3561945      -1.778092916516047

       10.502279      0.78539816      -1.760958291896306
       10.502279       2.3561945      -1.760958291894587

       10.552409      0.78539816      -1.743875567311445
       10.552409       2.3561945       -1.74387556731139

       10.602539      0.78539816      -1.726848615688124
       10.602539       2.3561945      -1.726848615691189

       10.652669      0.78539816      -1.709881158519597
       10.652669       2.3561945      -1.709881158513675

       10.702799      0.78539816       -1.69297676799734
       10.702799       2.3561945       -1.69297676800255

        10.75293      0.78539816      -1.676138869647866
        10.75293       2.3561945      -1.676138869648581

        10.80306      0.78539816      -1.659370729184379
        10.80306       2.3561945      -1.659370729182799

        10.85319      0.78539816      -1.642675480253877
        10.85319       2.3561945      -1.642675480252684

        10.90332      0.78539816      -1.626056187535133
        10.90332       2.3561945      -1.626056187537543

       10.953451      0.78539816      -1.609515476176508
       10.953451       2.3561945      -1.609515476176675

       11.003581      0.78539816      -1.593055901354674
       11.003581       2.3561945      -1.593055901351203

       11.053711      0.78539816      -1.576682094578705
       11.053711       2.3561945      -1.576682094582242

       11.103841      0.78539816      -1.560393394079416
       11.103841       2.3561945      -1.560393394078614

       11.153971      0.78539816      -1.544182814130022
       11.153971       2.3561945      -1.544182814130815

       11.204102      0.78539816      -1.528091444191474
       11.204102       2.3561945      -1.528091444190648

       11.254232      0.78539816      -1.512118650964948
       11.254232       2.3561945      -1.512118650963541

       11.304362      0.78539816      -1.496014355148856
       11.304362       2.3561945      -1.496014355150753

       11.354492      0.78539816      -1.480155828921916
       11.354492       2.3561945      -1.480155828922228

       11.404622      0.78539816      -1.465522934342629
       11.404622       2.3561945      -1.465522934340331

       11.454753      0.78539816      -1.448982140852826
       11.454753       2.3561945      -1.448982140853863

       11.504883      0.78539816      -1.428330525614996
       11.504883       2.3561945      -1.428330525615127

       11.555013      0.78539816       -1.42257329832315
       11.555013       2.3561945      -1.422573298320455

       11.605143      0.78539816      -1.437569154926307
       11.605143       2.3561945      -1.437569154934017

       11.655273      0.78539816      -1.425431078687945
       11.655273       2.3561945      -1.425431078686386

       11.705404      0.78539816      -1.368130167309677
       11.705404       2.3561945       -1.36813016730528

       11.755534      0.78539816      -1.601879871410593
       11.755534       2.3561945      -1.601879871416858

       11.805664      0.78539816       -2.24089216581313
       11.805664       2.3561945      -2.240892165808408

       11.855794      0.78539816      -2.734896475454689
       11.855794       2.3561945      -2.734896475452888

       11.905924      0.78539816      -2.882644482632553
       11.905924       2.3561945      -2.882644482631796

       11.956055      0.78539816      -3.084439881380769
       11.956055       2.3561945      -3.084439881383475

       12.006185      0.78539816      -3.497334771847575
       12.006185       2.3561945      -3.497334771842581

       12.056315      0.78539816      -3.873482158679187
       12.056315       2.3561945      -3.873482158680583

       12.106445      0.78539816      -4.132372485086999
       12.106445       2.3561945      -4.132372485088222

       12.156576      0.78539816      -4.420230574219767
       12.156576       2.3561945      -4.420230574217608

       12.206706      0.78539816      -4.863952917055109
       12.206706       2.3561945      -4.863952917056459

       12.256836      0.78539816      -5.317230176427354
       12.256836       2.3561945       -5.31723017642686

       12.306966      0.78539816      -6.124329311922057
       12.306966       2.3561945      -6.124329311918704

       12.357096      0.78539816      -6.272489209052624
       12.357096       2.3561945      -6.272489209051659

       12.407227      0.78539816      -8.063460928151086
       12.407227       2.3561945      -8.063460928150107

       12.457357      0.78539816      -7.895600821594546
       12.457357       2.3561945      -7.895600821594106

       12.507487      0.78539816       -12.4557169927852
       12.507487       2.3561945      -12.45571699278719

       12.557617      0.78539816      -5.628129205239206
       12.557617       2.3561945      -5.628129205238849

       12.607747      0.78539816       -27.6394438924979
       12.607747       2.3561945      -27.63944389250572

       12.657878      0.78539816       16.88017423987405
       12.657878       2.3561945       16.88017423995787

       12.708008      0.78539816       57.22767249183443
       12.708008       2.3561945       57.22767249215749

       12.758138      0.78539816       181.6980859736816
       12.758138       2.3561945       181.6980859743773

       12.808268      0.78539816      -23.83679296171109
       12.808268       2.3561945      -23.83679296141763

       12.858398      0.78539816                       0
       12.858398       2.3561945                       0

       12.908529      0.78539816                       0
       12.908529       2.3561945                       0

       12.958659      0.78539816                       0
       12.958659       2.3561945                       0

       13.008789      0.78539816                       0
       13.008789       2.3561945                       0

