# File created on Wed Jul  8 11:31:14 2026
# Data for Inflation GW initial data initial data at coord time 0.163788 and central proper time 0.163788
# Evolved with (264,10,9) gridpoints (including 4 ghosts)
# Evolution with geodesic slicing and constant shift shift condition 
# data for phi = 3.14159
#              r           theta                 Ham
#===============================================================
     0.025065104      0.78539816      -5.842275696782963
     0.025065104       2.3561945      -5.842275696789601

     0.075195312      0.78539816      -5.842171400701046
     0.075195312       2.3561945      -5.842171400699491

      0.12532552      0.78539816      -5.841968866856702
      0.12532552       2.3561945      -5.841968866858913

      0.17545573      0.78539816      -5.841634020391647
      0.17545573       2.3561945      -5.841634020388896

      0.22558594      0.78539816       -5.84120120295725
      0.22558594       2.3561945      -5.841201202959827

      0.27571615      0.78539816      -5.840656733725208
      0.27571615       2.3561945      -5.840656733723007

      0.32584635      0.78539816       -5.84000286617026
      0.32584635       2.3561945      -5.840002866172718

      0.37597656      0.78539816      -5.839237638212359
      0.37597656       2.3561945      -5.839237638209426

      0.42610677      0.78539816      -5.838360465930555
      0.42610677       2.3561945      -5.838360465932248

      0.47623698      0.78539816      -5.837370539395181
      0.47623698       2.3561945      -5.837370539395434

      0.52636719      0.78539816      -5.836266961184545
      0.52636719       2.3561945      -5.836266961186234

       0.5764974      0.78539816      -5.835048712840171
       0.5764974       2.3561945      -5.835048712836963

       0.6266276      0.78539816      -5.833714663817956
       0.6266276       2.3561945      -5.833714663821643

      0.67675781      0.78539816      -5.832263573873367
      0.67675781       2.3561945      -5.832263573871932

      0.72688802      0.78539816       -5.83069409724107
      0.72688802       2.3561945      -5.830694097242016

      0.77701823      0.78539816       -5.82900478644465
      0.77701823       2.3561945      -5.829004786443685

      0.82714844      0.78539816      -5.827194095248991
      0.82714844       2.3561945      -5.827194095250577

      0.87727865      0.78539816      -5.825260381452805
      0.87727865       2.3561945      -5.825260381452193

      0.92740885      0.78539816      -5.823201909463586
      0.92740885       2.3561945      -5.823201909463712

      0.97753906      0.78539816      -5.821016852768719
      0.97753906       2.3561945      -5.821016852769702

       1.0276693      0.78539816      -5.818703296427856
       1.0276693       2.3561945      -5.818703296425741

       1.0777995      0.78539816      -5.816259239518134
       1.0777995       2.3561945      -5.816259239519778

       1.1279297      0.78539816      -5.813682597673817
       1.1279297       2.3561945      -5.813682597673682

       1.1780599      0.78539816      -5.810971205619746
       1.1780599       2.3561945        -5.8109712056184

       1.2281901      0.78539816      -5.808122819846338
       1.2281901       2.3561945      -5.808122819848692

       1.2783203      0.78539816      -5.805135121272272
       1.2783203       2.3561945      -5.805135121269897

       1.3284505      0.78539816      -5.802005718067811
       1.3284505       2.3561945      -5.802005718069123

       1.3785807      0.78539816      -5.798732148505104
       1.3785807       2.3561945      -5.798732148503175

       1.4287109      0.78539816       -5.79531188388906
       1.4287109       2.3561945      -5.795311883890432

       1.4788411      0.78539816      -5.791742331599033
       1.4788411       2.3561945      -5.791742331598676

       1.5289714      0.78539816      -5.788020838162991
       1.5289714       2.3561945       -5.78802083816177

       1.5791016      0.78539816      -5.784144692436028
       1.5791016       2.3561945      -5.784144692435518

       1.6292318      0.78539816      -5.780111128861926
       1.6292318       2.3561945      -5.780111128862021

        1.679362      0.78539816      -5.775917330764718
        1.679362       2.3561945      -5.775917330764528

       1.7294922      0.78539816      -5.771560433758727
       1.7294922       2.3561945      -5.771560433759274

       1.7796224      0.78539816      -5.767037529164246
       1.7796224       2.3561945      -5.767037529162243

       1.8297526      0.78539816      -5.762345667540093
       1.8297526       2.3561945      -5.762345667541603

       1.8798828      0.78539816      -5.757481862232476
       1.8798828       2.3561945       -5.75748186223076

        1.930013      0.78539816      -5.752443093001864
        1.930013       2.3561945      -5.752443093001326

       1.9801432      0.78539816      -5.747226309714928
       1.9801432       2.3561945       -5.74722630971509

       2.0302734      0.78539816      -5.741828436018711
       2.0302734       2.3561945       -5.74182843602068

       2.0804036      0.78539816      -5.736246373154335
       2.0804036       2.3561945      -5.736246373151705

       2.1305339      0.78539816       -5.73047700370899
       2.1305339       2.3561945      -5.730477003710588

       2.1806641      0.78539816      -5.724517195473232
       2.1806641       2.3561945      -5.724517195473273

       2.2307943      0.78539816      -5.718363805323269
       2.2307943       2.3561945      -5.718363805320043

       2.2809245      0.78539816       -5.71201368309461
       2.2809245       2.3561945      -5.712013683096226

       2.3310547      0.78539816      -5.705463675523571
       2.3310547       2.3561945      -5.705463675523373

       2.3811849      0.78539816      -5.698710630159837
       2.3811849       2.3561945      -5.698710630158984

       2.4313151      0.78539816      -5.691751399337906
       2.4313151       2.3561945      -5.691751399338804

       2.4814453      0.78539816      -5.684582844130956
       2.4814453       2.3561945       -5.68458284413094

       2.5315755      0.78539816      -5.677201838332901
       2.5315755       2.3561945      -5.677201838331775

       2.5817057      0.78539816      -5.669605272426776
       2.5817057       2.3561945      -5.669605272428526

       2.6318359      0.78539816      -5.661790057565707
       2.6318359       2.3561945      -5.661790057565839

       2.6819661      0.78539816      -5.653753129528917
       2.6819661       2.3561945      -5.653753129526688

       2.7320964      0.78539816      -5.645491452658136
       2.7320964       2.3561945      -5.645491452662437

       2.7822266      0.78539816      -5.637002023854597
       2.7822266       2.3561945      -5.637002023850812

       2.8323568      0.78539816      -5.628281876423644
       2.8323568       2.3561945      -5.628281876425867

        2.882487      0.78539816      -5.619328084070981
        2.882487       2.3561945      -5.619328084070862

       2.9326172      0.78539816      -5.610137764664957
       2.9326172       2.3561945      -5.610137764665084

       2.9827474      0.78539816      -5.600708084173668
       2.9827474       2.3561945      -5.600708084173025

       3.0328776      0.78539816      -5.591036260401647
       3.0328776       2.3561945       -5.59103626040055

       3.0830078      0.78539816      -5.581119566770065
       3.0830078       2.3561945      -5.581119566771713

        3.133138      0.78539816      -5.570955336062766
        3.133138       2.3561945      -5.570955336061068

       3.1832682      0.78539816      -5.560540964061151
       3.1832682       2.3561945      -5.560540964061756

       3.2333984      0.78539816      -5.549873913190962
       3.2333984       2.3561945      -5.549873913189418

       3.2835286      0.78539816      -5.538951716049787
       3.2835286       2.3561945       -5.53895171605246

       3.3336589      0.78539816      -5.527771978952094
       3.3336589       2.3561945      -5.527771978952756

       3.3837891      0.78539816      -5.516332385315832
       3.3837891       2.3561945      -5.516332385315094

       3.4339193      0.78539816      -5.504630699064444
       3.4339193       2.3561945      -5.504630699065124

       3.4840495      0.78539816      -5.492664767931382
       3.4840495       2.3561945      -5.492664767931367

       3.5341797      0.78539816      -5.480432526629707
       3.5341797       2.3561945      -5.480432526631312

       3.5843099      0.78539816       -5.46793200006999
       3.5843099       2.3561945      -5.467932000067853

       3.6344401      0.78539816      -5.455161306333338
       3.6344401       2.3561945      -5.455161306333925

       3.6845703      0.78539816      -5.442118659708228
       3.6845703       2.3561945      -5.442118659707677

       3.7347005      0.78539816      -5.428802373550971
       3.7347005       2.3561945      -5.428802373550305

       3.7848307      0.78539816      -5.415210863065631
       3.7848307       2.3561945       -5.41521086306959

       3.8349609      0.78539816      -5.401342648028013
       3.8349609       2.3561945      -5.401342648024754

       3.8850911      0.78539816      -5.387196355337868
       3.8850911       2.3561945      -5.387196355339502

       3.9352214      0.78539816      -5.372770721557148
       3.9352214       2.3561945      -5.372770721558729

       3.9853516      0.78539816      -5.358064595274477
       3.9853516       2.3561945      -5.358064595272455

       4.0354818      0.78539816      -5.343076939389169
       4.0354818       2.3561945      -5.343076939389528

        4.085612      0.78539816      -5.327806833290625
        4.085612       2.3561945      -5.327806833291866

       4.1357422      0.78539816      -5.312253474936815
       4.1357422       2.3561945      -5.312253474933641

       4.1858724      0.78539816       -5.29641618276253
       4.1858724       2.3561945      -5.296416182765203

       4.2360026      0.78539816      -5.280294397547802
       4.2360026       2.3561945      -5.280294397547636

       4.2861328      0.78539816      -5.263887684123794
       4.2861328       2.3561945      -5.263887684122995

        4.336263      0.78539816      -5.247195732942591
        4.336263       2.3561945      -5.247195732941215

       4.3863932      0.78539816      -5.230218361599448
       4.3863932       2.3561945      -5.230218361599686

       4.4365234      0.78539816       -5.21295551613481
       4.4365234       2.3561945      -5.212955516136422

       4.4866536      0.78539816      -5.195407272293125
       4.4866536       2.3561945       -5.19540727229143

       4.5367839      0.78539816      -5.177573836604673
       4.5367839       2.3561945      -5.177573836604714

       4.5869141      0.78539816      -5.159455547380568
       4.5869141       2.3561945       -5.15945554738191

       4.6370443      0.78539816      -5.141052875541808
       4.6370443       2.3561945      -5.141052875540035

       4.6871745      0.78539816      -5.122366425354376
       4.6871745       2.3561945      -5.122366425355928

       4.7373047      0.78539816      -5.103396935011812
       4.7373047       2.3561945      -5.103396935009163

       4.7874349      0.78539816      -5.084145277106811
       4.7874349       2.3561945      -5.084145277109542

       4.8375651      0.78539816      -5.064612458953746
       4.8375651       2.3561945      -5.064612458951682

       4.8876953      0.78539816      -5.044799622821091
       4.8876953       2.3561945      -5.044799622821634

       4.9378255      0.78539816      -5.024708045974787
       4.9378255       2.3561945      -5.024708045974922

       4.9879557      0.78539816      -5.004339140649575
       4.9879557       2.3561945      -5.004339140649074

       5.0380859      0.78539816      -4.983694453860175
       5.0380859       2.3561945      -4.983694453862787

       5.0882161      0.78539816      -4.962775667109402
       5.0882161       2.3561945      -4.962775667105815

       5.1383464      0.78539816      -4.941584595908471
       5.1383464       2.3561945      -4.941584595911682

       5.1884766      0.78539816      -4.920123189302758
       5.1884766       2.3561945      -4.920123189302849

       5.2386068      0.78539816      -4.898393529095116
       5.2386068       2.3561945      -4.898393529094114

        5.288737      0.78539816      -4.876397829092276
        5.288737       2.3561945      -4.876397829092179

       5.3388672      0.78539816       -4.85413843415786
       5.3388672       2.3561945      -4.854138434158078

       5.3889974      0.78539816      -4.831617819160417
       5.3889974       2.3561945      -4.831617819160067

       5.4391276      0.78539816      -4.808838587806359
       5.4391276       2.3561945      -4.808838587803484

       5.4892578      0.78539816      -4.785803471360557
       5.4892578       2.3561945      -4.785803471365935

        5.539388      0.78539816       -4.76251532722488
        5.539388       2.3561945       -4.76251532722165

       5.5895182      0.78539816      -4.738977137417606
       5.5895182       2.3561945      -4.738977137420828

       5.6396484      0.78539816      -4.715192006976715
       5.6396484       2.3561945      -4.715192006973219

       5.6897786      0.78539816      -4.691163162167907
       5.6897786       2.3561945      -4.691163162168817

       5.7399089      0.78539816      -4.666893948706183
       5.7399089       2.3561945      -4.666893948707759

       5.7900391      0.78539816      -4.642387829756874
       5.7900391       2.3561945      -4.642387829754862

       5.8401693      0.78539816      -4.617648383897971
       5.8401693       2.3561945      -4.617648383899103

       5.8902995      0.78539816      -4.592679302982609
       5.8902995       2.3561945      -4.592679302982041

       5.9404297      0.78539816      -4.567484389865554
       5.9404297       2.3561945      -4.567484389867953

       5.9905599      0.78539816       -4.54206755609125
       5.9905599       2.3561945       -4.54206755609122

       6.0406901      0.78539816      -4.516432819458302
       6.0406901       2.3561945       -4.51643281945683

       6.0908203      0.78539816      -4.490584301504586
       6.0908203       2.3561945      -4.490584301506291

       6.1409505      0.78539816      -4.464526224896487
       6.1409505       2.3561945      -4.464526224896435

       6.1910807      0.78539816      -4.438262910749827
       6.1910807       2.3561945      -4.438262910749367

       6.2412109      0.78539816      -4.411798775883367
       6.2412109       2.3561945      -4.411798775883968

       6.2913411      0.78539816      -4.385138329978615
       6.2913411       2.3561945      -4.385138329977854

       6.3414714      0.78539816      -4.358286172667734
       6.3414714       2.3561945      -4.358286172669793

       6.3916016      0.78539816      -4.331246990617146
       6.3916016       2.3561945      -4.331246990615384

       6.4417318      0.78539816      -4.304025554406865
       6.4417318       2.3561945      -4.304025554407619

        6.491862      0.78539816      -4.276626715517479
        6.491862       2.3561945      -4.276626715516898

       6.5419922      0.78539816      -4.249055403129885
       6.5419922       2.3561945      -4.249055403130085

       6.5921224      0.78539816      -4.221316620957775
       6.5921224       2.3561945      -4.221316620957044

       6.6422526      0.78539816      -4.193415443981759
       6.6422526       2.3561945      -4.193415443982857

       6.6923828      0.78539816      -4.165357015170477
       6.6923828       2.3561945      -4.165357015169031

        6.742513      0.78539816      -4.137146542137402
        6.742513       2.3561945      -4.137146542138479

       6.7926432      0.78539816      -4.108789293740319
       6.7926432       2.3561945      -4.108789293742541

       6.8427734      0.78539816      -4.080290596741522
       6.8427734       2.3561945       -4.08029059673785

       6.8929036      0.78539816      -4.051655832274828
       6.8929036       2.3561945      -4.051655832278517

       6.9430339      0.78539816       -4.02289043249298
       6.9430339       2.3561945      -4.022890432488689

       6.9931641      0.78539816      -3.993999877011192
       6.9931641       2.3561945      -3.993999877013403

       7.0432943      0.78539816      -3.964989689432523
       7.0432943       2.3561945      -3.964989689432946

       7.0934245      0.78539816      -3.935865433795633
       7.0934245       2.3561945      -3.935865433795314

       7.1435547      0.78539816      -3.906632711086782
       7.1435547       2.3561945      -3.906632711086004

       7.1936849      0.78539816      -3.877297155679745
       7.1936849       2.3561945      -3.877297155680942

       7.2438151      0.78539816      -3.847864431799029
       7.2438151       2.3561945      -3.847864431797894

       7.2939453      0.78539816      -3.818340229999027
       7.2939453       2.3561945      -3.818340229996844

       7.3440755      0.78539816      -3.788730263594863
       7.3440755       2.3561945      -3.788730263598694

       7.3942057      0.78539816      -3.759040265142145
       7.3942057       2.3561945      -3.759040265138217

       7.4443359      0.78539816      -3.729275982916383
       7.4443359       2.3561945      -3.729275982917864

       7.4944661      0.78539816      -3.699443177396916
       7.4944661       2.3561945      -3.699443177397507

       7.5445964      0.78539816      -3.669547617810041
       7.5445964       2.3561945      -3.669547617810842

       7.5947266      0.78539816      -3.639595078628548
       7.5947266       2.3561945      -3.639595078627647

       7.6448568      0.78539816       -3.60959133612586
       7.6448568       2.3561945      -3.609591336123663

        7.694987      0.78539816      -3.579542164958645
        7.694987       2.3561945      -3.579542164960791

       7.7451172      0.78539816      -3.549453334777361
       7.7451172       2.3561945      -3.549453334775751

       7.7952474      0.78539816      -3.519330606862161
       7.7952474       2.3561945      -3.519330606862527

       7.8453776      0.78539816      -3.489179730810733
       7.8453776       2.3561945       -3.48917973081314

       7.8955078      0.78539816       -3.45900644127462
       7.8955078       2.3561945      -3.459006441272217

        7.945638      0.78539816      -3.428816454660539
        7.945638       2.3561945      -3.428816454661681

       7.9957682      0.78539816      -3.398615465957119
       7.9957682       2.3561945      -3.398615465958194

       8.0458984      0.78539816      -3.368409145615748
       8.0458984       2.3561945       -3.36840914561476

       8.0960286      0.78539816      -3.338203136370089
       8.0960286       2.3561945      -3.338203136369334

       8.1461589      0.78539816      -3.308003050256566
       8.1461589       2.3561945      -3.308003050257879

       8.1962891      0.78539816      -3.277814465612815
       8.1962891       2.3561945      -3.277814465610121

       8.2464193      0.78539816      -3.247642924059142
       8.2464193       2.3561945      -3.247642924062259

       8.2965495      0.78539816      -3.217493927691054
       8.2965495       2.3561945      -3.217493927687256

       8.3466797      0.78539816      -3.187372936204039
       8.3466797       2.3561945      -3.187372936207686

       8.3968099      0.78539816      -3.157285364160038
       8.3968099       2.3561945      -3.157285364158154

       8.4469401      0.78539816      -3.127236578268526
       8.4469401       2.3561945      -3.127236578267901

       8.4970703      0.78539816      -3.097231894778464
       8.4970703       2.3561945      -3.097231894777841

       8.5472005      0.78539816      -3.067276576877402
       8.5472005       2.3561945      -3.067276576878529

       8.5973307      0.78539816       -3.03737583219978
       8.5973307       2.3561945       -3.03737583220162

       8.6474609      0.78539816      -3.007534810408734
       8.6474609       2.3561945      -3.007534810407529

       8.6975911      0.78539816      -2.977758600818249
       8.6975911       2.3561945      -2.977758600818663

       8.7477214      0.78539816      -2.948052230139619
       8.7477214       2.3561945      -2.948052230138454

       8.7978516      0.78539816      -2.918420660260431
       8.7978516       2.3561945      -2.918420660261523

       8.8479818      0.78539816      -2.888868786074963
       8.8479818       2.3561945      -2.888868786072959

        8.898112      0.78539816      -2.859401433461174
        8.898112       2.3561945      -2.859401433461607

       8.9482422      0.78539816      -2.830023357268519
       8.9482422       2.3561945      -2.830023357269931

       8.9983724      0.78539816      -2.800739239430764
       8.9983724       2.3561945      -2.800739239427864

       9.0485026      0.78539816      -2.771553687111553
       9.0485026       2.3561945      -2.771553687113526

       9.0986328      0.78539816      -2.742471231018887
       9.0986328       2.3561945      -2.742471231017404

        9.148763      0.78539816      -2.713496323634076
        9.148763       2.3561945      -2.713496323632472

       9.1988932      0.78539816      -2.684633337686753
       9.1988932       2.3561945      -2.684633337689844

       9.2490234      0.78539816      -2.655886564620854
       9.2490234       2.3561945       -2.65588656462036

       9.2991536      0.78539816      -2.627260213154826
       9.2991536       2.3561945       -2.62726021315285

       9.3492839      0.78539816      -2.598758407939161
       9.3492839       2.3561945      -2.598758407940124

       9.3994141      0.78539816      -2.570385188303932
       9.3994141       2.3561945      -2.570385188306692

       9.4495443      0.78539816      -2.542144507011222
       9.4495443       2.3561945      -2.542144507008072

       9.4996745      0.78539816      -2.514040229170023
       9.4996745       2.3561945      -2.514040229171637

       9.5498047      0.78539816       -2.48607613120737
       9.5498047       2.3561945      -2.486076131206251

       9.5999349      0.78539816      -2.458255899889247
       9.5999349       2.3561945      -2.458255899888821

       9.6500651      0.78539816      -2.430583131473281
       9.6500651       2.3561945      -2.430583131473134

       9.7001953      0.78539816      -2.403061330895702
       9.7001953       2.3561945      -2.403061330897796

       9.7503255      0.78539816      -2.375693911036902
       9.7503255       2.3561945      -2.375693911033475

       9.8004557      0.78539816      -2.348484192081241
       9.8004557       2.3561945      -2.348484192083273

       9.8505859      0.78539816      -2.321435400963005
       9.8505859       2.3561945      -2.321435400957739

       9.9007161      0.78539816       -2.29455067084652
       9.9007161       2.3561945      -2.294550670850863

       9.9508464      0.78539816      -2.267833040746718
       9.9508464       2.3561945      -2.267833040745017

       10.000977      0.78539816      -2.241285455151689
       10.000977       2.3561945      -2.241285455150472

       10.051107      0.78539816      -2.214910763767233
       10.051107       2.3561945      -2.214910763763423

       10.101237      0.78539816      -2.188711721287058
       10.101237       2.3561945      -2.188711721291904

       10.151367      0.78539816      -2.162690987332907
       10.151367       2.3561945      -2.162690987328517

       10.201497      0.78539816      -2.136851126282067
       10.201497       2.3561945      -2.136851126284748

       10.251628      0.78539816      -2.111194607408556
       10.251628       2.3561945      -2.111194607407046

       10.301758      0.78539816       -2.08572380486898
       10.301758       2.3561945      -2.085723804866451

       10.351888      0.78539816      -2.060440997865233
       10.351888       2.3561945      -2.060440997870145

       10.402018      0.78539816      -2.035348370875499
       10.402018       2.3561945      -2.035348370872306

       10.452148      0.78539816      -2.010448013878688
       10.452148       2.3561945      -2.010448013879222

       10.502279      0.78539816      -1.985741922734869
       10.502279       2.3561945      -1.985741922735645

       10.552409      0.78539816      -1.961231999552035
       10.552409       2.3561945      -1.961231999550639

       10.602539      0.78539816      -1.936920053159924
       10.602539       2.3561945      -1.936920053160712

       10.652669      0.78539816      -1.912807799592893
       10.652669       2.3561945      -1.912807799590094

       10.702799      0.78539816      -1.888896862658156
       10.702799       2.3561945      -1.888896862659293

        10.75293      0.78539816      -1.865188774589606
        10.75293       2.3561945      -1.865188774590113

        10.80306      0.78539816      -1.841684976679141
        10.80306       2.3561945      -1.841684976678754

        10.85319      0.78539816      -1.818386820029601
        10.85319       2.3561945      -1.818386820028547

        10.90332      0.78539816      -1.795295566328565
        10.90332       2.3561945       -1.79529556632988

       10.953451      0.78539816      -1.772412388666812
       10.953451       2.3561945      -1.772412388668145

       11.003581      0.78539816      -1.749738372393594
       11.003581       2.3561945      -1.749738372388984

       11.053711      0.78539816      -1.727274516038942
       11.053711       2.3561945      -1.727274516044013

       11.103841      0.78539816      -1.705021732307005
       11.103841       2.3561945      -1.705021732302532

       11.153971      0.78539816      -1.682980849006885
       11.153971       2.3561945          -1.68298084901

       11.204102      0.78539816      -1.661152610171896
       11.204102       2.3561945      -1.661152610170771

       11.254232      0.78539816      -1.639537677063301
       11.254232       2.3561945      -1.639537677063098

       11.304362      0.78539816      -1.618136629335928
       11.304362       2.3561945      -1.618136629336034

       11.354492      0.78539816      -1.596949966157233
       11.354492       2.3561945      -1.596949966156663

       11.404622      0.78539816      -1.575978107397449
       11.404622       2.3561945      -1.575978107398236

       11.454753      0.78539816      -1.555221394857489
       11.454753       2.3561945      -1.555221394856196

       11.504883      0.78539816      -1.534680093493886
       11.504883       2.3561945      -1.534680093496546

       11.555013      0.78539816      -1.514354392704699
       11.555013       2.3561945      -1.514354392703266

       11.605143      0.78539816      -1.494244407589929
       11.605143       2.3561945       -1.49424440759007

       11.655273      0.78539816      -1.474350180342111
       11.655273       2.3561945      -1.474350180345221

       11.705404      0.78539816      -1.454671681515053
       11.705404       2.3561945      -1.454671681510516

       11.755534      0.78539816      -1.435208811434014
       11.755534       2.3561945      -1.435208811436699

       11.805664      0.78539816      -1.415961401589055
       11.805664       2.3561945      -1.415961401587558

       11.855794      0.78539816      -1.396929216157807
       11.855794       2.3561945      -1.396929216156642

       11.905924      0.78539816      -1.378111952665497
       11.905924       2.3561945      -1.378111952665839

       11.956055      0.78539816      -1.359509242549619
       11.956055       2.3561945      -1.359509242550275

       12.006185      0.78539816      -1.341120681576379
       12.006185       2.3561945      -1.341120681578858

       12.056315      0.78539816      -1.322945696599807
       12.056315       2.3561945      -1.322945696596209

       12.106445      0.78539816      -1.304983435410534
       12.106445       2.3561945      -1.304983435415057

       12.156576      0.78539816      -1.287237369161321
       12.156576       2.3561945      -1.287237369154185

       12.206706      0.78539816      -1.269692276645082
       12.206706       2.3561945      -1.269692276649627

       12.256836      0.78539816      -1.252317432493313
       12.256836       2.3561945      -1.252317432492191

       12.306966      0.78539816      -1.235678490667041
       12.306966       2.3561945       -1.23567849066754

       12.357096      0.78539816      -1.217235234022749
       12.357096       2.3561945      -1.217235234019158

       12.407227      0.78539816      -1.198337361992574
       12.407227       2.3561945      -1.198337361991948

       12.457357      0.78539816      -1.225263184510021
       12.457357       2.3561945      -1.225263184508551

       12.507487      0.78539816      -1.016814148740472
       12.507487       2.3561945      -1.016814148742908

       12.557617      0.78539816       -1.25781512329811
       12.557617       2.3561945      -1.257815123295574

       12.607747      0.78539816      -2.689513354809668
       12.607747       2.3561945      -2.689513354809943

       12.657878      0.78539816       7.046948826216492
       12.657878       2.3561945       7.046948826214547

       12.708008      0.78539816      -24.19171294961291
       12.708008       2.3561945      -24.19171294960958

       12.758138      0.78539816       49.88380550456552
       12.758138       2.3561945       49.88380550456198

       12.808268      0.78539816      -41.28846184356819
       12.808268       2.3561945      -41.28846184356349

       12.858398      0.78539816                       0
       12.858398       2.3561945                       0

       12.908529      0.78539816                       0
       12.908529       2.3561945                       0

       12.958659      0.78539816                       0
       12.958659       2.3561945                       0

       13.008789      0.78539816                       0
       13.008789       2.3561945                       0

