# File created on Wed Jul  8 11:31:18 2026
# ======================================== 
# = Running code assuming AXISYMMETRY    = 
# ======================================== 
# Data for Inflation GW initial data initial data at coord. time 1.12447 and proper central time 1.12447
# Evolved with (264,10,9) gridpoints (including 4 ghosts)
# Evolution with geodesic slicing and constant shift
# using eighth-order spatial differencing with 4 ghost zones 
# data 1 at theta = 0 and phi = 3.14159
# data 2 at theta = 1.5708 and phi = 3.14159
#                      r                     Ham                     Ham
#                               (     0,3.14159)        (1.5708,3.14159)
#========================================================================
     -0.1754557291666667      -2.251388667141487      -2.251388667142065
     -0.1253255208333333      -2.250980843197127      -2.250980843197954
           -0.0751953125      -2.250691776648873      -2.250691776647441
    -0.02506510416666667       -2.25056358376753      -2.250563583767851
     0.02506510416666667      -2.250563583768174      -2.250563583767851
            0.0751953125       -2.25069177664601      -2.250691776647441
      0.1253255208333333      -2.250980843198781      -2.250980843197954
      0.1754557291666667      -2.251388667142642      -2.251388667142064
            0.2255859375      -2.251937691400989      -2.251937691401283
      0.2757161458333334       -2.25262590789592      -2.252625907896987
      0.3258463541666667      -2.253446702008745      -2.253446702008329
            0.3759765625      -2.254402714052201      -2.254402714052505
      0.4261067708333334      -2.255492768506435      -2.255492768506588
      0.4762369791666667      -2.256715486680039       -2.25671548667995
            0.5263671875      -2.258070375726592      -2.258070375724521
      0.5764973958333334      -2.259556083334271      -2.259556083336968
      0.6266276041666667      -2.261172332294052      -2.261172332291531
            0.6767578125      -2.262917527919099       -2.26291752792197
      0.7268880208333334        -2.2647905499187      -2.264790549917008
      0.7770182291666667      -2.266791977154681      -2.266791977155802
            0.8271484375        -2.2689187070664      -2.268918707066675
      0.8772786458333334      -2.271167531042493      -2.271167531042053
      0.9274088541666667      -2.273540304955942      -2.273540304955746
            0.9775390625      -2.276040501361985      -2.276040501363252
       1.027669270833333      -2.278669365714614      -2.278669365713301
       1.077799479166667       -2.28142630418385       -2.28142630418405
            1.1279296875      -2.284310463632889      -2.284310463633374
       1.178059895833333      -2.287321387459067      -2.287321387459097
       1.228190104166667      -2.290458676410085      -2.290458676409385
            1.2783203125      -2.293721772624393      -2.293721772625096
       1.328450520833333      -2.297110055511573      -2.297110055510966
       1.378580729166667      -2.300622870060812      -2.300622870062102
            1.4287109375      -2.304259503014529      -2.304259503013157
       1.478841145833333      -2.308019183146607      -2.308019183147049
       1.528971354166667      -2.311901083957355      -2.311901083957859
            1.5791015625      -2.315904321181702       -2.31590432118097
       1.629231770833333      -2.320027950968141      -2.320027950969724
       1.679361979166667      -2.324270968330004      -2.324270968329026
            1.7294921875       -2.32863230514433      -2.328632305143208
       1.779622395833333      -2.333110828108918      -2.333110828110014
       1.829752604166667      -2.337705336608011      -2.337705336608341
            1.8798828125      -2.342414560511264      -2.342414560510655
       1.930013020833333      -2.347237157927226      -2.347237157927183
       1.980143229166667      -2.352171712925583      -2.352171712925575
            2.0302734375      -2.357216733226421      -2.357216733228196
       2.080403645833333      -2.362370647870446      -2.362370647867974
       2.130533854166667      -2.367631804883406      -2.367631804885449
            2.1806640625       -2.37299846895973      -2.372998468960117
       2.230794270833333      -2.378468819133298      -2.378468819131493
       2.280924479166667      -2.384040946449346      -2.384040946451411
            2.3310546875      -2.389712851725514      -2.389712851723484
       2.381184895833333      -2.395482443219322      -2.395482443221261
       2.431315104166667      -2.401347534477308      -2.401347534476256
            2.4814453125      -2.407305842080722      -2.407305842080254
       2.531575520833333      -2.413354983555123      -2.413354983555764
       2.581705729166667      -2.419492475258038      -2.419492475257926
            2.6318359375      -2.425715730346939      -2.425715730347331
       2.681966145833333      -2.432022056838163      -2.432022056838353
       2.732096354166667      -2.438408655676794      -2.438408655676079
            2.7822265625      -2.444872618947996      -2.444872618948384
       2.832356770833333      -2.451410928149703       -2.45141092814919
       2.882486979166667      -2.458020452534781      -2.458020452535104
            2.9326171875      -2.464697947587573      -2.464697947587102
       2.982747395833333      -2.471440053574176      -2.471440053574909
       3.032877604166667      -2.478243294237168      -2.478243294236389
            3.0830078125      -2.485104075566357       -2.48510407556684
       3.133138020833333      -2.492018684753761      -2.492018684753483
       3.183268229166667      -2.498983289227068      -2.498983289227495
            3.2333984375      -2.505993935863158      -2.505993935863084
       3.283528645833333      -2.513046550332084      -2.513046550332116
       3.333658854166667      -2.520136936601427      -2.520136936601157
            3.3837890625      -2.527260776610764      -2.527260776610249
       3.433919270833333      -2.534413630121925      -2.534413630122393
       3.484049479166667      -2.541590934735105      -2.541590934734877
            3.5341796875      -2.548788006104209      -2.548788006104808
       3.584309895833333      -2.556000038357042         -2.556000038357
       3.634440104166667      -2.563222104698318      -2.563222104697926
            3.6845703125      -2.570449158236825      -2.570449158237171
       3.734700520833333      -2.577676033044685      -2.577676033044076
       3.784830729166667      -2.584897445423386      -2.584897445424175
            3.8349609375      -2.592107995412757      -2.592107995411757
       3.885091145833333      -2.599302168549347      -2.599302168549887
       3.935221354166667      -2.606474337862885      -2.606474337862901
            3.9853515625      -2.613618766140176      -2.613618766139604
       4.035481770833334       -2.62072960843981      -2.620729608439449
       4.085611979166667      -2.627800914888632      -2.627800914889015
            4.1357421875      -2.634826633757675      -2.634826633757289
       4.185872395833334      -2.641800614775533      -2.641800614776402
       4.236002604166667      -2.648716612805678      -2.648716612804423
            4.2861328125      -2.655568291730219      -2.655568291730618
       4.336263020833334      -2.662349228686551      -2.662349228686321
       4.386393229166667      -2.669052918574057      -2.669052918573905
            4.4365234375      -2.675672778864745      -2.675672778865315
       4.486653645833334      -2.682202154719959      -2.682202154718765
       4.536783854166667      -2.688634324396803      -2.688634324398763
            4.5869140625      -2.694962504985732      -2.694962504984415
       4.637044270833334      -2.701179858399285      -2.701179858399179
       4.687174479166667      -2.707279497717244      -2.707279497717845
            4.7373046875      -2.713254493800495       -2.71325449380034
       4.787434895833334      -2.719097882174855      -2.719097882174904
       4.837565104166667      -2.724802670262966      -2.724802670263313
            4.8876953125      -2.730361844846444      -2.730361844845262
       4.937825520833334      -2.735768379821886      -2.735768379822776
       4.987955729166667      -2.741015244231762      -2.741015244231601
            5.0380859375      -2.746095410544681      -2.746095410544511
       5.088216145833334      -2.751001863172196      -2.751001863173101
       5.138346354166667      -2.755727607251289      -2.755727607250463
            5.1884765625      -2.760265677613704      -2.760265677613078
       5.238606770833334      -2.764609147984609      -2.764609147985184
       5.288736979166667      -2.768751140369345      -2.768751140369103
            5.3388671875      -2.772684834592535      -2.772684834592074
       5.388997395833334      -2.776403478028503      -2.776403478028319
       5.439127604166667      -2.779900395447785      -2.779900395447854
            5.4892578125      -2.783168998967434      -2.783168998967795
       5.539388020833334      -2.786202798121395      -2.786202798121256
       5.589518229166667      -2.788995409963331      -2.788995409962147
            5.6396484375      -2.791540569263705      -2.791540569265761
       5.689778645833334      -2.793832138670223      -2.793832138669192
       5.739908854166667      -2.795864118916704      -2.795864118916105
            5.7900390625       -2.79763065895362      -2.797630658954876
       5.840169270833334      -2.799126066052333      -2.799126066050926
       5.890299479166667      -2.800344815767891      -2.800344815767995
            5.9404296875       -2.80128156187177      -2.801281561872144
       5.990559895833334      -2.801931146025742      -2.801931146024902
       6.040690104166667      -2.802288607369199      -2.802288607369495
            6.0908203125      -2.802349191854224        -2.8023491918547
       6.140950520833334      -2.802108361348763      -2.802108361348548
       6.191080729166667      -2.801561802452715      -2.801561802452362
            6.2412109375      -2.800705435067049      -2.800705435066961
       6.291341145833334      -2.799535420579739      -2.799535420580403
       6.341471354166667      -2.798048169735371      -2.798048169735511
            6.3916015625      -2.796240350098254      -2.796240350097588
       6.441731770833334      -2.794108893088936      -2.794108893089324
       6.491861979166667      -2.791651000644775      -2.791651000644973
            6.5419921875      -2.788864151331187      -2.788864151330452
       6.592122395833334      -2.785746106028841      -2.785746106028864
       6.642252604166667      -2.782294913102461      -2.782294913103611
            6.6923828125      -2.778508913013952      -2.778508913013449
       6.742513020833334      -2.774386742397116      -2.774386742396618
       6.792643229166667       -2.76992733756733      -2.769927337568389
            6.8427734375      -2.765129937470816      -2.765129937469257
       6.892903645833334      -2.759994085959977      -2.759994085961244
       6.943033854166667       -2.75451963358907      -2.754519633588021
            6.9931640625      -2.748706738660195      -2.748706738661097
       7.043294270833334      -2.742555867739753      -2.742555867739771
       7.093424479166667      -2.736067795477696      -2.736067795477661
            7.1435546875      -2.729243603855646      -2.729243603855261
       7.193684895833334      -2.722084680756725      -2.722084680757578
       7.243815104166667      -2.714592717952593       -2.71459271795073
            7.2939453125      -2.706769708407531      -2.706769708408842
       7.344075520833334      -2.698617943041885      -2.698617943041933
       7.394205729166667      -2.690140006789752      -2.690140006789179
            7.4443359375      -2.681338774165376      -2.681338774164506
       7.494466145833334      -2.672217404166815      -2.672217404167981
       7.544596354166667      -2.662779334686867      -2.662779334685735
            7.5947265625      -2.653028276300442      -2.653028276301601
       7.644856770833334      -2.642968205591716      -2.642968205589709
       7.694986979166667      -2.632603357920709      -2.632603357923101
            7.7451171875      -2.621938219760303      -2.621938219759183
       7.795247395833334      -2.610977520540749      -2.610977520540154
       7.845377604166667      -2.599726224093419      -2.599726224094865
            7.8955078125      -2.588189519686858      -2.588189519685226
       7.945638020833334      -2.576372812643217       -2.57637281264467
       7.995768229166667      -2.564281714716231      -2.564281714716126
            8.0458984375      -2.551922034052935      -2.551922034052095
       8.096028645833334      -2.539299764937339      -2.539299764937646
       8.146158854166668      -2.526421077301157      -2.526421077301793
            8.1962890625      -2.513292305985475       -2.51329230598461
       8.246419270833334      -2.499919939814603      -2.499919939814212
       8.296549479166668      -2.486310610566852      -2.486310610567381
            8.3466796875      -2.472471081802106      -2.472471081802558
       8.396809895833334       -2.45840823761751      -2.458408237617477
       8.446940104166668      -2.444129071355093      -2.444129071353474
            8.4970703125      -2.429640674286121      -2.429640674285999
       8.547200520833334      -2.414950224324337      -2.414950224325677
       8.597330729166668      -2.400064974740891      -2.400064974741263
            8.6474609375      -2.384992243004148      -2.384992243003764
       8.697591145833334      -2.369739399705424      -2.369739399704273
       8.747721354166668      -2.354313857583372      -2.354313857584326
            8.7978515625      -2.338723060752191      -2.338723060752306
       8.847981770833334      -2.322974474062088      -2.322974474062296
       8.898111979166668      -2.307075572672889      -2.307075572670932
            8.9482421875      -2.291033831864566      -2.291033831865934
       8.998372395833334      -2.274856717102245      -2.274856717102163
       9.048502604166668      -2.258551674304164      -2.258551674305209
            9.0986328125      -2.242126120494382      -2.242126120493056
       9.148763020833334      -2.225587434612712      -2.225587434613337
       9.198893229166668      -2.208942948762487      -2.208942948763966
            9.2490234375      -2.192199939693491      -2.192199939691658
       9.299153645833334      -2.175365620657786      -2.175365620657922
       9.349283854166668      -2.158447133631248      -2.158447133629764
            9.3994140625      -2.141451541817511      -2.141451541817074
       9.449544270833334      -2.124385822578787      -2.124385822581067
       9.499674479166668      -2.107256860682654      -2.107256860680712
            9.5498046875      -2.090071441920845      -2.090071441920093
       9.599934895833334      -2.072836247154175       -2.07283624715409
       9.650065104166668      -2.055557846665526      -2.055557846666364
            9.7001953125      -2.038242694904979      -2.038242694905838
       9.750325520833334      -2.020897125628941      -2.020897125627602
       9.800455729166668      -2.003527347325227       -2.00352734732489
            9.8505859375      -1.986139439156709      -1.986139439157167
       9.900716145833334      -1.968739347135533      -1.968739347135804
       9.950846354166668      -1.951332880672815      -1.951332880672656
           10.0009765625      -1.933925709572081      -1.933925709571372
       10.05110677083333      -1.916523361253932      -1.916523361253238
       10.10123697916667       -1.89913121838702      -1.899131218387251
           10.1513671875      -1.881754516840637      -1.881754516841414
       10.20149739583333      -1.864398343945818      -1.864398343944118
       10.25162760416667      -1.847067637101088      -1.847067637102758
           10.3017578125      -1.829767182649376       -1.82976718264776
       10.35188802083333      -1.812501615099776      -1.812501615099761
       10.40201822916667      -1.795275416550755      -1.795275416552202
           10.4521484375      -1.778092916516514      -1.778092916516246
       10.50227864583333      -1.760958291896601      -1.760958291895446
       10.55240885416667      -1.743875567311455      -1.743875567311417
           10.6025390625      -1.726848615687597      -1.726848615689656
       10.65266927083333      -1.709881158520615      -1.709881158516636
       10.70279947916667      -1.692976767996445      -1.692976767999945
           10.7529296875      -1.676138869647744      -1.676138869648224
       10.80305989583333      -1.659370729184651       -1.65937072918359
       10.85319010416667      -1.642675480254082      -1.642675480253281
           10.9033203125      -1.626056187534719      -1.626056187536338
       10.95345052083333       -1.60951547617648      -1.609515476176592
       11.00358072916667      -1.593055901355271      -1.593055901352938
           11.0537109375      -1.576682094578097      -1.576682094580474
       11.10384114583333      -1.560393394079553      -1.560393394079015
       11.15397135416667      -1.544182814129886      -1.544182814130419
           11.2041015625      -1.528091444191616      -1.528091444191061
       11.25423177083333       -1.51211865096519      -1.512118650964245
       11.30436197916667       -1.49601435514853      -1.496014355149804
           11.3544921875      -1.480155828921862      -1.480155828922072
       11.40462239583333      -1.465522934343024       -1.46552293434148
       11.45475260416667      -1.448982140852648      -1.448982140853345
           11.5048828125      -1.428330525614973      -1.428330525615062
       11.55501302083333      -1.422573298323614      -1.422573298321803
       11.60514322916667      -1.437569154924981      -1.437569154930162
           11.6552734375      -1.425431078688213      -1.425431078687165
       11.70540364583333      -1.368130167310433      -1.368130167307479
       11.75553385416667      -1.601879871409516      -1.601879871413726
           11.8056640625      -2.240892165813941      -2.240892165810769
       11.85579427083333      -2.734896475454998      -2.734896475453788
       11.90592447916667      -2.882644482632684      -2.882644482632175
           11.9560546875      -3.084439881380304      -3.084439881382122
       12.00618489583333      -3.497334771848433      -3.497334771845078
       12.05631510416667      -3.873482158678947      -3.873482158679885
           12.1064453125      -4.132372485086789      -4.132372485087611
       12.15657552083333      -4.420230574220138      -4.420230574218687
       12.20670572916667      -4.863952917054877      -4.863952917055784
           12.2568359375      -5.317230176427438      -5.317230176427106
       12.30696614583333      -6.124329311922634      -6.124329311920381
       12.35709635416667       -6.27248920905279      -6.272489209052141
           12.4072265625      -8.063460928151255      -8.063460928150597
       12.45735677083333      -7.895600821594622      -7.895600821594326
       12.50748697916667      -12.45571699278486       -12.4557169927862
           12.5576171875      -5.628129205239267      -5.628129205239027
       12.60774739583333      -27.63944389249656      -27.63944389250181
       12.65787760416667       16.88017423985964       16.88017423991596
           12.7080078125        57.2276724917789       57.22767249199596
       12.75813802083333        181.698085973562       181.6980859740295
       12.80826822916667      -23.83679296176153      -23.83679296156436
           12.8583984375                       0                       0
       12.90852864583333                       0                       0
       12.95865885416667                       0                       0
           13.0087890625                       0                       0
