# File created on Tue Jul  7 15:36:44 2026
# Data for Inflation GW initial data initial data at coord time 0 and central proper time 0
# Evolved with (136,10,9) gridpoints (including 4 ghosts)
# Evolution with geodesic slicing and constant shift shift condition 
# data for phi = 3.14159
#              r           theta                 Ham
#===============================================================
        0.078125      0.78539816   0.0004400638430935625
        0.078125       2.3561945   0.0004400638430935625

        0.234375      0.78539816  -4.589828360928937e-05
        0.234375       2.3561945  -4.589828360928954e-05

        0.390625      0.78539816  -0.0007639355019345296
        0.390625       2.3561945  -0.0007639355019345298

        0.546875      0.78539816   -0.001378916204754557
        0.546875       2.3561945   -0.001378916204754557

        0.703125      0.78539816    -0.00166233273218708
        0.703125       2.3561945    -0.00166233273218708

        0.859375      0.78539816   -0.001594294428706314
        0.859375       2.3561945   -0.001594294428706313

        1.015625      0.78539816   -0.001306395426717943
        1.015625       2.3561945   -0.001306395426717943

        1.171875      0.78539816  -0.0009596555346285412
        1.171875       2.3561945  -0.0009596555346285402

        1.328125      0.78539816  -0.0006600104035642041
        1.328125       2.3561945  -0.0006600104035642013

        1.484375      0.78539816  -0.0004433936134863786
        1.484375       2.3561945  -0.0004433936134863783

        1.640625      0.78539816  -0.0003019467704626576
        1.640625       2.3561945  -0.0003019467704626572

        1.796875      0.78539816   -0.000213585636236433
        1.796875       2.3561945  -0.0002135856362364317

        1.953125      0.78539816   -0.000158199788252316
        1.953125       2.3561945  -0.0001581997882523186

        2.109375      0.78539816  -0.0001221140914942911
        2.109375       2.3561945  -0.0001221140914942929

        2.265625      0.78539816  -9.725969762906034e-05
        2.265625       2.3561945  -9.725969762905888e-05

        2.421875      0.78539816  -7.920165444240812e-05
        2.421875       2.3561945  -7.920165444240873e-05

        2.578125      0.78539816  -6.553492181222861e-05
        2.578125       2.3561945  -6.553492181223166e-05

        2.734375      0.78539816  -5.489910381767687e-05
        2.734375       2.3561945  -5.489910381767972e-05

        2.890625      0.78539816   -4.64620745432839e-05
        2.890625       2.3561945  -4.646207454328479e-05

        3.046875      0.78539816  -3.967296119545948e-05
        3.046875       2.3561945  -3.967296119545925e-05

        3.203125      0.78539816  -3.414553511781038e-05
        3.203125       2.3561945  -3.414553511781007e-05

        3.359375      0.78539816  -2.959919329305078e-05
        3.359375       2.3561945  -2.959919329305064e-05

        3.515625      0.78539816  -2.582545319419712e-05
        3.515625       2.3561945   -2.58254531941977e-05

        3.671875      0.78539816  -2.266690554683189e-05
        3.671875       2.3561945  -2.266690554683267e-05

        3.828125      0.78539816  -2.000312616531181e-05
        3.828125       2.3561945  -2.000312616531231e-05

        3.984375      0.78539816  -1.774090877008039e-05
        3.984375       2.3561945  -1.774090877008087e-05

        4.140625      0.78539816  -1.580734885991801e-05
        4.140625       2.3561945  -1.580734885991812e-05

        4.296875      0.78539816  -1.414486527031216e-05
        4.296875       2.3561945   -1.41448652703111e-05

        4.453125      0.78539816  -1.270757082039353e-05
        4.453125       2.3561945  -1.270757082039146e-05

        4.609375      0.78539816  -1.145859239468621e-05
        4.609375       2.3561945  -1.145859239468482e-05

        4.765625      0.78539816  -1.036807164818059e-05
        4.765625       2.3561945  -1.036807164818046e-05

        4.921875      0.78539816   -9.41165559300857e-06
        4.921875       2.3561945  -9.411655593009039e-06

        5.078125      0.78539816  -8.569347646329884e-06
        5.078125       2.3561945   -8.56934764633062e-06

        5.234375      0.78539816   -7.82462598051911e-06
        5.234375       2.3561945  -7.824625980519558e-06

        5.390625      0.78539816  -7.163757301655876e-06
        5.390625       2.3561945  -7.163757301656029e-06

        5.546875      0.78539816  -6.575264514027185e-06
        5.546875       2.3561945  -6.575264514027702e-06

        5.703125      0.78539816  -6.049504845906284e-06
        5.703125       2.3561945  -6.049504845906909e-06

        5.859375      0.78539816  -5.578336787395652e-06
        5.859375       2.3561945  -5.578336787395596e-06

        6.015625      0.78539816  -5.154855223189662e-06
        6.015625       2.3561945  -5.154855223189118e-06

        6.171875      0.78539816  -4.773176297278715e-06
        6.171875       2.3561945  -4.773176297278313e-06

        6.328125      0.78539816  -4.428267000723124e-06
        6.328125       2.3561945  -4.428267000723243e-06

        6.484375      0.78539816  -4.115803888853565e-06
        6.484375       2.3561945  -4.115803888853859e-06

        6.640625      0.78539816  -3.832059709847571e-06
        6.640625       2.3561945  -3.832059709847527e-06

        6.796875      0.78539816  -3.573809345167677e-06
        6.796875       2.3561945  -3.573809345167053e-06

        6.953125      0.78539816  -3.338252605553273e-06
        6.953125       2.3561945  -3.338252605552548e-06

        7.109375      0.78539816  -3.122950755622369e-06
        7.109375       2.3561945  -3.122950755622194e-06

        7.265625      0.78539816  -2.925772332565343e-06
        7.265625       2.3561945  -2.925772332565369e-06

        7.421875      0.78539816  -2.744850240298599e-06
        7.421875       2.3561945   -2.74485024029829e-06

        7.578125      0.78539816  -2.578542697645139e-06
        7.578125       2.3561945  -2.578542697644721e-06

        7.734375      0.78539816  -2.425403626850349e-06
        7.734375       2.3561945  -2.425403626850153e-06

        7.890625      0.78539816  -2.284154874488354e-06
        7.890625       2.3561945  -2.284154874488324e-06

        8.046875      0.78539816  -2.153664540661617e-06
        8.046875       2.3561945  -2.153664540661659e-06

        8.203125      0.78539816  -2.032927434894207e-06
        8.203125       2.3561945  -2.032927434894419e-06

        8.359375      0.78539816   -1.92104929589484e-06
        8.359375       2.3561945  -1.921049295895422e-06

        8.515625      0.78539816  -1.817232211906208e-06
        8.515625       2.3561945   -1.81723221190694e-06

        8.671875      0.78539816  -1.720762899650818e-06
        8.671875       2.3561945  -1.720762899651388e-06

        8.828125      0.78539816  -1.631002783001063e-06
        8.828125       2.3561945  -1.631002783001387e-06

        8.984375      0.78539816  -1.547378397505221e-06
        8.984375       2.3561945  -1.547378397505297e-06

        9.140625      0.78539816  -1.469374529266022e-06
        9.140625       2.3561945  -1.469374529265973e-06

        9.296875      0.78539816   -1.39652687779373e-06
        9.296875       2.3561945  -1.396526877793743e-06

        9.453125      0.78539816  -1.328415925713003e-06
        9.453125       2.3561945  -1.328415925713089e-06

        9.609375      0.78539816  -1.264663233548165e-06
        9.609375       2.3561945  -1.264663233548322e-06

        9.765625      0.78539816   -1.20492574498882e-06
        9.765625       2.3561945  -1.204925744989142e-06

        9.921875      0.78539816  -1.148892026212243e-06
        9.921875       2.3561945  -1.148892026212623e-06

       10.078125      0.78539816  -1.096279453163446e-06
       10.078125       2.3561945  -1.096279453163656e-06

       10.234375      0.78539816  -1.046830870920198e-06
       10.234375       2.3561945  -1.046830870920218e-06

       10.390625      0.78539816  -1.000312081010783e-06
       10.390625       2.3561945  -1.000312081010793e-06

       10.546875      0.78539816  -9.565093079953739e-07
       10.546875       2.3561945  -9.565093079955924e-07

       10.703125      0.78539816  -9.152270035396847e-07
       10.703125       2.3561945  -9.152270035401792e-07

       10.859375      0.78539816  -8.762865691014869e-07
       10.859375       2.3561945  -8.762865691019746e-07

       11.015625      0.78539816  -8.395242516317397e-07
       11.015625       2.3561945  -8.395242516318953e-07

       11.171875      0.78539816  -8.047898920404186e-07
       11.171875       2.3561945  -8.047898920402818e-07

       11.328125      0.78539816  -7.719455196670177e-07
       11.328125       2.3561945  -7.719455196668361e-07

       11.484375      0.78539816  -7.408643652156564e-07
       11.484375       2.3561945  -7.408643652154954e-07

       11.640625      0.78539816  -7.114295599416798e-07
       11.640625       2.3561945  -7.114295599413391e-07

       11.796875      0.78539816  -6.835337012257838e-07
       11.796875       2.3561945  -6.835337012251841e-07

       11.953125      0.78539816  -6.570773829153103e-07
       11.953125       2.3561945  -6.570773829146006e-07

       12.109375      0.78539816  -6.319687929810989e-07
       12.109375       2.3561945   -6.31968792980531e-07

       12.265625      0.78539816  -6.081236162224617e-07
       12.265625       2.3561945   -6.08123616222168e-07

       12.421875      0.78539816   -5.85462969889526e-07
       12.421875       2.3561945  -5.854629698893241e-07

       12.578125      0.78539816  -5.639144598402653e-07
       12.578125       2.3561945  -5.639144598400654e-07

       12.734375      0.78539816   -5.43410689392692e-07
       12.734375       2.3561945  -5.434106893926042e-07

       12.890625      0.78539816  -5.238889880894644e-07
       12.890625       2.3561945  -5.238889880896109e-07

       13.046875      0.78539816  -5.052911926364007e-07
       13.046875       2.3561945  -5.052911926367285e-07

       13.203125      0.78539816  -4.875633575975427e-07
       13.203125       2.3561945  -4.875633575978328e-07

       13.359375      0.78539816  -4.706550827908038e-07
       13.359375       2.3561945  -4.706550827909425e-07

       13.515625      0.78539816   -4.54519508202901e-07
       13.515625       2.3561945  -4.545195082028176e-07

       13.671875      0.78539816  -4.391132594395993e-07
       13.671875       2.3561945   -4.39113259439349e-07

       13.828125      0.78539816  -4.243954474420688e-07
       13.828125       2.3561945  -4.243954474417879e-07

       13.984375      0.78539816   -4.10328323532936e-07
       13.984375       2.3561945  -4.103283235326977e-07

       14.140625      0.78539816   -3.96876051848131e-07
       14.140625       2.3561945  -3.968760518480376e-07

       14.296875      0.78539816   -3.84006009950121e-07
       14.296875       2.3561945  -3.840060099502886e-07

       14.453125      0.78539816  -3.716862718258763e-07
       14.453125       2.3561945  -3.716862718262766e-07

       14.609375      0.78539816  -3.598880983249471e-07
       14.609375       2.3561945   -3.59888098325406e-07

       14.765625      0.78539816  -3.485836820236153e-07
       14.765625       2.3561945  -3.485836820240347e-07

       14.921875      0.78539816  -3.377476750679458e-07
       14.921875       2.3561945  -3.377476750683771e-07

       15.078125      0.78539816  -3.273556977756517e-07
       15.078125       2.3561945  -3.273556977760723e-07

       15.234375      0.78539816  -3.173855538783765e-07
       15.234375       2.3561945  -3.173855538787058e-07

       15.390625      0.78539816  -3.078159349467378e-07
       15.390625       2.3561945  -3.078159349469426e-07

       15.546875      0.78539816  -2.986275333701369e-07
       15.546875       2.3561945   -2.98627533370235e-07

       15.703125      0.78539816  -2.898013734374873e-07
       15.703125       2.3561945  -2.898013734375709e-07

       15.859375      0.78539816  -2.813201778839668e-07
       15.859375       2.3561945   -2.81320177884126e-07

       16.015625      0.78539816  -2.731669752596097e-07
       16.015625       2.3561945  -2.731669752597868e-07

       16.171875      0.78539816   -2.65326225287578e-07
       16.171875       2.3561945  -2.653262252876471e-07

       16.328125      0.78539816  -2.577826643273949e-07
       16.328125       2.3561945  -2.577826643273296e-07

       16.484375      0.78539816   -2.50522727530448e-07
       16.484375       2.3561945   -2.50522727530249e-07

       16.640625      0.78539816  -2.435323453021619e-07
       16.640625       2.3561945  -2.435323453019101e-07

       16.796875      0.78539816  -2.367992232041735e-07
       16.796875       2.3561945  -2.367992232039963e-07

       16.953125      0.78539816  -2.303118000393081e-07
       16.953125       2.3561945  -2.303118000393107e-07

       17.109375      0.78539816  -2.240586334689894e-07
       17.109375       2.3561945  -2.240586334691836e-07

       17.265625      0.78539816  -2.180294251733434e-07
       17.265625       2.3561945  -2.180294251736084e-07

       17.421875      0.78539816  -2.122145887951684e-07
       17.421875       2.3561945  -2.122145887953571e-07

       17.578125      0.78539816  -2.066041575096836e-07
       17.578125       2.3561945  -2.066041575097496e-07

       17.734375      0.78539816  -2.011914773127989e-07
       17.734375       2.3561945  -2.011914773128051e-07

       17.890625      0.78539816  -1.959632978989994e-07
       17.890625       2.3561945  -1.959632978989575e-07

       18.046875      0.78539816  -1.909223374302589e-07
       18.046875       2.3561945  -1.909223374301827e-07

       18.203125      0.78539816  -1.860373735876101e-07
       18.203125       2.3561945  -1.860373735875461e-07

       18.359375      0.78539816  -1.813533897616533e-07
       18.359375       2.3561945  -1.813533897616314e-07

       18.515625      0.78539816  -1.767471085837842e-07
       18.515625       2.3561945  -1.767471085837751e-07

       18.671875      0.78539816  -1.724695419476808e-07
       18.671875       2.3561945  -1.724695419476734e-07

       18.828125      0.78539816  -1.679440903125886e-07
       18.828125       2.3561945  -1.679440903125974e-07

       18.984375      0.78539816  -1.644280134194302e-07
       18.984375       2.3561945  -1.644280134194079e-07

       19.140625      0.78539816   -1.59114650896875e-07
       19.140625       2.3561945  -1.591146508967786e-07

       19.296875      0.78539816  -1.581937374763572e-07
       19.296875       2.3561945  -1.581937374761795e-07

       19.453125      0.78539816  -1.479159872175275e-07
       19.453125       2.3561945  -1.479159872173398e-07

       19.609375      0.78539816  -1.593752642668926e-07
       19.609375       2.3561945  -1.593752642667578e-07

       19.765625      0.78539816  -1.255576079726973e-07
       19.765625       2.3561945  -1.255576079726192e-07

       19.921875      0.78539816  -1.769739689697249e-07
       19.921875       2.3561945  -1.769739689696437e-07

       20.078125      0.78539816                       0
       20.078125       2.3561945                       0

       20.234375      0.78539816                       0
       20.234375       2.3561945                       0

       20.390625      0.78539816                       0
       20.390625       2.3561945                       0

       20.546875      0.78539816                       0
       20.546875       2.3561945                       0

