# File created on Wed Jul  8 11:31:14 2026
# ======================================== 
# = Running code assuming AXISYMMETRY    = 
# ======================================== 
# Data for Inflation GW initial data initial data at coord. time 0.163788 and proper central time 0.163788
# Evolved with (264,10,9) gridpoints (including 4 ghosts)
# Evolution with geodesic slicing and constant shift
# using eighth-order spatial differencing with 4 ghost zones 
# data 1 at theta = 0 and phi = 3.14159
# data 2 at theta = 1.5708 and phi = 3.14159
#                      r                     Ham                     Ham
#                               (     0,3.14159)        (1.5708,3.14159)
#========================================================================
     -0.1754557291666667      -5.841634020388423      -5.841634020390272
     -0.1253255208333333      -5.841968866859293      -5.841968866857807
           -0.0751953125      -5.842171400699224      -5.842171400700268
    -0.02506510416666667      -5.842275696790741      -5.842275696786282
     0.02506510416666667      -5.842275696781822      -5.842275696786282
            0.0751953125      -5.842171400701313      -5.842171400700268
      0.1253255208333333      -5.841968866856321      -5.841968866857807
      0.1754557291666667      -5.841634020392119      -5.841634020390272
            0.2255859375      -5.841201202956807      -5.841201202958539
      0.2757161458333334      -5.840656733725586      -5.840656733724107
      0.3258463541666667      -5.840002866169837      -5.840002866171488
            0.3759765625      -5.839237638212864      -5.839237638210893
      0.4261067708333334      -5.838360465930265      -5.838360465931402
      0.4762369791666667      -5.837370539395137      -5.837370539395307
            0.5263671875      -5.836266961184254      -5.836266961185389
      0.5764973958333334      -5.835048712840722      -5.835048712838567
      0.6266276041666667      -5.833714663817322        -5.8337146638198
            0.6767578125      -5.832263573873614      -5.832263573872649
      0.7268880208333334      -5.830694097240907      -5.830694097241542
      0.7770182291666667      -5.829004786444816      -5.829004786444168
            0.8271484375      -5.827194095248719      -5.827194095249784
      0.8772786458333334      -5.825260381452909      -5.825260381452498
      0.9274088541666667      -5.823201909463564      -5.823201909463649
            0.9775390625       -5.82101685276855       -5.82101685276921
       1.027669270833333       -5.81870329642822      -5.818703296426799
       1.077799479166667      -5.816259239517851      -5.816259239518956
            1.1279296875       -5.81368259767384       -5.81368259767375
       1.178059895833333      -5.810971205619976      -5.810971205619072
       1.228190104166667      -5.808122819845934      -5.808122819847515
            1.2783203125       -5.80513512127268      -5.805135121271085
       1.328450520833333      -5.802005718067585      -5.802005718068466
       1.378580729166667      -5.798732148505437       -5.79873214850414
            1.4287109375      -5.795311883888824      -5.795311883889745
       1.478841145833333      -5.791742331599094      -5.791742331598854
       1.528971354166667      -5.788020838163201       -5.78802083816238
            1.5791015625      -5.784144692436116      -5.784144692435773
       1.629231770833333       -5.78011112886191      -5.780111128861973
       1.679361979166667      -5.775917330764751      -5.775917330764623
            1.7294921875      -5.771560433758633         -5.771560433759
       1.779622395833333      -5.767037529164591      -5.767037529163245
       1.829752604166667      -5.762345667539833      -5.762345667540848
            1.8798828125      -5.757481862232771      -5.757481862231618
       1.930013020833333      -5.752443093001957      -5.752443093001595
       1.980143229166667      -5.747226309714899      -5.747226309715009
            2.0302734375      -5.741828436018372      -5.741828436019695
       2.080403645833333      -5.736246373154787       -5.73624637315302
       2.130533854166667      -5.730477003708716      -5.730477003709789
            2.1806640625      -5.724517195473225      -5.724517195473252
       2.230794270833333      -5.718363805323824      -5.718363805321656
       2.280924479166667      -5.712013683094333      -5.712013683095419
            2.3310546875      -5.705463675523605      -5.705463675523472
       2.381184895833333      -5.698710630159984      -5.698710630159411
       2.431315104166667      -5.691751399337752      -5.691751399338354
            2.4814453125      -5.684582844130959      -5.684582844130948
       2.531575520833333      -5.677201838333095      -5.677201838332339
       2.581705729166667      -5.669605272426476      -5.669605272427651
            2.6318359375      -5.661790057565684      -5.661790057565772
       2.681966145833333        -5.6537531295293      -5.653753129527802
       2.732096354166667      -5.645491452657397      -5.645491452660286
            2.7822265625      -5.637002023855248      -5.637002023852705
       2.832356770833333      -5.628281876423262      -5.628281876424756
       2.882486979166667      -5.619328084071001      -5.619328084070921
            2.9326171875      -5.610137764664935      -5.610137764665021
       2.982747395833333      -5.600708084173778      -5.600708084173347
       3.032877604166667      -5.591036260401835      -5.591036260401099
            3.0830078125      -5.581119566769781      -5.581119566770889
       3.133138020833333      -5.570955336063058      -5.570955336061917
       3.183268229166667      -5.560540964061047      -5.560540964061453
            3.2333984375      -5.549873913191226       -5.54987391319019
       3.283528645833333      -5.538951716049328      -5.538951716051123
       3.333658854166667       -5.52777197895198      -5.527771978952424
            3.3837890625      -5.516332385315959      -5.516332385315463
       3.433919270833333      -5.504630699064327      -5.504630699064784
       3.484049479166667      -5.492664767931385      -5.492664767931375
            3.5341796875      -5.480432526629431      -5.480432526630509
       3.584309895833333      -5.467932000070357      -5.467932000068921
       3.634440104166667      -5.455161306333236      -5.455161306333631
            3.6845703125      -5.442118659708323      -5.442118659707953
       3.734700520833333      -5.428802373551085      -5.428802373550638
       3.784830729166667       -5.41521086306495       -5.41521086306761
            3.8349609375      -5.401342648028574      -5.401342648026383
       3.885091145833333      -5.387196355337587      -5.387196355338685
       3.935221354166667      -5.372770721556877      -5.372770721557938
            3.9853515625      -5.358064595274826      -5.358064595273467
       4.035481770833334      -5.343076939389108      -5.343076939389348
       4.085611979166667      -5.327806833290411      -5.327806833291246
            4.1357421875      -5.312253474937362      -5.312253474935228
       4.185872395833334      -5.296416182762071      -5.296416182763867
       4.236002604166667      -5.280294397547831      -5.280294397547719
            4.2861328125      -5.263887684123931      -5.263887684123395
       4.336263020833334      -5.247195732942828      -5.247195732941902
       4.386393229166667      -5.230218361599406      -5.230218361599567
            4.4365234375      -5.212955516134533      -5.212955516135617
       4.486653645833334      -5.195407272293417      -5.195407272292277
       4.536783854166667      -5.177573836604666      -5.177573836604694
            4.5869140625      -5.159455547380337      -5.159455547381238
       4.637044270833334      -5.141052875542114      -5.141052875540922
       4.687174479166667       -5.12236642535411      -5.122366425355152
            4.7373046875      -5.103396935012268      -5.103396935010487
       4.787434895833334      -5.084145277106342      -5.084145277108176
       4.837565104166667      -5.064612458954101      -5.064612458952714
            4.8876953125      -5.044799622820998      -5.044799622821362
       4.937825520833334      -5.024708045974764      -5.024708045974855
       4.987955729166667      -5.004339140649661      -5.004339140649325
            5.0380859375      -4.983694453859726      -4.983694453861482
       5.088216145833334      -4.962775667110018      -4.962775667107608
       5.138346354166667      -4.941584595907919      -4.941584595910076
            5.1884765625      -4.920123189302742      -4.920123189302803
       5.238606770833334      -4.898393529095288      -4.898393529094615
       5.288736979166667      -4.876397829092293      -4.876397829092228
            5.3388671875      -4.854138434157822      -4.854138434157969
       5.388997395833334      -4.831617819160477      -4.831617819160242
       5.439127604166667      -4.808838587806854      -4.808838587804921
            5.4892578125      -4.785803471359633      -4.785803471363247
       5.539388020833334      -4.762515327225435      -4.762515327223266
       5.589518229166667      -4.738977137417052      -4.738977137419218
            5.6396484375      -4.715192006977317      -4.715192006974968
       5.689778645833334      -4.691163162167751      -4.691163162168362
       5.739908854166667      -4.666893948705912      -4.666893948706971
            5.7900390625       -4.64238782975722      -4.642387829755868
       5.840169270833334      -4.617648383897777      -4.617648383898537
       5.890299479166667      -4.592679302982707      -4.592679302982325
            5.9404296875      -4.567484389865141      -4.567484389866754
       5.990559895833334      -4.542067556091255      -4.542067556091235
       6.040690104166667      -4.516432819458555      -4.516432819457567
            6.0908203125      -4.490584301504293      -4.490584301505439
       6.140950520833334      -4.464526224896496      -4.464526224896461
       6.191080729166667      -4.438262910749906      -4.438262910749597
            6.2412109375      -4.411798775883264      -4.411798775883669
       6.291341145833334      -4.385138329978745      -4.385138329978234
       6.341471354166667       -4.35828617266738      -4.358286172668763
            6.3916015625      -4.331246990617449      -4.331246990616265
       6.441731770833334      -4.304025554406735      -4.304025554407242
       6.491861979166667       -4.27662671551758      -4.276626715517189
            6.5419921875      -4.249055403129851      -4.249055403129985
       6.592122395833334      -4.221316620957901       -4.22131662095741
       6.642252604166667       -4.19341544398157      -4.193415443982307
            6.6923828125      -4.165357015170725      -4.165357015169754
       6.742513020833334      -4.137146542137216      -4.137146542137941
       6.792643229166667      -4.108789293739937       -4.10878929374143
            6.8427734375      -4.080290596742153      -4.080290596739686
       6.892903645833334      -4.051655832274194      -4.051655832276673
       6.943033854166667      -4.022890432493717      -4.022890432490835
            6.9931640625      -3.993999877010812      -3.993999877012298
       7.043294270833334       -3.96498968943245      -3.964989689432735
       7.093424479166667      -3.935865433795688      -3.935865433795473
            7.1435546875      -3.906632711086915      -3.906632711086393
       7.193684895833334      -3.877297155679539      -3.877297155680344
       7.243815104166667      -3.847864431799225      -3.847864431798461
            7.2939453125      -3.818340229999401      -3.818340229997935
       7.344075520833334      -3.788730263594204      -3.788730263596778
       7.394205729166667      -3.759040265142821      -3.759040265140181
            7.4443359375      -3.729275982916129      -3.729275982917124
       7.494466145833334      -3.699443177396815      -3.699443177397211
       7.544596354166667      -3.669547617809904      -3.669547617810442
            7.5947265625      -3.639595078628703      -3.639595078628097
       7.644856770833334      -3.609591336126238      -3.609591336124762
       7.694986979166667      -3.579542164958276      -3.579542164959718
            7.7451171875      -3.549453334777638      -3.549453334776556
       7.795247395833334      -3.519330606862098      -3.519330606862344
       7.845377604166667       -3.48917973081032      -3.489179730811937
            7.8955078125      -3.459006441275033      -3.459006441273418
       7.945638020833334      -3.428816454660343       -3.42881645466111
       7.995768229166667      -3.398615465956933      -3.398615465957656
            8.0458984375      -3.368409145615917      -3.368409145615254
       8.096028645833334      -3.338203136370219      -3.338203136369711
       8.146158854166668       -3.30800305025634      -3.308003050257223
            8.1962890625      -3.277814465613277      -3.277814465611468
       8.246419270833334      -3.247642924058606        -3.2476429240607
       8.296549479166668      -3.217493927691707      -3.217493927689155
            8.3466796875      -3.187372936203412      -3.187372936205862
       8.396809895833334      -3.157285364160361      -3.157285364159096
       8.446940104166668      -3.127236578268633      -3.127236578268214
            8.4970703125      -3.097231894778571      -3.097231894778153
       8.547200520833334      -3.067276576877208      -3.067276576877966
       8.597330729166668      -3.037375832199464        -3.0373758322007
            8.6474609375      -3.007534810408941      -3.007534810408131
       8.697591145833334      -2.977758600818177      -2.977758600818456
       8.747721354166668      -2.948052230139819      -2.948052230139036
            8.7978515625      -2.918420660260244      -2.918420660260978
       8.847981770833334      -2.888868786075308      -2.888868786073961
       8.898111979166668        -2.8594014334611       -2.85940143346139
            8.9482421875      -2.830023357268276      -2.830023357269225
       8.998372395833334      -2.800739239431262      -2.800739239429314
       9.048502604166668      -2.771553687111215      -2.771553687112539
            9.0986328125      -2.742471231019142      -2.742471231018146
       9.148763020833334      -2.713496323634351      -2.713496323633274
       9.198893229166668      -2.684633337686222      -2.684633337688298
            9.2490234375      -2.655886564620939      -2.655886564620607
       9.299153645833334      -2.627260213155166      -2.627260213153838
       9.349283854166668      -2.598758407938996      -2.598758407939643
            9.3994140625      -2.570385188303458      -2.570385188305312
       9.449544270833334      -2.542144507011763      -2.542144507009647
       9.499674479166668      -2.514040229169746       -2.51404022917083
            9.5498046875      -2.486076131207562       -2.48607613120681
       9.599934895833334       -2.45825589988932      -2.458255899889033
       9.650065104166668      -2.430583131473306      -2.430583131473207
            9.7001953125      -2.403061330895342      -2.403061330896749
       9.750325520833334       -2.37569391103749      -2.375693911035189
       9.800455729166668      -2.348484192080892      -2.348484192082257
            9.8505859375       -2.32143540096391      -2.321435400960372
       9.900716145833334      -2.294550670845774      -2.294550670848691
       9.950846354166668       -2.26783304074701      -2.267833040745868
           10.0009765625      -2.241285455151899       -2.24128545515108
       10.05110677083333      -2.214910763767887      -2.214910763765328
       10.10123697916667      -2.188711721286225      -2.188711721289481
           10.1513671875      -2.162690987333661      -2.162690987330712
       10.20149739583333      -2.136851126281606      -2.136851126283407
       10.25162760416667      -2.111194607408815      -2.111194607407801
           10.3017578125      -2.085723804869414      -2.085723804867715
       10.35188802083333      -2.060440997864389      -2.060440997867689
       10.40201822916667      -2.035348370876048      -2.035348370873902
           10.4521484375      -2.010448013878596      -2.010448013878955
       10.50227864583333      -1.985741922734736      -1.985741922735257
       10.55240885416667      -1.961231999552275      -1.961231999551337
           10.6025390625      -1.936920053159788      -1.936920053160318
       10.65266927083333      -1.912807799593374      -1.912807799591493
       10.70279947916667      -1.888896862657961      -1.888896862658725
           10.7529296875      -1.865188774589519      -1.865188774589859
       10.80305989583333      -1.841684976679208      -1.841684976678948
       10.85319010416667      -1.818386820029781      -1.818386820029074
           10.9033203125      -1.795295566328338      -1.795295566329222
       10.95345052083333      -1.772412388666583      -1.772412388667478
       11.00358072916667      -1.749738372394386      -1.749738372391289
           11.0537109375       -1.72727451603807      -1.727274516041478
       11.10384114583333      -1.705021732307774      -1.705021732304769
       11.15397135416667       -1.68298084900635      -1.682980849008443
           11.2041015625      -1.661152610172089      -1.661152610171333
       11.25423177083333      -1.639537677063337        -1.6395376770632
       11.30436197916667       -1.61813662933591      -1.618136629335981
           11.3544921875      -1.596949966157331      -1.596949966156948
       11.40462239583333      -1.575978107397314      -1.575978107397843
       11.45475260416667      -1.555221394857712      -1.555221394856843
           11.5048828125      -1.534680093493428      -1.534680093495216
       11.55501302083333      -1.514354392704945      -1.514354392703982
       11.60514322916667      -1.494244407589905          -1.49424440759
           11.6552734375      -1.474350180341576      -1.474350180343666
       11.70540364583333      -1.454671681515833      -1.454671681512784
       11.75553385416667      -1.435208811433552      -1.435208811435356
           11.8056640625      -1.415961401589312      -1.415961401588306
       11.85579427083333      -1.396929216158007      -1.396929216157225
       11.90592447916667      -1.378111952665439      -1.378111952665668
           11.9560546875      -1.359509242549506      -1.359509242549947
       12.00618489583333      -1.341120681575953      -1.341120681577618
       12.05631510416667      -1.322945696600426      -1.322945696598008
           12.1064453125      -1.304983435409756      -1.304983435412795
       12.15657552083333      -1.287237369162548      -1.287237369157753
       12.20670572916667        -1.2696922766443      -1.269692276647354
           12.2568359375      -1.252317432493506      -1.252317432492752
       12.30696614583333      -1.235678490666955       -1.23567849066729
       12.35709635416667      -1.217235234023367      -1.217235234020954
           12.4072265625      -1.198337361992682      -1.198337361992261
       12.45735677083333      -1.225263184510273      -1.225263184509286
       12.50748697916667      -1.016814148740054       -1.01681414874169
           12.5576171875      -1.257815123298546      -1.257815123296842
       12.60774739583333       -2.68951335480962      -2.689513354809805
       12.65787760416667       7.046948826216827        7.04694882621552
           12.7080078125      -24.19171294961348      -24.19171294961124
       12.75813802083333       49.88380550456613       49.88380550456375
       12.80826822916667        -41.288461843569      -41.28846184356584
           12.8583984375                       0                       0
       12.90852864583333                       0                       0
       12.95865885416667                       0                       0
           13.0087890625                       0                       0
