# File created on Tue Jul  7 16:46:48 2026
# ======================================== 
# = Running code assuming AXISYMMETRY    = 
# ======================================== 
# Data for Inflation GW initial data initial data at coord. time 0 and proper central time 0
# Evolved with (264,10,9) gridpoints (including 4 ghosts)
# Evolution with geodesic slicing and constant shift
# using eighth-order spatial differencing with 4 ghost zones 
# data 1 at theta = 0 and phi = 3.14159
# data 2 at theta = 1.5708 and phi = 3.14159
#                      r                     Ham                     Ham
#                               (     0,3.14159)        (1.5708,3.14159)
#========================================================================
              -0.2734375       -0.15098438338991       -0.15098438338991
              -0.1953125    -0.09309703101172769     -0.0930970310117277
              -0.1171875    -0.02255127161484111    -0.02255127161484111
              -0.0390625      0.0252057123217389     0.02520571232173889
               0.0390625     0.02520571232173888     0.02520571232173889
               0.1171875     -0.0225512716148411    -0.02255127161484111
               0.1953125    -0.09309703101172773     -0.0930970310117277
               0.2734375       -0.15098438338991       -0.15098438338991
               0.3515625     -0.1742455099261732     -0.1742455099261732
               0.4296875     -0.1622300413093523     -0.1622300413093523
               0.5078125     -0.1293471194559271     -0.1293471194559271
               0.5859375    -0.09224109812507424    -0.09224109812507436
               0.6640625    -0.06136545132203636    -0.06136545132203647
               0.7421875    -0.03980680592877276    -0.03980680592877275
               0.8203125    -0.02624578402108838    -0.02624578402108834
               0.8984375    -0.01810572226456533    -0.01810572226456537
               0.9765625    -0.01319709053608778    -0.01319709053608781
               1.0546875    -0.01010025505942459    -0.01010025505942443
               1.1328125   -0.008013815811688065   -0.008013815811687797
               1.2109375   -0.006516359697843971   -0.006516359697843794
               1.2890625   -0.005389335950121738   -0.005389335950121648
               1.3671875   -0.004514103447378598    -0.00451410344737865
               1.4453125   -0.003820281041242157   -0.003820281041242276
               1.5234375    -0.00326207553273785   -0.003262075532737971
               1.6015625   -0.002807621007550986   -0.002807621007551154
               1.6796875   -0.002433827065485245   -0.002433827065485355
               1.7578125   -0.002123551137257215   -0.002123551137257257
               1.8359375   -0.001863852497192108   -0.001863852497192196
               1.9140625    -0.00164483122907949   -0.001644831229079603
               1.9921875   -0.001458824926574744   -0.001458824926574815
               2.0703125   -0.001299840017215088   -0.001299840017215128
               2.1484375   -0.001163142633038746   -0.001163142633038791
               2.2265625   -0.001044960219331726   -0.001044960219331797
               2.3046875  -0.0009422612877747421  -0.0009422612877748328
               2.3828125  -0.0008525909845844172  -0.0008525909845844837
               2.4609375  -0.0007739470843665743  -0.0007739470843665934
               2.5390625   -0.000704685536908905  -0.0007046855369089026
               2.6171875  -0.0006434478887462819  -0.0006434478887463021
               2.6953125  -0.0005891050419530108  -0.0005891050419530794
               2.7734375  -0.0005407133140596879  -0.0005407133140597716
               2.8515625  -0.0004974798702859348  -0.0004974798702860151
               2.9296875  -0.0004587353199774964   -0.000458735319977571
               3.0078125  -0.0004239118654962747  -0.0004239118654963226
               3.0859375  -0.0003925257609555209  -0.0003925257609555325
               3.1640625  -0.0003641631416200473  -0.0003641631416200325
               3.2421875  -0.0003384685292338254  -0.0003384685292337902
               3.3203125  -0.0003151354431776934  -0.0003151354431776397
               3.3984375   -0.000293898696291614    -0.00029389869629156
               3.4765625  -0.0002745280489353449  -0.0002745280489352989
               3.5546875  -0.0002568229529223398  -0.0002568229529222954
               3.6328125  -0.0002406081751132066  -0.0002406081751131678
               3.7109375  -0.0002257301513918904  -0.0002257301513918598
               3.7890625  -0.0002120539172948276  -0.0002120539172948052
               3.8671875  -0.0001994605388114142  -0.0001994605388114106
               3.9453125  -0.0001878449307043345  -0.0001878449307043561
               4.0234375  -0.0001771140084345228  -0.0001771140084345532
               4.1015625  -0.0001671851267915405  -0.0001671851267915678
               4.1796875  -0.0001579847322678528  -0.0001579847322678796
               4.2578125  -0.0001494472182068528  -0.0001494472182068739
               4.3359375  -0.0001415139472769392  -0.0001415139472769492
               4.4140625  -0.0001341323911135755  -0.0001341323911135824
               4.4921875  -0.0001272554141712926  -0.0001272554141712938
               4.5703125  -0.0001208406257480657  -0.0001208406257480464
               4.6484375    -0.00011484984293143  -0.0001148498429313882
               4.7265625  -0.0001092486030282967  -0.0001092486030282426
               4.8046875  -0.0001040057518193836  -0.0001040057518193378
               4.8828125  -9.909307877800419e-05  -9.909307877797931e-05
               4.9609375  -9.448499500008691e-05  -9.448499500007892e-05
               5.0390625  -9.015825636903101e-05   -9.01582563690343e-05
               5.1171875  -8.609171395996423e-05  -8.609171395996867e-05
               5.1953125  -8.226609952453261e-05  -8.226609952453667e-05
               5.2734375   -7.86638320546636e-05  -7.866383205468796e-05
               5.3515625  -7.526884611839765e-05   -7.52688461184399e-05
               5.4296875  -7.206644453951368e-05  -7.206644453955347e-05
               5.5078125  -6.904316331805425e-05  -6.904316331807407e-05
               5.5859375  -6.618665301357281e-05  -6.618665301356353e-05
               5.6640625  -6.348556908274208e-05  -6.348556908272352e-05
               5.7421875  -6.092948471963835e-05  -6.092948471962877e-05
               5.8203125  -5.850879726014375e-05  -5.850879726014731e-05
               5.8984375   -5.62146604565459e-05  -5.621466045655459e-05
               5.9765625  -5.403891077938001e-05  -5.403891077937934e-05
               6.0546875  -5.197400858437845e-05  -5.197400858435196e-05
               6.1328125  -5.001298482670769e-05   -5.00129848266563e-05
               6.2109375  -4.814938814907458e-05  -4.814938814901955e-05
               6.2890625   -4.63772416875955e-05    -4.6377241687554e-05
               6.3671875  -4.469100546876522e-05  -4.469100546874251e-05
               6.4453125   -4.30855341681862e-05  -4.308553416817368e-05
               6.5234375  -4.155605168256522e-05  -4.155605168255499e-05
               6.6015625   -4.00981130693139e-05      -4.00981130693e-05
               6.6796875  -3.870758529598366e-05  -3.870758529596556e-05
               6.7578125  -3.738061504909639e-05  -3.738061504908437e-05
               6.8359375  -3.611361366262293e-05  -3.611361366262709e-05
               6.9140625  -3.490323039645485e-05  -3.490323039646707e-05
               6.9921875  -3.374633862937876e-05  -3.374633862938714e-05
               7.0703125  -3.264001454091656e-05  -3.264001454091858e-05
               7.1484375  -3.158152561070457e-05  -3.158152561070254e-05
               7.2265625    -3.0568314900156e-05  -3.056831490015349e-05
               7.3046875  -2.959798587056816e-05  -2.959798587056069e-05
               7.3828125  -2.866829460242983e-05  -2.866829460241933e-05
               7.4609375   -2.77771348528431e-05  -2.777713485284101e-05
               7.5390625  -2.692253217075784e-05  -2.692253217076904e-05
               7.6171875  -2.610263000099711e-05  -2.610263000101954e-05
               7.6953125  -2.531568567803123e-05  -2.531568567805779e-05
               7.7734375  -2.456005873079078e-05  -2.456005873081157e-05
               7.8515625  -2.383420777488075e-05  -2.383420777488945e-05
               7.9296875  -2.313667918120978e-05   -2.31366791812099e-05
               8.0078125  -2.246610609952392e-05  -2.246610609952263e-05
               8.0859375   -2.18211984666686e-05  -2.182119846667158e-05
               8.1640625  -2.120073976058486e-05  -2.120073976059535e-05
               8.2421875  -2.060358246821468e-05  -2.060358246823114e-05
               8.3203125  -2.002864267368592e-05   -2.00286426737066e-05
               8.3984375  -1.947489755579051e-05  -1.947489755581285e-05
               8.4765625  -1.894137818474258e-05  -1.894137818476356e-05
               8.5546875  -1.842716988261846e-05  -1.842716988263638e-05
               8.6328125  -1.793140764773435e-05  -1.793140764775116e-05
               8.7109375  -1.745327055392358e-05  -1.745327055394055e-05
               8.7890625  -1.699198252254951e-05  -1.699198252256244e-05
               8.8671875   -1.65468085578365e-05  -1.654680855784298e-05
               8.9453125  -1.611705039160112e-05  -1.611705039160318e-05
               9.0234375  -1.570204704886512e-05  -1.570204704886421e-05
               9.1015625   -1.53011696195813e-05  -1.530116961957748e-05
               9.1796875   -1.49138234980538e-05  -1.491382349804877e-05
               9.2578125  -1.453944151558539e-05   -1.45394415155834e-05
               9.3359375  -1.417748688163325e-05  -1.417748688163751e-05
               9.4140625  -1.382744677140128e-05  -1.382744677141007e-05
               9.4921875  -1.348883664164446e-05  -1.348883664165458e-05
               9.5703125  -1.316119186915086e-05  -1.316119186915771e-05
               9.6484375  -1.284407365909825e-05  -1.284407365909738e-05
               9.7265625  -1.253706155244995e-05  -1.253706155243885e-05
               9.8046875  -1.223975806663922e-05  -1.223975806661762e-05
               9.8828125  -1.195177918461035e-05  -1.195177918458512e-05
               9.9609375  -1.167276527988039e-05  -1.167276527986125e-05
              10.0390625  -1.140236915251444e-05  -1.140236915250477e-05
              10.1171875  -1.114025968428117e-05  -1.114025968427757e-05
              10.1953125  -1.088612323818401e-05  -1.088612323818294e-05
              10.2734375  -1.063965774188471e-05   -1.06396577418851e-05
              10.3515625  -1.040057698275493e-05  -1.040057698275891e-05
              10.4296875  -1.016860596778714e-05  -1.016860596779498e-05
              10.5078125   -9.94348269275593e-06  -9.943482692763539e-06
              10.5859375  -9.724954981029924e-06  -9.724954981033883e-06
              10.6640625  -9.512784934545992e-06  -9.512784934548032e-06
              10.7421875  -9.306741804958418e-06   -9.30674180496137e-06
              10.8203125   -9.10660672290674e-06  -9.106606722910863e-06
              10.8984375  -8.912168953126558e-06  -8.912168953130612e-06
              10.9765625  -8.723227846481466e-06  -8.723227846483321e-06
              11.0546875   -8.53958912554894e-06  -8.539589125548601e-06
              11.1328125  -8.361069733204886e-06  -8.361069733202533e-06
              11.2109375  -8.187491591083595e-06  -8.187491591081335e-06
              11.2890625  -8.018685038049827e-06  -8.018685038051092e-06
              11.3671875  -7.854487107406583e-06  -7.854487107409196e-06
              11.4453125  -7.694741718110335e-06  -7.694741718110243e-06
              11.5234375  -7.539298667036589e-06  -7.539298667033599e-06
              11.6015625  -7.388015499606905e-06  -7.388015499604527e-06
              11.6796875  -7.240751801597717e-06  -7.240751801599464e-06
              11.7578125  -7.097376997249067e-06  -7.097376997258581e-06
              11.8359375  -6.957762084530467e-06  -6.957762084546588e-06
              11.9140625   -6.82178580133401e-06  -6.821785801350517e-06
              11.9921875  -6.689329467703578e-06  -6.689329467717019e-06
              12.0703125  -6.560280819100134e-06  -6.560280819110209e-06
              12.1484375  -6.434529337877427e-06  -6.434529337885602e-06
              12.2265625  -6.311972004317185e-06  -6.311972004323585e-06
              12.3046875   -6.19250699384201e-06  -6.192506993846766e-06
              12.3828125  -6.076038016086255e-06  -6.076038016091452e-06
              12.4609375  -5.962471094808015e-06  -5.962471094814769e-06
              12.5390625  -5.851716779730712e-06  -5.851716779737173e-06
              12.6171875  -5.743689309482649e-06  -5.743689309486779e-06
              12.6953125  -5.638303622174119e-06   -5.63830362217643e-06
              12.7734375  -5.535481620493465e-06  -5.535481620495599e-06
              12.8515625  -5.435144246213462e-06  -5.435144246215917e-06
              12.9296875   -5.33721702559202e-06  -5.337217025592923e-06
              13.0078125  -5.241629280242254e-06  -5.241629280241094e-06
              13.0859375  -5.148310236705752e-06  -5.148310236704941e-06
              13.1640625  -5.057193187408379e-06  -5.057193187408945e-06
              13.2421875  -4.968213764690781e-06  -4.968213764692823e-06
              13.3203125  -4.881309154751162e-06  -4.881309154754675e-06
              13.3984375  -4.796420151329372e-06  -4.796420151333387e-06
              13.4765625  -4.713487768211111e-06  -4.713487768214929e-06
              13.5546875  -4.632455534622569e-06  -4.632455534625104e-06
              13.6328125   -4.55327084431682e-06  -4.553270844317192e-06
              13.7109375  -4.475880391821581e-06  -4.475880391820761e-06
              13.7890625  -4.400233647286856e-06  -4.400233647287307e-06
              13.8671875  -4.326281833116168e-06  -4.326281833118934e-06
              13.9453125  -4.253978097273223e-06  -4.253978097276101e-06
              14.0234375  -4.183277462208625e-06  -4.183277462210107e-06
              14.1015625  -4.114134138345199e-06  -4.114134138345601e-06
              14.1796875  -4.046507162837529e-06  -4.046507162838484e-06
              14.2578125  -3.980353962791128e-06  -3.980353962793267e-06
              14.3359375   -3.91563502836152e-06  -3.915635028364698e-06
              14.4140625  -3.852311520783412e-06  -3.852311520788035e-06
              14.4921875  -3.790346885852872e-06  -3.790346885858131e-06
              14.5703125  -3.729703269402882e-06  -3.729703269408071e-06
              14.6484375  -3.670346925900838e-06    -3.6703469259053e-06
              14.7265625  -3.612242989604256e-06   -3.61224298960575e-06
              14.8046875  -3.555359695397868e-06  -3.555359695394839e-06
              14.8828125  -3.499662425711808e-06  -3.499662425704158e-06
              14.9609375  -3.445124575111069e-06  -3.445124575102292e-06
              15.0390625  -3.391712607681613e-06  -3.391712607677552e-06
              15.1171875  -3.339398547480411e-06  -3.339398547483626e-06
              15.1953125  -3.288155469298631e-06  -3.288155469307355e-06
              15.2734375  -3.237955562576392e-06  -3.237955562585565e-06
              15.3515625   -3.18877246233963e-06  -3.188772462344872e-06
              15.4296875  -3.140580030871301e-06  -3.140580030871615e-06
              15.5078125  -3.093354469221849e-06  -3.093354469218749e-06
              15.5859375  -3.047070730385942e-06   -3.04707073038165e-06
              15.6640625  -3.001706280021002e-06  -3.001706280016215e-06
              15.7421875  -2.957238482850107e-06  -2.957238482844559e-06
              15.8203125  -2.913643854240815e-06  -2.913643854233707e-06
              15.8984375  -2.870903263924005e-06  -2.870903263914569e-06
              15.9765625    -2.8289933973912e-06  -2.828993397381761e-06
              16.0546875  -2.787896202095491e-06   -2.78789620208827e-06
              16.1328125  -2.747590839228086e-06  -2.747590839222929e-06
              16.2109375  -2.708058626235599e-06  -2.708058626231197e-06
              16.2890625  -2.669281619089536e-06  -2.669281619084293e-06
              16.3671875   -2.63124045957808e-06  -2.631240459571479e-06
              16.4453125  -2.593918859766557e-06   -2.59391885975992e-06
              16.5234375  -2.557299335269838e-06  -2.557299335265138e-06
              16.6015625  -2.521365785449777e-06  -2.521365785446711e-06
              16.6796875  -2.486102298727935e-06  -2.486102298724683e-06
              16.7578125  -2.451493847178384e-06   -2.45149384717379e-06
              16.8359375  -2.417523426421922e-06  -2.417523426416892e-06
              16.9140625  -2.384178432764307e-06  -2.384178432761256e-06
              16.9921875  -2.351443787206471e-06  -2.351443787207071e-06
              17.0703125  -2.319305695851331e-06  -2.319305695855467e-06
              17.1484375  -2.287750700697824e-06  -2.287750700704779e-06
              17.2265625   -2.25676613807836e-06    -2.2567661380868e-06
              17.3046875  -2.226337986183248e-06  -2.226337986189952e-06
              17.3828125  -2.196455120239255e-06  -2.196455120241607e-06
              17.4609375   -2.16710410124102e-06   -2.16710410123743e-06
              17.5390625  -2.138274602602567e-06  -2.138274602593663e-06
              17.6171875  -2.109954677946937e-06  -2.109954677934735e-06
              17.6953125  -2.082132164311865e-06  -2.082132164298379e-06
              17.7734375  -2.054796572446158e-06  -2.054796572433478e-06
              17.8515625  -2.027938380840039e-06  -2.027938380829389e-06
              17.9296875  -2.001545473151168e-06  -2.001545473143406e-06
              18.0078125  -1.975608807104942e-06  -1.975608807100171e-06
              18.0859375  -1.950118411898802e-06  -1.950118411895906e-06
              18.1640625  -1.925064284401057e-06  -1.925064284398579e-06
              18.2421875  -1.900437647353233e-06  -1.900437647350668e-06
              18.3203125  -1.876227939195562e-06  -1.876227939191875e-06
              18.3984375  -1.852429083158152e-06  -1.852429083152844e-06
              18.4765625  -1.829029712949116e-06  -1.829029712942696e-06
              18.5546875  -1.806023635400748e-06  -1.806023635393815e-06
              18.6328125  -1.783400063171523e-06  -1.783400063164249e-06
              18.7109375  -1.761155511528541e-06  -1.761155511521228e-06
              18.7890625  -1.739273467640534e-06  -1.739273467634163e-06
              18.8671875  -1.717765907255711e-06  -1.717765907251022e-06
              18.9453125  -1.696580580733416e-06  -1.696580580731373e-06
              19.0234375  -1.675811363840711e-06  -1.675811363841689e-06
              19.1015625   -1.65522574670911e-06  -1.655225746711766e-06
              19.1796875  -1.635319815282306e-06  -1.635319815284422e-06
              19.2578125  -1.614964795319766e-06  -1.614964795320335e-06
              19.3359375  -1.596657134008184e-06  -1.596657134007899e-06
              19.4140625  -1.574808257825784e-06  -1.574808257825452e-06
              19.4921875   -1.56186976207853e-06  -1.561869762077792e-06
              19.5703125  -1.530047919658057e-06  -1.530047919656497e-06
              19.6484375  -1.541158043884607e-06  -1.541158043881227e-06
              19.7265625  -1.457229420469762e-06  -1.457229420463455e-06
              19.8046875  -1.592293164446632e-06  -1.592293164439019e-06
              19.8828125  -1.266185166208729e-06  -1.266185166205291e-06
              19.9609375  -1.809829513863205e-06  -1.809829513862663e-06
              20.0390625                       0                       0
              20.1171875                       0                       0
              20.1953125                       0                       0
              20.2734375                       0                       0
