# File created on Tue Jul  7 16:46:48 2026
# Data for Inflation GW initial data initial data at coord time 0 and central proper time 0
# Evolved with (264,10,9) gridpoints (including 4 ghosts)
# Evolution with geodesic slicing and constant shift shift condition 
# data for phi = 3.14159
#              r           theta                 Ham
#===============================================================
       0.0390625      0.78539816     0.02520571232173888
       0.0390625       2.3561945      0.0252057123217389

       0.1171875      0.78539816     -0.0225512716148411
       0.1171875       2.3561945    -0.02255127161484111

       0.1953125      0.78539816    -0.09309703101172773
       0.1953125       2.3561945    -0.09309703101172769

       0.2734375      0.78539816       -0.15098438338991
       0.2734375       2.3561945       -0.15098438338991

       0.3515625      0.78539816     -0.1742455099261732
       0.3515625       2.3561945     -0.1742455099261732

       0.4296875      0.78539816     -0.1622300413093523
       0.4296875       2.3561945     -0.1622300413093523

       0.5078125      0.78539816     -0.1293471194559271
       0.5078125       2.3561945     -0.1293471194559272

       0.5859375      0.78539816    -0.09224109812507428
       0.5859375       2.3561945    -0.09224109812507444

       0.6640625      0.78539816    -0.06136545132203639
       0.6640625       2.3561945    -0.06136545132203655

       0.7421875      0.78539816    -0.03980680592877276
       0.7421875       2.3561945    -0.03980680592877275

       0.8203125      0.78539816    -0.02624578402108837
       0.8203125       2.3561945    -0.02624578402108831

       0.8984375      0.78539816    -0.01810572226456534
       0.8984375       2.3561945    -0.01810572226456541

       0.9765625      0.78539816    -0.01319709053608779
       0.9765625       2.3561945    -0.01319709053608784

       1.0546875      0.78539816    -0.01010025505942455
       1.0546875       2.3561945     -0.0101002550594243

       1.1328125      0.78539816   -0.008013815811687995
       1.1328125       2.3561945   -0.008013815811687598

       1.2109375      0.78539816   -0.006516359697843926
       1.2109375       2.3561945   -0.006516359697843663

       1.2890625      0.78539816   -0.005389335950121715
       1.2890625       2.3561945   -0.005389335950121581

       1.3671875      0.78539816   -0.004514103447378611
       1.3671875       2.3561945    -0.00451410344737869

       1.4453125      0.78539816   -0.003820281041242188
       1.4453125       2.3561945   -0.003820281041242363

       1.5234375      0.78539816   -0.003262075532737881
       1.5234375       2.3561945   -0.003262075532738062

       1.6015625      0.78539816   -0.002807621007551029
       1.6015625       2.3561945   -0.002807621007551279

       1.6796875      0.78539816   -0.002433827065485273
       1.6796875       2.3561945   -0.002433827065485436

       1.7578125      0.78539816   -0.002123551137257226
       1.7578125       2.3561945   -0.002123551137257288

       1.8359375      0.78539816    -0.00186385249719213
       1.8359375       2.3561945   -0.001863852497192261

       1.9140625      0.78539816   -0.001644831229079519
       1.9140625       2.3561945   -0.001644831229079686

       1.9921875      0.78539816   -0.001458824926574762
       1.9921875       2.3561945   -0.001458824926574869

       2.0703125      0.78539816   -0.001299840017215098
       2.0703125       2.3561945   -0.001299840017215157

       2.1484375      0.78539816   -0.001163142633038757
       2.1484375       2.3561945   -0.001163142633038825

       2.2265625      0.78539816   -0.001044960219331744
       2.2265625       2.3561945   -0.001044960219331851

       2.3046875      0.78539816  -0.0009422612877747653
       2.3046875       2.3561945  -0.0009422612877749004

       2.3828125      0.78539816  -0.0008525909845844342
       2.3828125       2.3561945  -0.0008525909845845332

       2.4609375      0.78539816  -0.0007739470843665791
       2.4609375       2.3561945  -0.0007739470843666076

       2.5390625      0.78539816  -0.0007046855369089043
       2.5390625       2.3561945  -0.0007046855369089008

       2.6171875      0.78539816  -0.0006434478887462871
       2.6171875       2.3561945  -0.0006434478887463171

       2.6953125      0.78539816  -0.0005891050419530283
       2.6953125       2.3561945  -0.0005891050419531303

       2.7734375      0.78539816  -0.0005407133140597094
       2.7734375       2.3561945   -0.000540713314059834

       2.8515625      0.78539816  -0.0004974798702859554
       2.8515625       2.3561945  -0.0004974798702860749

       2.9296875      0.78539816  -0.0004587353199775155
       2.9296875       2.3561945  -0.0004587353199776265

       3.0078125      0.78539816   -0.000423911865496287
       3.0078125       2.3561945  -0.0004239118654963583

       3.0859375      0.78539816  -0.0003925257609555239
       3.0859375       2.3561945  -0.0003925257609555412

       3.1640625      0.78539816  -0.0003641631416200435
       3.1640625       2.3561945  -0.0003641631416200215

       3.2421875      0.78539816  -0.0003384685292338164
       3.2421875       2.3561945   -0.000338468529233764

       3.3203125      0.78539816  -0.0003151354431776796
       3.3203125       2.3561945  -0.0003151354431775997

       3.3984375      0.78539816  -0.0002938986962916002
       3.3984375       2.3561945  -0.0002938986962915198

       3.4765625      0.78539816  -0.0002745280489353332
       3.4765625       2.3561945  -0.0002745280489352645

       3.5546875      0.78539816  -0.0002568229529223284
       3.5546875       2.3561945  -0.0002568229529222624

       3.6328125      0.78539816  -0.0002406081751131967
       3.6328125       2.3561945  -0.0002406081751131389

       3.7109375      0.78539816  -0.0002257301513918826
       3.7109375       2.3561945  -0.0002257301513918371

       3.7890625      0.78539816  -0.0002120539172948218
       3.7890625       2.3561945  -0.0002120539172947885

       3.8671875      0.78539816  -0.0001994605388114133
       3.8671875       2.3561945  -0.0001994605388114079

       3.9453125      0.78539816    -0.00018784493070434
       3.9453125       2.3561945  -0.0001878449307043723

       4.0234375      0.78539816  -0.0001771140084345306
       4.0234375       2.3561945  -0.0001771140084345758

       4.1015625      0.78539816  -0.0001671851267915475
       4.1015625       2.3561945  -0.0001671851267915881

       4.1796875      0.78539816  -0.0001579847322678596
       4.1796875       2.3561945  -0.0001579847322678996

       4.2578125      0.78539816  -0.0001494472182068582
       4.2578125       2.3561945  -0.0001494472182068896

       4.3359375      0.78539816  -0.0001415139472769417
       4.3359375       2.3561945  -0.0001415139472769566

       4.4140625      0.78539816  -0.0001341323911135773
       4.4140625       2.3561945  -0.0001341323911135875

       4.4921875      0.78539816  -0.0001272554141712929
       4.4921875       2.3561945  -0.0001272554141712947

       4.5703125      0.78539816  -0.0001208406257480607
       4.5703125       2.3561945   -0.000120840625748032

       4.6484375      0.78539816  -0.0001148498429314193
       4.6484375       2.3561945  -0.0001148498429313571

       4.7265625      0.78539816  -0.0001092486030282828
       4.7265625       2.3561945  -0.0001092486030282024

       4.8046875      0.78539816  -0.0001040057518193718
       4.8046875       2.3561945  -0.0001040057518193037

       4.8828125      0.78539816  -9.909307877799782e-05
       4.8828125       2.3561945  -9.909307877796079e-05

       4.9609375      0.78539816  -9.448499500008486e-05
       4.9609375       2.3561945  -9.448499500007297e-05

       5.0390625      0.78539816  -9.015825636903185e-05
       5.0390625       2.3561945  -9.015825636903676e-05

       5.1171875      0.78539816  -8.609171395996537e-05
       5.1171875       2.3561945  -8.609171395997199e-05

       5.1953125      0.78539816  -8.226609952453365e-05
       5.1953125       2.3561945  -8.226609952453971e-05

       5.2734375      0.78539816  -7.866383205466984e-05
       5.2734375       2.3561945   -7.86638320547061e-05

       5.3515625      0.78539816  -7.526884611840845e-05
       5.3515625       2.3561945  -7.526884611847133e-05

       5.4296875      0.78539816  -7.206644453952386e-05
       5.4296875       2.3561945  -7.206644453958308e-05

       5.5078125      0.78539816  -6.904316331805932e-05
       5.5078125       2.3561945   -6.90431633180888e-05

       5.5859375      0.78539816  -6.618665301357044e-05
       5.5859375       2.3561945  -6.618665301355663e-05

       5.6640625      0.78539816  -6.348556908273733e-05
       5.6640625       2.3561945  -6.348556908270973e-05

       5.7421875      0.78539816  -6.092948471963589e-05
       5.7421875       2.3561945  -6.092948471962164e-05

       5.8203125      0.78539816  -5.850879726014467e-05
       5.8203125       2.3561945  -5.850879726014996e-05

       5.8984375      0.78539816  -5.621466045654812e-05
       5.8984375       2.3561945  -5.621466045656106e-05

       5.9765625      0.78539816  -5.403891077937984e-05
       5.9765625       2.3561945  -5.403891077937884e-05

       6.0546875      0.78539816  -5.197400858437167e-05
       6.0546875       2.3561945  -5.197400858433225e-05

       6.1328125      0.78539816  -5.001298482669454e-05
       6.1328125       2.3561945  -5.001298482661804e-05

       6.2109375      0.78539816   -4.81493881490605e-05
       6.2109375       2.3561945  -4.814938814897858e-05

       6.2890625      0.78539816  -4.637724168758489e-05
       6.2890625       2.3561945  -4.637724168752312e-05

       6.3671875      0.78539816  -4.469100546875941e-05
       6.3671875       2.3561945   -4.46910054687256e-05

       6.4453125      0.78539816    -4.3085534168183e-05
       6.4453125       2.3561945  -4.308553416816437e-05

       6.5234375      0.78539816  -4.155605168256261e-05
       6.5234375       2.3561945  -4.155605168254737e-05

       6.6015625      0.78539816  -4.009811306931034e-05
       6.6015625       2.3561945  -4.009811306928966e-05

       6.6796875      0.78539816  -3.870758529597904e-05
       6.6796875       2.3561945  -3.870758529595208e-05

       6.7578125      0.78539816  -3.738061504909331e-05
       6.7578125       2.3561945  -3.738061504907544e-05

       6.8359375      0.78539816    -3.6113613662624e-05
       6.8359375       2.3561945  -3.611361366263019e-05

       6.9140625      0.78539816  -3.490323039645798e-05
       6.9140625       2.3561945  -3.490323039647616e-05

       6.9921875      0.78539816   -3.37463386293809e-05
       6.9921875       2.3561945  -3.374633862939339e-05

       7.0703125      0.78539816  -3.264001454091707e-05
       7.0703125       2.3561945  -3.264001454092008e-05

       7.1484375      0.78539816  -3.158152561070405e-05
       7.1484375       2.3561945  -3.158152561070104e-05

       7.2265625      0.78539816  -3.056831490015536e-05
       7.2265625       2.3561945  -3.056831490015163e-05

       7.3046875      0.78539816  -2.959798587056625e-05
       7.3046875       2.3561945  -2.959798587055513e-05

       7.3828125      0.78539816  -2.866829460242715e-05
       7.3828125       2.3561945  -2.866829460241151e-05

       7.4609375      0.78539816  -2.777713485284256e-05
       7.4609375       2.3561945  -2.777713485283945e-05

       7.5390625      0.78539816  -2.692253217076071e-05
       7.5390625       2.3561945  -2.692253217077737e-05

       7.6171875      0.78539816  -2.610263000100284e-05
       7.6171875       2.3561945  -2.610263000103624e-05

       7.6953125      0.78539816  -2.531568567803802e-05
       7.6953125       2.3561945  -2.531568567807756e-05

       7.7734375      0.78539816   -2.45600587307961e-05
       7.7734375       2.3561945  -2.456005873082704e-05

       7.8515625      0.78539816  -2.383420777488297e-05
       7.8515625       2.3561945  -2.383420777489592e-05

       7.9296875      0.78539816  -2.313667918120981e-05
       7.9296875       2.3561945     -2.313667918121e-05

       8.0078125      0.78539816  -2.246610609952359e-05
       8.0078125       2.3561945  -2.246610609952167e-05

       8.0859375      0.78539816  -2.182119846666936e-05
       8.0859375       2.3561945  -2.182119846667379e-05

       8.1640625      0.78539816  -2.120073976058754e-05
       8.1640625       2.3561945  -2.120073976060316e-05

       8.2421875      0.78539816  -2.060358246821889e-05
       8.2421875       2.3561945   -2.06035824682434e-05

       8.3203125      0.78539816  -2.002864267369121e-05
       8.3203125       2.3561945  -2.002864267372198e-05

       8.3984375      0.78539816  -1.947489755579622e-05
       8.3984375       2.3561945  -1.947489755582946e-05

       8.4765625      0.78539816  -1.894137818474795e-05
       8.4765625       2.3561945  -1.894137818477918e-05

       8.5546875      0.78539816  -1.842716988262304e-05
       8.5546875       2.3561945  -1.842716988264971e-05

       8.6328125      0.78539816  -1.793140764773865e-05
       8.6328125       2.3561945  -1.793140764776367e-05

       8.7109375      0.78539816  -1.745327055392792e-05
       8.7109375       2.3561945  -1.745327055395318e-05

       8.7890625      0.78539816  -1.699198252255282e-05
       8.7890625       2.3561945  -1.699198252257207e-05

       8.8671875      0.78539816  -1.654680855783816e-05
       8.8671875       2.3561945  -1.654680855784781e-05

       8.9453125      0.78539816  -1.611705039160165e-05
       8.9453125       2.3561945   -1.61170503916047e-05

       9.0234375      0.78539816  -1.570204704886488e-05
       9.0234375       2.3561945  -1.570204704886353e-05

       9.1015625      0.78539816  -1.530116961958033e-05
       9.1015625       2.3561945  -1.530116961957464e-05

       9.1796875      0.78539816  -1.491382349805251e-05
       9.1796875       2.3561945  -1.491382349804502e-05

       9.2578125      0.78539816  -1.453944151558488e-05
       9.2578125       2.3561945  -1.453944151558191e-05

       9.3359375      0.78539816  -1.417748688163434e-05
       9.3359375       2.3561945  -1.417748688164068e-05

       9.4140625      0.78539816  -1.382744677140353e-05
       9.4140625       2.3561945  -1.382744677141661e-05

       9.4921875      0.78539816  -1.348883664164705e-05
       9.4921875       2.3561945   -1.34888366416621e-05

       9.5703125      0.78539816  -1.316119186915262e-05
       9.5703125       2.3561945   -1.31611918691628e-05

       9.6484375      0.78539816  -1.284407365909803e-05
       9.6484375       2.3561945  -1.284407365909673e-05

       9.7265625      0.78539816  -1.253706155244711e-05
       9.7265625       2.3561945  -1.253706155243059e-05

       9.8046875      0.78539816  -1.223975806663369e-05
       9.8046875       2.3561945  -1.223975806660154e-05

       9.8828125      0.78539816   -1.19517791846039e-05
       9.8828125       2.3561945  -1.195177918456635e-05

       9.9609375      0.78539816  -1.167276527987549e-05
       9.9609375       2.3561945    -1.1672765279847e-05

       10.039062      0.78539816  -1.140236915251197e-05
       10.039062       2.3561945  -1.140236915249757e-05

       10.117188      0.78539816  -1.114025968428025e-05
       10.117188       2.3561945  -1.114025968427489e-05

       10.195312      0.78539816  -1.088612323818374e-05
       10.195312       2.3561945  -1.088612323818215e-05

       10.273438      0.78539816  -1.063965774188481e-05
       10.273438       2.3561945  -1.063965774188539e-05

       10.351562      0.78539816  -1.040057698275595e-05
       10.351562       2.3561945  -1.040057698276188e-05

       10.429688      0.78539816  -1.016860596778914e-05
       10.429688       2.3561945  -1.016860596780081e-05

       10.507812      0.78539816  -9.943482692757876e-06
       10.507812       2.3561945  -9.943482692769201e-06

       10.585938      0.78539816  -9.724954981030937e-06
       10.585938       2.3561945  -9.724954981036827e-06

       10.664062      0.78539816  -9.512784934546514e-06
       10.664062       2.3561945  -9.512784934549549e-06

       10.742188      0.78539816  -9.306741804959173e-06
       10.742188       2.3561945  -9.306741804963568e-06

       10.820312      0.78539816  -9.106606722907796e-06
       10.820312       2.3561945  -9.106606722913931e-06

       10.898438      0.78539816  -8.912168953127595e-06
       10.898438       2.3561945  -8.912168953133631e-06

       10.976562      0.78539816  -8.723227846481941e-06
       10.976562       2.3561945  -8.723227846484702e-06

       11.054688      0.78539816  -8.539589125548853e-06
       11.054688       2.3561945  -8.539589125548349e-06

       11.132812      0.78539816  -8.361069733204283e-06
       11.132812       2.3561945   -8.36106973320078e-06

       11.210938      0.78539816  -8.187491591083017e-06
       11.210938       2.3561945  -8.187491591079653e-06

       11.289062      0.78539816   -8.01868503805015e-06
       11.289062       2.3561945  -8.018685038052033e-06

       11.367188      0.78539816  -7.854487107407252e-06
       11.367188       2.3561945  -7.854487107411139e-06

       11.445312      0.78539816  -7.694741718110311e-06
       11.445312       2.3561945  -7.694741718110175e-06

       11.523438      0.78539816  -7.539298667035824e-06
       11.523438       2.3561945  -7.539298667031374e-06

       11.601562      0.78539816  -7.388015499606297e-06
       11.601562       2.3561945  -7.388015499602758e-06

       11.679688      0.78539816  -7.240751801598164e-06
       11.679688       2.3561945  -7.240751801600764e-06

       11.757812      0.78539816    -7.0973769972515e-06
       11.757812       2.3561945  -7.097376997265659e-06

       11.835938      0.78539816  -6.957762084534591e-06
       11.835938       2.3561945  -6.957762084558584e-06

       11.914062      0.78539816  -6.821785801338233e-06
       11.914062       2.3561945    -6.8217858013628e-06

       11.992188      0.78539816  -6.689329467707017e-06
       11.992188       2.3561945  -6.689329467727024e-06

       12.070312      0.78539816  -6.560280819102712e-06
       12.070312       2.3561945  -6.560280819117707e-06

       12.148438      0.78539816  -6.434529337879517e-06
       12.148438       2.3561945  -6.434529337891684e-06

       12.226562      0.78539816  -6.311972004318823e-06
       12.226562       2.3561945  -6.311972004328347e-06

       12.304688      0.78539816  -6.192506993843227e-06
       12.304688       2.3561945  -6.192506993850306e-06

       12.382812      0.78539816  -6.076038016087584e-06
       12.382812       2.3561945  -6.076038016095319e-06

       12.460938      0.78539816  -5.962471094809743e-06
       12.460938       2.3561945  -5.962471094819795e-06

       12.539062      0.78539816  -5.851716779732364e-06
       12.539062       2.3561945  -5.851716779741982e-06

       12.617188      0.78539816  -5.743689309483705e-06
       12.617188       2.3561945  -5.743689309489853e-06

       12.695312      0.78539816   -5.63830362217471e-06
       12.695312       2.3561945   -5.63830362217815e-06

       12.773438      0.78539816  -5.535481620494011e-06
       12.773438       2.3561945  -5.535481620497188e-06

       12.851562      0.78539816   -5.43514424621409e-06
       12.851562       2.3561945  -5.435144246217744e-06

       12.929688      0.78539816   -5.33721702559225e-06
       12.929688       2.3561945  -5.337217025593595e-06

       13.007812      0.78539816  -5.241629280241957e-06
       13.007812       2.3561945  -5.241629280240231e-06

       13.085938      0.78539816  -5.148310236705544e-06
       13.085938       2.3561945  -5.148310236704338e-06

       13.164062      0.78539816  -5.057193187408524e-06
       13.164062       2.3561945  -5.057193187409366e-06

       13.242188      0.78539816  -4.968213764691304e-06
       13.242188       2.3561945  -4.968213764694343e-06

       13.320312      0.78539816   -4.88130915475206e-06
       13.320312       2.3561945   -4.88130915475729e-06

       13.398438      0.78539816    -4.7964201513304e-06
       13.398438       2.3561945  -4.796420151336374e-06

       13.476562      0.78539816  -4.713487768212088e-06
       13.476562       2.3561945  -4.713487768217771e-06

       13.554688      0.78539816  -4.632455534623218e-06
       13.554688       2.3561945  -4.632455534626992e-06

       13.632812      0.78539816  -4.553270844316915e-06
       13.632812       2.3561945  -4.553270844317469e-06

       13.710938      0.78539816  -4.475880391821371e-06
       13.710938       2.3561945  -4.475880391820151e-06

       13.789062      0.78539816  -4.400233647286971e-06
       13.789062       2.3561945  -4.400233647287643e-06

       13.867188      0.78539816  -4.326281833116876e-06
       13.867188       2.3561945  -4.326281833120994e-06

       13.945312      0.78539816  -4.253978097273959e-06
       13.945312       2.3561945  -4.253978097278243e-06

       14.023438      0.78539816  -4.183277462209005e-06
       14.023438       2.3561945  -4.183277462211211e-06

       14.101562      0.78539816  -4.114134138345302e-06
       14.101562       2.3561945    -4.1141341383459e-06

       14.179688      0.78539816  -4.046507162837774e-06
       14.179688       2.3561945  -4.046507162839196e-06

       14.257812      0.78539816  -3.980353962791675e-06
       14.257812       2.3561945  -3.980353962794859e-06

       14.335938      0.78539816  -3.915635028362333e-06
       14.335938       2.3561945  -3.915635028367063e-06

       14.414062      0.78539816  -3.852311520784595e-06
       14.414062       2.3561945  -3.852311520791475e-06

       14.492188      0.78539816  -3.790346885854218e-06
       14.492188       2.3561945  -3.790346885862045e-06

       14.570312      0.78539816   -3.72970326940421e-06
       14.570312       2.3561945  -3.729703269411932e-06

       14.648438      0.78539816   -3.67034692590198e-06
       14.648438       2.3561945   -3.67034692590862e-06

       14.726562      0.78539816  -3.612242989604638e-06
       14.726562       2.3561945  -3.612242989606863e-06

       14.804688      0.78539816  -3.555359695397093e-06
       14.804688       2.3561945  -3.555359695392585e-06

       14.882812      0.78539816  -3.499662425709851e-06
       14.882812       2.3561945  -3.499662425698464e-06

       14.960938      0.78539816  -3.445124575108824e-06
       14.960938       2.3561945   -3.44512457509576e-06

       15.039062      0.78539816  -3.391712607680574e-06
       15.039062       2.3561945   -3.39171260767453e-06

       15.117188      0.78539816  -3.339398547481233e-06
       15.117188       2.3561945  -3.339398547486018e-06

       15.195312      0.78539816  -3.288155469300863e-06
       15.195312       2.3561945  -3.288155469313846e-06

       15.273438      0.78539816  -3.237955562578738e-06
       15.273438       2.3561945  -3.237955562592392e-06

       15.351562      0.78539816  -3.188772462340971e-06
       15.351562       2.3561945  -3.188772462348774e-06

       15.429688      0.78539816  -3.140580030871382e-06
       15.429688       2.3561945  -3.140580030871849e-06

       15.507812      0.78539816  -3.093354469221056e-06
       15.507812       2.3561945  -3.093354469216442e-06

       15.585938      0.78539816  -3.047070730384844e-06
       15.585938       2.3561945  -3.047070730378456e-06

       15.664062      0.78539816  -3.001706280019777e-06
       15.664062       2.3561945  -3.001706280012652e-06

       15.742188      0.78539816  -2.957238482848687e-06
       15.742188       2.3561945   -2.95723848284043e-06

       15.820312      0.78539816  -2.913643854238997e-06
       15.820312       2.3561945  -2.913643854228417e-06

       15.898438      0.78539816  -2.870903263921591e-06
       15.898438       2.3561945  -2.870903263907547e-06

       15.976562      0.78539816  -2.828993397388785e-06
       15.976562       2.3561945  -2.828993397374738e-06

       16.054688      0.78539816  -2.787896202093644e-06
       16.054688       2.3561945  -2.787896202082895e-06

       16.132812      0.78539816  -2.747590839226767e-06
       16.132812       2.3561945  -2.747590839219092e-06

       16.210938      0.78539816  -2.708058626234473e-06
       16.210938       2.3561945   -2.70805862622792e-06

       16.289062      0.78539816  -2.669281619088195e-06
       16.289062       2.3561945  -2.669281619080391e-06

       16.367188      0.78539816  -2.631240459576392e-06
       16.367188       2.3561945  -2.631240459566566e-06

       16.445312      0.78539816  -2.593918859764859e-06
       16.445312       2.3561945   -2.59391885975498e-06

       16.523438      0.78539816  -2.557299335268636e-06
       16.523438       2.3561945   -2.55729933526164e-06

       16.601562      0.78539816  -2.521365785448993e-06
       16.601562       2.3561945   -2.52136578544443e-06

       16.679688      0.78539816  -2.486102298727103e-06
       16.679688       2.3561945  -2.486102298722262e-06

       16.757812      0.78539816  -2.451493847177209e-06
       16.757812       2.3561945   -2.45149384717037e-06

       16.835938      0.78539816  -2.417523426420636e-06
       16.835938       2.3561945  -2.417523426413149e-06

       16.914062      0.78539816  -2.384178432763527e-06
       16.914062       2.3561945  -2.384178432758986e-06

       16.992188      0.78539816  -2.351443787206625e-06
       16.992188       2.3561945  -2.351443787207516e-06

       17.070312      0.78539816  -2.319305695852389e-06
       17.070312       2.3561945  -2.319305695858544e-06

       17.148438      0.78539816  -2.287750700699603e-06
       17.148438       2.3561945  -2.287750700709954e-06

       17.226562      0.78539816  -2.256766138080519e-06
       17.226562       2.3561945  -2.256766138093082e-06

       17.304688      0.78539816  -2.226337986184963e-06
       17.304688       2.3561945  -2.226337986194941e-06

       17.382812      0.78539816  -2.196455120239856e-06
       17.382812       2.3561945  -2.196455120243358e-06

       17.460938      0.78539816  -2.167104101240102e-06
       17.460938       2.3561945   -2.16710410123476e-06

       17.539062      0.78539816  -2.138274602600289e-06
       17.539062       2.3561945  -2.138274602587036e-06

       17.617188      0.78539816  -2.109954677943816e-06
       17.617188       2.3561945  -2.109954677925654e-06

       17.695312      0.78539816  -2.082132164308415e-06
       17.695312       2.3561945  -2.082132164288342e-06

       17.773438      0.78539816  -2.054796572442914e-06
       17.773438       2.3561945  -2.054796572424041e-06

       17.851562      0.78539816  -2.027938380837315e-06
       17.851562       2.3561945  -2.027938380821464e-06

       17.929688      0.78539816  -2.001545473149182e-06
       17.929688       2.3561945   -2.00154547313763e-06

       18.007812      0.78539816  -1.975608807103721e-06
       18.007812       2.3561945  -1.975608807096621e-06

       18.085938      0.78539816  -1.950118411898061e-06
       18.085938       2.3561945  -1.950118411893751e-06

       18.164062      0.78539816  -1.925064284400423e-06
       18.164062       2.3561945  -1.925064284396734e-06

       18.242188      0.78539816  -1.900437647352577e-06
       18.242188       2.3561945   -1.90043764734876e-06

       18.320312      0.78539816  -1.876227939194619e-06
       18.320312       2.3561945   -1.87622793918913e-06

       18.398438      0.78539816  -1.852429083156794e-06
       18.398438       2.3561945  -1.852429083148894e-06

       18.476562      0.78539816  -1.829029712947473e-06
       18.476562       2.3561945  -1.829029712937918e-06

       18.554688      0.78539816  -1.806023635398974e-06
       18.554688       2.3561945  -1.806023635388655e-06

       18.632812      0.78539816  -1.783400063169662e-06
       18.632812       2.3561945  -1.783400063158837e-06

       18.710938      0.78539816   -1.76115551152667e-06
       18.710938       2.3561945  -1.761155511515786e-06

       18.789062      0.78539816  -1.739273467638904e-06
       18.789062       2.3561945  -1.739273467629423e-06

       18.867188      0.78539816  -1.717765907254512e-06
       18.867188       2.3561945  -1.717765907247533e-06

       18.945312      0.78539816  -1.696580580732894e-06
       18.945312       2.3561945  -1.696580580729853e-06

       19.023438      0.78539816  -1.675811363840962e-06
       19.023438       2.3561945  -1.675811363842417e-06

       19.101562      0.78539816   -1.65522574670979e-06
       19.101562       2.3561945  -1.655225746713742e-06

       19.179688      0.78539816  -1.635319815282847e-06
       19.179688       2.3561945  -1.635319815285997e-06

       19.257812      0.78539816  -1.614964795319912e-06
       19.257812       2.3561945  -1.614964795320759e-06

       19.335938      0.78539816  -1.596657134008111e-06
       19.335938       2.3561945  -1.596657134007686e-06

       19.414062      0.78539816  -1.574808257825699e-06
       19.414062       2.3561945  -1.574808257825205e-06

       19.492188      0.78539816  -1.561869762078341e-06
       19.492188       2.3561945  -1.561869762077242e-06

       19.570312      0.78539816  -1.530047919657658e-06
       19.570312       2.3561945  -1.530047919655335e-06

       19.648438      0.78539816  -1.541158043883742e-06
       19.648438       2.3561945  -1.541158043878711e-06

       19.726562      0.78539816  -1.457229420468148e-06
       19.726562       2.3561945  -1.457229420458761e-06

       19.804688      0.78539816  -1.592293164444685e-06
       19.804688       2.3561945  -1.592293164433353e-06

       19.882812      0.78539816  -1.266185166207849e-06
       19.882812       2.3561945  -1.266185166202732e-06

       19.960938      0.78539816  -1.809829513863067e-06
       19.960938       2.3561945  -1.809829513862259e-06

       20.039062      0.78539816                       0
       20.039062       2.3561945                       0

       20.117188      0.78539816                       0
       20.117188       2.3561945                       0

       20.195312      0.78539816                       0
       20.195312       2.3561945                       0

       20.273438      0.78539816                       0
       20.273438       2.3561945                       0

