# File created on Wed Jul  8 11:31:12 2026
# ======================================== 
# = Running code assuming AXISYMMETRY    = 
# ======================================== 
# Data for Inflation GW initial data initial data at coord. time 0.0377973 and proper central time 0.0377973
# Evolved with (264,10,9) gridpoints (including 4 ghosts)
# Evolution with geodesic slicing and constant shift
# using eighth-order spatial differencing with 4 ghost zones 
# data 1 at theta = 0 and phi = 3.14159
# data 2 at theta = 1.5708 and phi = 3.14159
#                      r                     Ham                     Ham
#                               (     0,3.14159)        (1.5708,3.14159)
#========================================================================
     -0.1754557291666667      -5.998892003726481      -5.998892003726481
     -0.1253255208333333      -5.999444697118071      -5.999444697118071
           -0.0751953125      -5.999812799683716      -5.999812799683716
    -0.02506510416666667      -5.999996742981089      -5.999996742981089
     0.02506510416666667      -5.999996742981089      -5.999996742981089
            0.0751953125      -5.999812799683716      -5.999812799683716
      0.1253255208333333      -5.999444697118071      -5.999444697118071
      0.1754557291666667      -5.998892003726481      -5.998892003726481
            0.2255859375      -5.998154073132115      -5.998154073132115
      0.2757161458333334      -5.997230045289029      -5.997230045289029
      0.3258463541666667      -5.996118848012781      -5.996118848012781
            0.3759765625      -5.994819198889286      -5.994819198889286
      0.4261067708333334      -5.993329607559107      -5.993329607559107
      0.4762369791666667      -5.991648378373575      -5.991648378373575
            0.5263671875      -5.989773613418713      -5.989773613418713
      0.5764973958333334      -5.987703215902385      -5.987703215902384
      0.6266276041666667      -5.985434893899449      -5.985434893899448
            0.6767578125      -5.982966164449125      -5.982966164449125
      0.7268880208333334      -5.980294357998424      -5.980294357998424
      0.7770182291666667      -5.977416623184694      -5.977416623184694
            0.8271484375      -5.974329931949914      -5.974329931949914
      0.8772786458333334       -5.97103108497907      -5.971031084979069
      0.9274088541666667      -5.967516717453832      -5.967516717453832
            0.9775390625      -5.963783305113058      -5.963783305113058
       1.027669270833333      -5.959827170610589      -5.959827170610589
       1.077799479166667      -5.955644490160223      -5.955644490160223
            1.1279296875      -5.951231300458075      -5.951231300458075
       1.178059895833333      -5.946583505870985      -5.946583505870985
       1.228190104166667       -5.94169688588036       -5.94169688588036
            1.2783203125      -5.936567102769382      -5.936567102769382
       1.328450520833333      -5.931189709541335      -5.931189709541335
       1.378580729166667      -5.925560158057944      -5.925560158057944
            1.4287109375       -5.91967380738313      -5.919673807383131
       1.478841145833333      -5.913525932320161      -5.913525932320161
       1.528971354166667      -5.907111732129069      -5.907111732129069
            1.5791015625      -5.900426339409615      -5.900426339409616
       1.629231770833333       -5.89346482913628      -5.893464829136281
       1.679361979166667      -5.886222227830885      -5.886222227830885
            1.7294921875      -5.878693522858589      -5.878693522858589
       1.779622395833333      -5.870873671832349      -5.870873671832349
       1.829752604166667      -5.862757612110116      -5.862757612110116
            1.8798828125      -5.854340270371168      -5.854340270371168
       1.930013020833333      -5.845616572255289       -5.84561657225529
       1.980143229166667      -5.836581452049034      -5.836581452049035
            2.0302734375      -5.827229862405166      -5.827229862405167
       2.080403645833333      -5.817556784077909       -5.81755678407791
       2.130533854166667      -5.807557235659822      -5.807557235659822
            2.1806640625      -5.797226283304114      -5.797226283304115
       2.230794270833333      -5.786559050416439      -5.786559050416439
       2.280924479166667      -5.775550727301646      -5.775550727301647
            2.3310546875      -5.764196580749558      -5.764196580749558
       2.381184895833333      -5.752491963543516      -5.752491963543516
       2.431315104166667      -5.740432323878292      -5.740432323878292
            2.4814453125      -5.728013214670784      -5.728013214670785
       2.531575520833333      -5.715230302748772      -5.715230302748773
       2.581705729166667       -5.70207937790433      -5.702079377904331
            2.6318359375      -5.688556361795534      -5.688556361795535
       2.681966145833333      -5.674657316683775      -5.674657316683776
       2.732096354166667      -5.660378453991934      -5.660378453991935
            2.7822265625      -5.645716142670589       -5.64571614267059
       2.832356770833333       -5.63066691735776       -5.63066691735776
       2.882486979166667      -5.615227486320761      -5.615227486320761
            2.9326171875      -5.599394739167015      -5.599394739167016
       2.982747395833333      -5.583165754311034      -5.583165754311036
       3.032877604166667      -5.566537806187282      -5.566537806187283
            3.0830078125      -5.549508372196452      -5.549508372196455
       3.133138020833333      -5.532075139375603      -5.532075139375609
       3.183268229166667      -5.514236010780992      -5.514236010780996
            3.2333984375      -5.495989111573381      -5.495989111573389
       3.283528645833333      -5.477332794799382       -5.47733279479939
       3.333658854166667      -5.458265646856173      -5.458265646856182
            3.3837890625      -5.438786492634379      -5.438786492634389
       3.433919270833333      -5.418894400331304      -5.418894400331315
       3.484049479166667      -5.398588685926003      -5.398588685926015
            3.5341796875      -5.377868917311331      -5.377868917311345
       3.584309895833333       -5.35673491807678      -5.356734918076794
       3.634440104166667      -5.335186770937389      -5.335186770937403
            3.6845703125      -5.313224820802636      -5.313224820802654
       3.734700520833333      -5.290849677483761      -5.290849677483784
       3.784830729166667      -5.268062218034789      -5.268062218034814
            3.8349609375      -5.244863588724455      -5.244863588724476
       3.885091145833333      -5.221255206638967      -5.221255206638988
       3.935221354166667      -5.197238760911081      -5.197238760911104
            3.9853515625      -5.172816213577928      -5.172816213577955
       4.035481770833334       -5.14798980006658      -5.147989800066606
       4.085611979166667       -5.12276202930579      -5.122762029305819
            4.1357421875      -5.097135683469312      -5.097135683469347
       4.185872395833334      -5.071113817348185      -5.071113817348214
       4.236002604166667      -5.044699757358017      -5.044699757358044
            4.2861328125      -5.017897100181571      -5.017897100181592
       4.336263020833334      -4.990709711052316      -4.990709711052333
       4.386393229166667      -4.963141721682707       -4.96314172168273
            4.4365234375      -4.935197527839834      -4.935197527839859
       4.486653645833334        -4.9068817865781      -4.906881786578124
       4.536783854166667      -4.878199413130467      -4.878199413130496
            4.5869140625      -4.849155577466825      -4.849155577466853
       4.637044270833334       -4.81975570052759      -4.819755700527615
       4.687174479166667      -4.790005450136553      -4.790005450136571
            4.7373046875      -4.759910736603873      -4.759910736603894
       4.787434895833334      -4.729477708027067        -4.7294777080271
       4.837565104166667      -4.698712745297136      -4.698712745297171
            4.8876953125      -4.667622456821592      -4.667622456821626
       4.937825520833334      -4.636213672971144      -4.636213672971182
       4.987955729166667      -4.604493440262653      -4.604493440262692
            5.0380859375       -4.57246901528841      -4.572469015288453
       5.088216145833334      -4.540147858398461       -4.54014785839851
       5.138346354166667      -4.507537627154036       -4.50753762715407
            5.1884765625        -4.4746461695569      -4.474646169556933
       5.238606770833334      -4.441481517069474      -4.441481517069507
       5.288736979166667      -4.408051877437025      -4.408051877437062
            5.3388671875      -4.374365627322361      -4.374365627322399
       5.388997395833334      -4.340431304769105      -4.340431304769138
       5.439127604166667        -4.3062576014996      -4.306257601499635
            5.4892578125      -4.271853355066566      -4.271853355066603
       5.539388020833334      -4.237227540867043      -4.237227540867069
       5.589518229166667      -4.202389264031051      -4.202389264031068
            5.6396484375      -4.167347751201212      -4.167347751201227
       5.689778645833334      -4.132112342212243      -4.132112342212251
       5.739908854166667      -4.096692481685185      -4.096692481685202
            5.7900390625      -4.061097710549006       -4.06109771054903
       5.840169270833334      -4.025337657500969      -4.025337657500996
       5.890299479166667      -3.989422030421279      -3.989422030421286
            5.9404296875      -3.953360607751263      -3.953360607751259
       5.990559895833334      -3.917163229849704      -3.917163229849697
       6.040690104166667      -3.880839790340064      -3.880839790340049
            6.0908203125      -3.844400227458663      -3.844400227458654
       6.140950520833334      -3.807854515418829      -3.807854515418814
       6.191080729166667      -3.771212655800222      -3.771212655800214
            6.2412109375      -3.734484668977265      -3.734484668977246
       6.291341145833334      -3.697680585596684      -3.697680585596647
       6.341471354166667      -3.660810438116102      -3.660810438116068
            6.3916015625      -3.623884252415202      -3.623884252415173
       6.441731770833334      -3.586912039488725      -3.586912039488699
       6.491861979166667      -3.549903787234065       -3.54990378723403
            6.5419921875      -3.512869452340566      -3.512869452340536
       6.592122395833334      -3.475818952293894      -3.475818952293877
       6.642252604166667      -3.438762157502961      -3.438762157502922
            6.6923828125      -3.401708883557379      -3.401708883557339
       6.742513020833334      -3.364668883628887      -3.364668883628861
       6.792643229166667      -3.327651841019244       -3.32765184101923
            6.8427734375      -3.290667361868548      -3.290667361868553
       6.892903645833334      -3.253724968027234       -3.25372496802724
       6.943033854166667      -3.216834090100918      -3.216834090100914
            6.9931640625      -3.180004060677378      -3.180004060677371
       7.043294270833334      -3.143244107736879      -3.143244107736852
       7.093424479166667      -3.106563348258282       -3.10656334825824
            7.1435546875      -3.069970782021526      -3.069970782021476
       7.193684895833334      -3.033475285614772      -3.033475285614695
       7.243815104166667      -2.997085606651674      -2.997085606651611
            7.2939453125      -2.960810358200448      -2.960810358200399
       7.344075520833334       -2.92465801343193       -2.92465801343187
       7.394205729166667      -2.888636900488796      -2.888636900488732
            7.4443359375      -2.852755197579396      -2.852755197579339
       7.494466145833334      -2.817020928300215      -2.817020928300164
       7.544596354166667        -2.7814419571879      -2.781441957187867
            7.5947265625      -2.746025985504627      -2.746025985504614
       7.644856770833334      -2.710780547257086      -2.710780547257055
       7.694986979166667      -2.675713005451037      -2.675713005450959
            7.7451171875      -2.640830548583419      -2.640830548583327
       7.795247395833334      -2.606140187370691        -2.6061401873706
       7.845377604166667      -2.571648751715303      -2.571648751715205
            7.8955078125      -2.537362887908225      -2.537362887908147
       7.945638020833334      -2.503289056069298      -2.503289056069234
       7.995768229166667      -2.469433527823408      -2.469433527823337
            8.0458984375      -2.435802384209758      -2.435802384209699
       8.096028645833334      -2.402401513826386      -2.402401513826322
       8.146158854166668      -2.369236611203775      -2.369236611203704
            8.1962890625      -2.336313175408201       -2.33631317540813
       8.246419270833334      -2.303636508871988      -2.303636508871917
       8.296549479166668      -2.271211716446107      -2.271211716446037
            8.3466796875      -2.239043704674791      -2.239043704674717
       8.396809895833334      -2.207137181285602      -2.207137181285521
       8.446940104166668       -2.17549665489429      -2.175496654894178
            8.4970703125      -2.144126434918821      -2.144126434918723
       8.547200520833334      -2.113030631698759      -2.113030631698696
       8.597330729166668      -2.082213156816411      -2.082213156816354
            8.6474609375      -2.051677723613614       -2.05167772361358
       8.697591145833334      -2.021427847901541      -2.021427847901529
       8.747721354166668      -1.991466848856828      -1.991466848856809
            8.7978515625      -1.961797850099348      -1.961797850099354
       8.847981770833334      -1.932423780947734      -1.932423780947771
       8.898111979166668      -1.903347377844872      -1.903347377844908
            8.9482421875       -1.87457118594896       -1.87457118594899
       8.998372395833334      -1.846097560886332      -1.846097560886323
       9.048502604166668      -1.817928670656183       -1.81792867065617
            9.0986328125      -1.790066497685234      -1.790066497685234
       9.148763020833334      -1.762512841024471      -1.762512841024487
       9.198893229166668      -1.735269318681232      -1.735269318681262
            9.2490234375      -1.708337370083149      -1.708337370083171
       9.299153645833334      -1.681718258665017      -1.681718258665038
       9.349283854166668      -1.655413074574291      -1.655413074574302
            9.3994140625      -1.629422737487845      -1.629422737487829
       9.449544270833334      -1.603747999534475      -1.603747999534466
       9.499674479166668      -1.578389448317089      -1.578389448317079
            9.5498046875      -1.553347510027354      -1.553347510027324
       9.599934895833334      -1.528622452648076      -1.528622452648063
       9.650065104166668      -1.504214389235517      -1.504214389235521
            9.7001953125       -1.48012328127686      -1.480123281276897
       9.750325520833334      -1.456348942116666      -1.456348942116623
       9.800455729166668      -1.432891040444799      -1.432891040444696
            9.8505859375      -1.409749103842178      -1.409749103842112
       9.900716145833334       -1.38692252237677      -1.386922522376695
       9.950846354166668      -1.364410552244409      -1.364410552244264
           10.0009765625      -1.342212319448972      -1.342212319448851
       10.05110677083333      -1.320326823516939      -1.320326823516845
       10.10123697916667      -1.298752941239239      -1.298752941239083
           10.1513671875      -1.277489430435743      -1.277489430435622
       10.20149739583333      -1.256534933738871      -1.256534933738765
       10.25162760416667      -1.235887982387916      -1.235887982387819
           10.3017578125       -1.21554700003133      -1.215547000031253
       10.35188802083333      -1.195510306532027       -1.19551030653194
       10.40201822916667      -1.175776121769649      -1.175776121769535
           10.4521484375      -1.156342569436303      -1.156342569436181
       10.50227864583333      -1.137207680821537      -1.137207680821477
       10.55240885416667      -1.118369398580982      -1.118369398580906
           10.6025390625       -1.09982558048544      -1.099825580485323
       10.65266927083333      -1.081574003146444      -1.081574003146334
       10.70279947916667      -1.063612365713885      -1.063612365713814
           10.7529296875       -1.04593829354302      -1.045938293542968
       10.80305989583333      -1.028549341825772       -1.02854934182573
       10.85319010416667      -1.011442999184473      -1.011442999184451
           10.9033203125     -0.9946166912241732     -0.9946166912241401
       10.95345052083333     -0.9780677840402509     -0.9780677840402148
       11.00358072916667     -0.9617935876790339     -0.9617935876790495
           11.0537109375     -0.9457913595484767      -0.945791359548467
       11.10384114583333     -0.9300583077759578     -0.9300583077759219
       11.15397135416667     -0.9145915945112018      -0.914591594511198
           11.2041015625     -0.8993883391724234     -0.8993883391723428
       11.25423177083333      -0.884445621632594     -0.8844456216324841
       11.30436197916667     -0.8697604853452119     -0.8697604853451679
           11.3544921875     -0.8553299404058029     -0.8553299404057866
       11.40462239583333     -0.8411509665530359     -0.8411509665529762
       11.45475260416667     -0.8272205160913978     -0.8272205160913018
           11.5048828125     -0.8135355167799196     -0.8135355167798599
       11.55501302083333     -0.8000928745652841     -0.8000928745652481
       11.60514322916667     -0.7868894764735221     -0.7868894764734871
           11.6552734375     -0.7739221928330433     -0.7739221928330096
       11.70540364583333      -0.761187880991863     -0.7611878809917728
       11.75553385416667     -0.7486833848777388     -0.7486833848776155
           11.8056640625     -0.7364055451177961     -0.7364055451177314
       11.85579427083333     -0.7243511814964876     -0.7243511814965156
       11.90592447916667     -0.7125171467310685     -0.7125171467310598
           11.9560546875     -0.7009001959563497     -0.7009001959562906
       12.00618489583333     -0.6894973301776793     -0.6894973301776743
       12.05631510416667     -0.6783049231521169      -0.678304923152183
           12.1064453125      -0.667320961598292     -0.6673209615983613
       12.15657552083333     -0.6565393383648382     -0.6565393383648752
       12.20670572916667     -0.6459643768795956     -0.6459643768796004
           12.2568359375     -0.6355739842303564     -0.6355739842303403
       12.30696614583333     -0.6254129134511454     -0.6254129134511188
       12.35709635416667     -0.6153573250729854      -0.615357325072915
           12.4072265625     -0.6057076631169935     -0.6057076631169596
       12.45735677083333     -0.5956994444555012     -0.5956994444554453
       12.50748697916667     -0.5872366797217928     -0.5872366797216848
           12.5576171875      -0.575555014999948     -0.5755550149999167
       12.60774739583333     -0.5724541405548185     -0.5724541405548222
       12.65787760416667     -0.4771231599124331     -0.4771231599123562
           12.7080078125       -1.99690411619953        -1.9969041161994
       12.75813802083333      -12.34494087745435       -12.3449408774543
       12.80826822916667      -240.7879156786474      -240.7879156786474
           12.8583984375                       0                       0
       12.90852864583333                       0                       0
       12.95865885416667                       0                       0
           13.0087890625                       0                       0
