# File created on Wed Jul  8 11:31:12 2026
# Data for Inflation GW initial data initial data at coord time 0.0377973 and central proper time 0.0377973
# Evolved with (264,10,9) gridpoints (including 4 ghosts)
# Evolution with geodesic slicing and constant shift shift condition 
# data for phi = 3.14159
#              r           theta                 Ham
#===============================================================
     0.025065104      0.78539816      -5.999996742981089
     0.025065104       2.3561945      -5.999996742981089

     0.075195312      0.78539816      -5.999812799683716
     0.075195312       2.3561945      -5.999812799683716

      0.12532552      0.78539816      -5.999444697118071
      0.12532552       2.3561945      -5.999444697118071

      0.17545573      0.78539816      -5.998892003726481
      0.17545573       2.3561945      -5.998892003726481

      0.22558594      0.78539816      -5.998154073132115
      0.22558594       2.3561945      -5.998154073132115

      0.27571615      0.78539816      -5.997230045289029
      0.27571615       2.3561945      -5.997230045289029

      0.32584635      0.78539816      -5.996118848012781
      0.32584635       2.3561945      -5.996118848012781

      0.37597656      0.78539816      -5.994819198889286
      0.37597656       2.3561945      -5.994819198889286

      0.42610677      0.78539816      -5.993329607559107
      0.42610677       2.3561945      -5.993329607559107

      0.47623698      0.78539816      -5.991648378373575
      0.47623698       2.3561945      -5.991648378373575

      0.52636719      0.78539816      -5.989773613418713
      0.52636719       2.3561945      -5.989773613418712

       0.5764974      0.78539816      -5.987703215902385
       0.5764974       2.3561945      -5.987703215902384

       0.6266276      0.78539816      -5.985434893899449
       0.6266276       2.3561945      -5.985434893899448

      0.67675781      0.78539816      -5.982966164449125
      0.67675781       2.3561945      -5.982966164449125

      0.72688802      0.78539816      -5.980294357998424
      0.72688802       2.3561945      -5.980294357998424

      0.77701823      0.78539816      -5.977416623184694
      0.77701823       2.3561945      -5.977416623184694

      0.82714844      0.78539816      -5.974329931949914
      0.82714844       2.3561945      -5.974329931949914

      0.87727865      0.78539816       -5.97103108497907
      0.87727865       2.3561945      -5.971031084979069

      0.92740885      0.78539816      -5.967516717453832
      0.92740885       2.3561945      -5.967516717453832

      0.97753906      0.78539816      -5.963783305113058
      0.97753906       2.3561945      -5.963783305113058

       1.0276693      0.78539816      -5.959827170610589
       1.0276693       2.3561945      -5.959827170610589

       1.0777995      0.78539816      -5.955644490160223
       1.0777995       2.3561945      -5.955644490160223

       1.1279297      0.78539816      -5.951231300458075
       1.1279297       2.3561945      -5.951231300458075

       1.1780599      0.78539816      -5.946583505870985
       1.1780599       2.3561945      -5.946583505870985

       1.2281901      0.78539816       -5.94169688588036
       1.2281901       2.3561945       -5.94169688588036

       1.2783203      0.78539816      -5.936567102769382
       1.2783203       2.3561945      -5.936567102769382

       1.3284505      0.78539816      -5.931189709541335
       1.3284505       2.3561945      -5.931189709541335

       1.3785807      0.78539816      -5.925560158057944
       1.3785807       2.3561945      -5.925560158057944

       1.4287109      0.78539816       -5.91967380738313
       1.4287109       2.3561945      -5.919673807383131

       1.4788411      0.78539816      -5.913525932320161
       1.4788411       2.3561945      -5.913525932320161

       1.5289714      0.78539816      -5.907111732129069
       1.5289714       2.3561945       -5.90711173212907

       1.5791016      0.78539816      -5.900426339409615
       1.5791016       2.3561945      -5.900426339409616

       1.6292318      0.78539816       -5.89346482913628
       1.6292318       2.3561945      -5.893464829136281

        1.679362      0.78539816      -5.886222227830885
        1.679362       2.3561945      -5.886222227830886

       1.7294922      0.78539816      -5.878693522858589
       1.7294922       2.3561945      -5.878693522858589

       1.7796224      0.78539816      -5.870873671832349
       1.7796224       2.3561945       -5.87087367183235

       1.8297526      0.78539816      -5.862757612110116
       1.8297526       2.3561945      -5.862757612110117

       1.8798828      0.78539816      -5.854340270371168
       1.8798828       2.3561945      -5.854340270371169

        1.930013      0.78539816      -5.845616572255289
        1.930013       2.3561945       -5.84561657225529

       1.9801432      0.78539816      -5.836581452049034
       1.9801432       2.3561945      -5.836581452049035

       2.0302734      0.78539816      -5.827229862405166
       2.0302734       2.3561945      -5.827229862405167

       2.0804036      0.78539816      -5.817556784077909
       2.0804036       2.3561945      -5.817556784077911

       2.1305339      0.78539816      -5.807557235659822
       2.1305339       2.3561945      -5.807557235659823

       2.1806641      0.78539816      -5.797226283304114
       2.1806641       2.3561945      -5.797226283304115

       2.2307943      0.78539816      -5.786559050416439
       2.2307943       2.3561945       -5.78655905041644

       2.2809245      0.78539816      -5.775550727301646
       2.2809245       2.3561945      -5.775550727301647

       2.3310547      0.78539816      -5.764196580749558
       2.3310547       2.3561945      -5.764196580749558

       2.3811849      0.78539816      -5.752491963543516
       2.3811849       2.3561945      -5.752491963543516

       2.4313151      0.78539816      -5.740432323878292
       2.4313151       2.3561945      -5.740432323878292

       2.4814453      0.78539816      -5.728013214670784
       2.4814453       2.3561945      -5.728013214670785

       2.5315755      0.78539816      -5.715230302748772
       2.5315755       2.3561945      -5.715230302748774

       2.5817057      0.78539816       -5.70207937790433
       2.5817057       2.3561945      -5.702079377904332

       2.6318359      0.78539816      -5.688556361795534
       2.6318359       2.3561945      -5.688556361795536

       2.6819661      0.78539816      -5.674657316683775
       2.6819661       2.3561945      -5.674657316683776

       2.7320964      0.78539816      -5.660378453991934
       2.7320964       2.3561945      -5.660378453991936

       2.7822266      0.78539816      -5.645716142670589
       2.7822266       2.3561945       -5.64571614267059

       2.8323568      0.78539816       -5.63066691735776
       2.8323568       2.3561945       -5.63066691735776

        2.882487      0.78539816      -5.615227486320761
        2.882487       2.3561945      -5.615227486320762

       2.9326172      0.78539816      -5.599394739167015
       2.9326172       2.3561945      -5.599394739167017

       2.9827474      0.78539816      -5.583165754311034
       2.9827474       2.3561945      -5.583165754311037

       3.0328776      0.78539816      -5.566537806187282
       3.0328776       2.3561945      -5.566537806187284

       3.0830078      0.78539816      -5.549508372196453
       3.0830078       2.3561945      -5.549508372196458

        3.133138      0.78539816      -5.532075139375604
        3.133138       2.3561945      -5.532075139375613

       3.1832682      0.78539816      -5.514236010780992
       3.1832682       2.3561945         -5.514236010781

       3.2333984      0.78539816      -5.495989111573382
       3.2333984       2.3561945      -5.495989111573393

       3.2835286      0.78539816      -5.477332794799383
       3.2835286       2.3561945      -5.477332794799394

       3.3336589      0.78539816      -5.458265646856176
       3.3336589       2.3561945      -5.458265646856189

       3.3837891      0.78539816      -5.438786492634382
       3.3837891       2.3561945      -5.438786492634397

       3.4339193      0.78539816      -5.418894400331307
       3.4339193       2.3561945      -5.418894400331323

       3.4840495      0.78539816      -5.398588685926006
       3.4840495       2.3561945      -5.398588685926024

       3.5341797      0.78539816      -5.377868917311335
       3.5341797       2.3561945      -5.377868917311354

       3.5843099      0.78539816      -5.356734918076784
       3.5843099       2.3561945      -5.356734918076803

       3.6344401      0.78539816      -5.335186770937392
       3.6344401       2.3561945      -5.335186770937414

       3.6845703      0.78539816      -5.313224820802641
       3.6845703       2.3561945      -5.313224820802667

       3.7347005      0.78539816      -5.290849677483767
       3.7347005       2.3561945        -5.2908496774838

       3.7848307      0.78539816      -5.268062218034795
       3.7848307       2.3561945      -5.268062218034832

       3.8349609      0.78539816      -5.244863588724461
       3.8349609       2.3561945      -5.244863588724493

       3.8850911      0.78539816      -5.221255206638973
       3.8850911       2.3561945      -5.221255206639005

       3.9352214      0.78539816      -5.197238760911087
       3.9352214       2.3561945      -5.197238760911121

       3.9853516      0.78539816      -5.172816213577935
       3.9853516       2.3561945      -5.172816213577974

       4.0354818      0.78539816      -5.147989800066586
       4.0354818       2.3561945      -5.147989800066624

        4.085612      0.78539816      -5.122762029305797
        4.085612       2.3561945      -5.122762029305841

       4.1357422      0.78539816      -5.097135683469321
       4.1357422       2.3561945      -5.097135683469372

       4.1858724      0.78539816      -5.071113817348192
       4.1858724       2.3561945      -5.071113817348236

       4.2360026      0.78539816      -5.044699757358024
       4.2360026       2.3561945      -5.044699757358064

       4.2861328      0.78539816      -5.017897100181577
       4.2861328       2.3561945      -5.017897100181609

        4.336263      0.78539816      -4.990709711052321
        4.336263       2.3561945      -4.990709711052346

       4.3863932      0.78539816      -4.963141721682713
       4.3863932       2.3561945      -4.963141721682746

       4.4365234      0.78539816       -4.93519752783984
       4.4365234       2.3561945      -4.935197527839878

       4.4866536      0.78539816      -4.906881786578106
       4.4866536       2.3561945      -4.906881786578141

       4.5367839      0.78539816      -4.878199413130474
       4.5367839       2.3561945      -4.878199413130517

       4.5869141      0.78539816      -4.849155577466832
       4.5869141       2.3561945      -4.849155577466874

       4.6370443      0.78539816      -4.819755700527597
       4.6370443       2.3561945      -4.819755700527634

       4.6871745      0.78539816      -4.790005450136557
       4.6871745       2.3561945      -4.790005450136585

       4.7373047      0.78539816      -4.759910736603878
       4.7373047       2.3561945       -4.75991073660391

       4.7874349      0.78539816      -4.729477708027076
       4.7874349       2.3561945      -4.729477708027125

       4.8375651      0.78539816      -4.698712745297145
       4.8375651       2.3561945      -4.698712745297196

       4.8876953      0.78539816      -4.667622456821601
       4.8876953       2.3561945       -4.66762245682165

       4.9378255      0.78539816      -4.636213672971154
       4.9378255       2.3561945      -4.636213672971212

       4.9879557      0.78539816      -4.604493440262662
       4.9879557       2.3561945       -4.60449344026272

       5.0380859      0.78539816       -4.57246901528842
       5.0380859       2.3561945      -4.572469015288486

       5.0882161      0.78539816      -4.540147858398473
       5.0882161       2.3561945      -4.540147858398546

       5.1383464      0.78539816      -4.507537627154045
       5.1383464       2.3561945      -4.507537627154095

       5.1884766      0.78539816      -4.474646169556909
       5.1884766       2.3561945      -4.474646169556957

       5.2386068      0.78539816      -4.441481517069483
       5.2386068       2.3561945      -4.441481517069532

        5.288737      0.78539816      -4.408051877437035
        5.288737       2.3561945       -4.40805187743709

       5.3388672      0.78539816      -4.374365627322371
       5.3388672       2.3561945      -4.374365627322428

       5.3889974      0.78539816      -4.340431304769114
       5.3889974       2.3561945      -4.340431304769162

       5.4391276      0.78539816      -4.306257601499609
       5.4391276       2.3561945      -4.306257601499659

       5.4892578      0.78539816      -4.271853355066575
       5.4892578       2.3561945       -4.27185335506663

        5.539388      0.78539816      -4.237227540867049
        5.539388       2.3561945      -4.237227540867088

       5.5895182      0.78539816      -4.202389264031055
       5.5895182       2.3561945      -4.202389264031081

       5.6396484      0.78539816      -4.167347751201215
       5.6396484       2.3561945      -4.167347751201238

       5.6897786      0.78539816      -4.132112342212245
       5.6897786       2.3561945      -4.132112342212256

       5.7399089      0.78539816       -4.09669248168519
       5.7399089       2.3561945      -4.096692481685214

       5.7900391      0.78539816      -4.061097710549013
       5.7900391       2.3561945      -4.061097710549048

       5.8401693      0.78539816      -4.025337657500976
       5.8401693       2.3561945      -4.025337657501016

       5.8902995      0.78539816      -3.989422030421281
       5.8902995       2.3561945      -3.989422030421292

       5.9404297      0.78539816      -3.953360607751262
       5.9404297       2.3561945      -3.953360607751256

       5.9905599      0.78539816      -3.917163229849702
       5.9905599       2.3561945      -3.917163229849692

       6.0406901      0.78539816       -3.88083979034006
       6.0406901       2.3561945      -3.880839790340038

       6.0908203      0.78539816      -3.844400227458661
       6.0908203       2.3561945      -3.844400227458647

       6.1409505      0.78539816      -3.807854515418825
       6.1409505       2.3561945      -3.807854515418803

       6.1910807      0.78539816       -3.77121265580022
       6.1910807       2.3561945      -3.771212655800208

       6.2412109      0.78539816       -3.73448466897726
       6.2412109       2.3561945      -3.734484668977232

       6.2913411      0.78539816      -3.697680585596674
       6.2913411       2.3561945      -3.697680585596619

       6.3414714      0.78539816      -3.660810438116094
       6.3414714       2.3561945      -3.660810438116043

       6.3916016      0.78539816      -3.623884252415195
       6.3916016       2.3561945      -3.623884252415151

       6.4417318      0.78539816      -3.586912039488718
       6.4417318       2.3561945      -3.586912039488679

        6.491862      0.78539816      -3.549903787234056
        6.491862       2.3561945      -3.549903787234004

       6.5419922      0.78539816      -3.512869452340558
       6.5419922       2.3561945      -3.512869452340513

       6.5921224      0.78539816      -3.475818952293889
       6.5921224       2.3561945      -3.475818952293865

       6.6422526      0.78539816      -3.438762157502951
       6.6422526       2.3561945      -3.438762157502893

       6.6923828      0.78539816      -3.401708883557369
       6.6923828       2.3561945       -3.40170888355731

        6.742513      0.78539816      -3.364668883628881
        6.742513       2.3561945      -3.364668883628841

       6.7926432      0.78539816      -3.327651841019241
       6.7926432       2.3561945      -3.327651841019219

       6.8427734      0.78539816      -3.290667361868549
       6.8427734       2.3561945      -3.290667361868557

       6.8929036      0.78539816      -3.253724968027235
       6.8929036       2.3561945      -3.253724968027244

       6.9430339      0.78539816      -3.216834090100917
       6.9430339       2.3561945      -3.216834090100912

       6.9931641      0.78539816      -3.180004060677376
       6.9931641       2.3561945      -3.180004060677366

       7.0432943      0.78539816      -3.143244107736872
       7.0432943       2.3561945      -3.143244107736832

       7.0934245      0.78539816      -3.106563348258271
       7.0934245       2.3561945      -3.106563348258209

       7.1435547      0.78539816      -3.069970782021513
       7.1435547       2.3561945      -3.069970782021438

       7.1936849      0.78539816      -3.033475285614752
       7.1936849       2.3561945      -3.033475285614637

       7.2438151      0.78539816      -2.997085606651658
       7.2438151       2.3561945      -2.997085606651564

       7.2939453      0.78539816      -2.960810358200435
       7.2939453       2.3561945      -2.960810358200362

       7.3440755      0.78539816      -2.924658013431915
       7.3440755       2.3561945      -2.924658013431825

       7.3942057      0.78539816       -2.88863690048878
       7.3942057       2.3561945      -2.888636900488685

       7.4443359      0.78539816      -2.852755197579381
       7.4443359       2.3561945      -2.852755197579297

       7.4944661      0.78539816      -2.817020928300202
       7.4944661       2.3561945      -2.817020928300126

       7.5445964      0.78539816      -2.781441957187892
       7.5445964       2.3561945      -2.781441957187842

       7.5947266      0.78539816      -2.746025985504624
       7.5947266       2.3561945      -2.746025985504605

       7.6448568      0.78539816      -2.710780547257078
       7.6448568       2.3561945      -2.710780547257031

        7.694987      0.78539816      -2.675713005451017
        7.694987       2.3561945      -2.675713005450901

       7.7451172      0.78539816      -2.640830548583395
       7.7451172       2.3561945      -2.640830548583259

       7.7952474      0.78539816      -2.606140187370668
       7.7952474       2.3561945      -2.606140187370532

       7.8453776      0.78539816      -2.571648751715278
       7.8453776       2.3561945      -2.571648751715133

       7.8955078      0.78539816      -2.537362887908205
       7.8955078       2.3561945      -2.537362887908089

        7.945638      0.78539816      -2.503289056069281
        7.945638       2.3561945      -2.503289056069187

       7.9957682      0.78539816       -2.46943352782339
       7.9957682       2.3561945      -2.469433527823285

       8.0458984      0.78539816      -2.435802384209743
       8.0458984       2.3561945      -2.435802384209656

       8.0960286      0.78539816       -2.40240151382637
       8.0960286       2.3561945      -2.402401513826274

       8.1461589      0.78539816      -2.369236611203757
       8.1461589       2.3561945      -2.369236611203649

       8.1962891      0.78539816      -2.336313175408183
       8.1962891       2.3561945      -2.336313175408077

       8.2464193      0.78539816       -2.30363650887197
       8.2464193       2.3561945      -2.303636508871864

       8.2965495      0.78539816      -2.271211716446089
       8.2965495       2.3561945      -2.271211716445984

       8.3466797      0.78539816      -2.239043704674772
       8.3466797       2.3561945      -2.239043704674662

       8.3968099      0.78539816      -2.207137181285581
       8.3968099       2.3561945      -2.207137181285462

       8.4469401      0.78539816      -2.175496654894261
       8.4469401       2.3561945      -2.175496654894095

       8.4970703      0.78539816      -2.144126434918796
       8.4970703       2.3561945      -2.144126434918651

       8.5472005      0.78539816      -2.113030631698743
       8.5472005       2.3561945      -2.113030631698649

       8.5973307      0.78539816      -2.082213156816397
       8.5973307       2.3561945      -2.082213156816311

       8.6474609      0.78539816      -2.051677723613606
       8.6474609       2.3561945      -2.051677723613555

       8.6975911      0.78539816      -2.021427847901538
       8.6975911       2.3561945      -2.021427847901519

       8.7477214      0.78539816      -1.991466848856823
       8.7477214       2.3561945      -1.991466848856795

       8.7978516      0.78539816       -1.96179785009935
       8.7978516       2.3561945      -1.961797850099359

       8.8479818      0.78539816      -1.932423780947744
       8.8479818       2.3561945      -1.932423780947798

        8.898112      0.78539816      -1.903347377844882
        8.898112       2.3561945      -1.903347377844936

       8.9482422      0.78539816      -1.874571185948968
       8.9482422       2.3561945      -1.874571185949012

       8.9983724      0.78539816      -1.846097560886329
       8.9983724       2.3561945      -1.846097560886316

       9.0485026      0.78539816       -1.81792867065618
       9.0485026       2.3561945       -1.81792867065616

       9.0986328      0.78539816      -1.790066497685234
       9.0986328       2.3561945      -1.790066497685235

        9.148763      0.78539816      -1.762512841024475
        9.148763       2.3561945      -1.762512841024498

       9.1988932      0.78539816       -1.73526931868124
       9.1988932       2.3561945      -1.735269318681285

       9.2490234      0.78539816      -1.708337370083154
       9.2490234       2.3561945      -1.708337370083187

       9.2991536      0.78539816      -1.681718258665022
       9.2991536       2.3561945      -1.681718258665053

       9.3492839      0.78539816      -1.655413074574294
       9.3492839       2.3561945      -1.655413074574311

       9.3994141      0.78539816      -1.629422737487841
       9.3994141       2.3561945      -1.629422737487818

       9.4495443      0.78539816      -1.603747999534472
       9.4495443       2.3561945       -1.60374799953446

       9.4996745      0.78539816      -1.578389448317087
       9.4996745       2.3561945      -1.578389448317071

       9.5498047      0.78539816      -1.553347510027346
       9.5498047       2.3561945        -1.5533475100273

       9.5999349      0.78539816      -1.528622452648073
       9.5999349       2.3561945      -1.528622452648053

       9.6500651      0.78539816      -1.504214389235518
       9.6500651       2.3561945      -1.504214389235524

       9.7001953      0.78539816       -1.48012328127687
       9.7001953       2.3561945      -1.480123281276925

       9.7503255      0.78539816      -1.456348942116655
       9.7503255       2.3561945       -1.45634894211659

       9.8004557      0.78539816      -1.432891040444773
       9.8004557       2.3561945       -1.43289104044462

       9.8505859      0.78539816      -1.409749103842161
       9.8505859       2.3561945      -1.409749103842062

       9.9007161      0.78539816      -1.386922522376751
       9.9007161       2.3561945      -1.386922522376638

       9.9508464      0.78539816      -1.364410552244372
       9.9508464       2.3561945      -1.364410552244157

       10.000977      0.78539816      -1.342212319448941
       10.000977       2.3561945      -1.342212319448761

       10.051107      0.78539816      -1.320326823516915
       10.051107       2.3561945      -1.320326823516776

       10.101237      0.78539816      -1.298752941239199
       10.101237       2.3561945      -1.298752941238967

       10.151367      0.78539816      -1.277489430435712
       10.151367       2.3561945      -1.277489430435532

       10.201497      0.78539816      -1.256534933738844
       10.201497       2.3561945      -1.256534933738685

       10.251628      0.78539816      -1.235887982387891
       10.251628       2.3561945      -1.235887982387748

       10.301758      0.78539816       -1.21554700003131
       10.301758       2.3561945      -1.215547000031195

       10.351888      0.78539816      -1.195510306532005
       10.351888       2.3561945      -1.195510306531875

       10.402018      0.78539816       -1.17577612176962
       10.402018       2.3561945       -1.17577612176945

       10.452148      0.78539816      -1.156342569436271
       10.452148       2.3561945      -1.156342569436091

       10.502279      0.78539816      -1.137207680821521
       10.502279       2.3561945      -1.137207680821433

       10.552409      0.78539816      -1.118369398580963
       10.552409       2.3561945       -1.11836939858085

       10.602539      0.78539816       -1.09982558048541
       10.602539       2.3561945      -1.099825580485235

       10.652669      0.78539816      -1.081574003146416
       10.652669       2.3561945      -1.081574003146253

       10.702799      0.78539816      -1.063612365713867
       10.702799       2.3561945      -1.063612365713761

        10.75293      0.78539816      -1.045938293543007
        10.75293       2.3561945       -1.04593829354293

        10.80306      0.78539816      -1.028549341825761
        10.80306       2.3561945      -1.028549341825698

        10.85319      0.78539816      -1.011442999184468
        10.85319       2.3561945      -1.011442999184434

        10.90332      0.78539816     -0.9946166912241647
        10.90332       2.3561945     -0.9946166912241154

       10.953451      0.78539816     -0.9780677840402416
       10.953451       2.3561945     -0.9780677840401879

       11.003581      0.78539816     -0.9617935876790379
       11.003581       2.3561945     -0.9617935876790611

       11.053711      0.78539816     -0.9457913595484743
       11.053711       2.3561945     -0.9457913595484597

       11.103841      0.78539816     -0.9300583077759486
       11.103841       2.3561945     -0.9300583077758952

       11.153971      0.78539816     -0.9145915945112009
       11.153971       2.3561945     -0.9145915945111951

       11.204102      0.78539816     -0.8993883391724028
       11.204102       2.3561945     -0.8993883391722829

       11.254232      0.78539816     -0.8844456216325659
       11.254232       2.3561945     -0.8844456216324021

       11.304362      0.78539816     -0.8697604853452006
       11.304362       2.3561945     -0.8697604853451352

       11.354492      0.78539816     -0.8553299404057988
       11.354492       2.3561945     -0.8553299404057744

       11.404622      0.78539816     -0.8411509665530206
       11.404622       2.3561945     -0.8411509665529318

       11.454753      0.78539816     -0.8272205160913733
       11.454753       2.3561945     -0.8272205160912303

       11.504883      0.78539816     -0.8135355167799043
       11.504883       2.3561945     -0.8135355167798154

       11.555013      0.78539816     -0.8000928745652749
       11.555013       2.3561945     -0.8000928745652213

       11.605143      0.78539816     -0.7868894764735131
       11.605143       2.3561945     -0.7868894764734611

       11.655273      0.78539816     -0.7739221928330347
       11.655273       2.3561945     -0.7739221928329845

       11.705404      0.78539816     -0.7611878809918399
       11.705404       2.3561945     -0.7611878809917058

       11.755534      0.78539816     -0.7486833848777072
       11.755534       2.3561945     -0.7486833848775238

       11.805664      0.78539816     -0.7364055451177796
       11.805664       2.3561945     -0.7364055451176832

       11.855794      0.78539816     -0.7243511814964948
       11.855794       2.3561945     -0.7243511814965364

       11.905924      0.78539816     -0.7125171467310663
       11.905924       2.3561945     -0.7125171467310534

       11.956055      0.78539816     -0.7009001959563346
       11.956055       2.3561945     -0.7009001959562466

       12.006185      0.78539816     -0.6894973301776781
       12.006185       2.3561945     -0.6894973301776707

       12.056315      0.78539816     -0.6783049231521339
       12.056315       2.3561945     -0.6783049231522323

       12.106445      0.78539816     -0.6673209615983098
       12.106445       2.3561945     -0.6673209615984129

       12.156576      0.78539816     -0.6565393383648477
       12.156576       2.3561945     -0.6565393383649027

       12.206706      0.78539816     -0.6459643768795968
       12.206706       2.3561945      -0.645964376879604

       12.256836      0.78539816     -0.6355739842303523
       12.256836       2.3561945     -0.6355739842303284

       12.306966      0.78539816     -0.6254129134511386
       12.306966       2.3561945     -0.6254129134510992

       12.357096      0.78539816     -0.6153573250729674
       12.357096       2.3561945     -0.6153573250728626

       12.407227      0.78539816     -0.6057076631169849
       12.407227       2.3561945     -0.6057076631169342

       12.457357      0.78539816     -0.5956994444554868
       12.457357       2.3561945     -0.5956994444554038

       12.507487      0.78539816     -0.5872366797217652
       12.507487       2.3561945     -0.5872366797216044

       12.557617      0.78539816       -0.57555501499994
       12.557617       2.3561945     -0.5755550149998935

       12.607747      0.78539816     -0.5724541405548194
       12.607747       2.3561945     -0.5724541405548251

       12.657878      0.78539816     -0.4771231599124134
       12.657878       2.3561945      -0.477123159912299

       12.708008      0.78539816      -1.996904116199497
       12.708008       2.3561945      -1.996904116199304

       12.758138      0.78539816      -12.34494087745434
       12.758138       2.3561945      -12.34494087745425

       12.808268      0.78539816      -240.7879156786474
       12.808268       2.3561945      -240.7879156786474

       12.858398      0.78539816                       0
       12.858398       2.3561945                       0

       12.908529      0.78539816                       0
       12.908529       2.3561945                       0

       12.958659      0.78539816                       0
       12.958659       2.3561945                       0

       13.008789      0.78539816                       0
       13.008789       2.3561945                       0

