# File created on Wed Jul  8 11:31:11 2026
# ======================================== 
# = Running code assuming AXISYMMETRY    = 
# ======================================== 
# Data for Inflation GW initial data initial data at coord. time 0.0377973 and proper central time 0.0377973
# Evolved with (264,10,9) gridpoints (including 4 ghosts)
# Evolution with geodesic slicing and constant shift
# using eighth-order spatial differencing with 4 ghost zones 
# data 1 at theta = 0 and phi = 3.14159
# data 2 at theta = 1.5708 and phi = 3.14159
#                      r                     Ham                     Ham
#                               (     0,3.14159)        (1.5708,3.14159)
#========================================================================
            -0.210546875      -5.998892003726481      -5.998892003726481
            -0.150390625      -5.999444697118071      -5.999444697118071
    -0.09023437500000001      -5.999812799683716      -5.999812799683716
            -0.030078125      -5.999996742981089      -5.999996742981089
             0.030078125      -5.999996742981089      -5.999996742981089
     0.09023437500000001      -5.999812799683716      -5.999812799683716
             0.150390625      -5.999444697118071      -5.999444697118071
             0.210546875      -5.998892003726481      -5.998892003726481
             0.270703125      -5.998154073132115      -5.998154073132115
             0.330859375      -5.997230045289029      -5.997230045289029
             0.391015625      -5.996118848012781      -5.996118848012781
             0.451171875      -5.994819198889286      -5.994819198889286
             0.511328125      -5.993329607559107      -5.993329607559107
             0.571484375      -5.991648378373575      -5.991648378373575
      0.6316406250000001      -5.989773613418713      -5.989773613418713
             0.691796875      -5.987703215902385      -5.987703215902384
             0.751953125      -5.985434893899449      -5.985434893899448
             0.812109375      -5.982966164449125      -5.982966164449125
             0.872265625      -5.980294357998424      -5.980294357998424
      0.9324218750000001      -5.977416623184694      -5.977416623184694
             0.992578125      -5.974329931949914      -5.974329931949914
             1.052734375       -5.97103108497907      -5.971031084979069
             1.112890625      -5.967516717453832      -5.967516717453832
             1.173046875      -5.963783305113058      -5.963783305113058
             1.233203125      -5.959827170610589      -5.959827170610589
             1.293359375      -5.955644490160223      -5.955644490160223
             1.353515625      -5.951231300458075      -5.951231300458075
             1.413671875      -5.946583505870985      -5.946583505870985
             1.473828125       -5.94169688588036       -5.94169688588036
             1.533984375      -5.936567102769382      -5.936567102769382
             1.594140625      -5.931189709541335      -5.931189709541335
             1.654296875      -5.925560158057944      -5.925560158057944
             1.714453125       -5.91967380738313      -5.919673807383131
             1.774609375      -5.913525932320161      -5.913525932320161
             1.834765625      -5.907111732129069      -5.907111732129069
             1.894921875      -5.900426339409615      -5.900426339409616
             1.955078125       -5.89346482913628      -5.893464829136281
             2.015234375      -5.886222227830885      -5.886222227830885
             2.075390625      -5.878693522858589      -5.878693522858589
             2.135546875      -5.870873671832349      -5.870873671832349
             2.195703125      -5.862757612110116      -5.862757612110116
             2.255859375      -5.854340270371168      -5.854340270371168
             2.316015625      -5.845616572255289       -5.84561657225529
             2.376171875      -5.836581452049034      -5.836581452049035
             2.436328125      -5.827229862405166      -5.827229862405167
             2.496484375      -5.817556784077909       -5.81755678407791
             2.556640625      -5.807557235659822      -5.807557235659822
             2.616796875      -5.797226283304114      -5.797226283304115
             2.676953125      -5.786559050416439      -5.786559050416439
             2.737109375      -5.775550727301646      -5.775550727301647
             2.797265625      -5.764196580749558      -5.764196580749558
             2.857421875      -5.752491963543516      -5.752491963543516
             2.917578125      -5.740432323878292      -5.740432323878292
             2.977734375      -5.728013214670784      -5.728013214670785
             3.037890625      -5.715230302748772      -5.715230302748773
             3.098046875       -5.70207937790433      -5.702079377904331
             3.158203125      -5.688556361795534      -5.688556361795535
             3.218359375      -5.674657316683775      -5.674657316683776
             3.278515625      -5.660378453991934      -5.660378453991935
             3.338671875      -5.645716142670589       -5.64571614267059
             3.398828125       -5.63066691735776       -5.63066691735776
             3.458984375      -5.615227486320761      -5.615227486320761
             3.519140625      -5.599394739167015      -5.599394739167016
             3.579296875      -5.583165754311034      -5.583165754311036
             3.639453125      -5.566537806187282      -5.566537806187283
             3.699609375      -5.549508372196452      -5.549508372196455
             3.759765625      -5.532075139375603      -5.532075139375609
             3.819921875      -5.514236010780992      -5.514236010780996
             3.880078125      -5.495989111573381      -5.495989111573389
             3.940234375      -5.477332794799382       -5.47733279479939
       4.000390625000001      -5.458265646856173      -5.458265646856182
             4.060546875      -5.438786492634379      -5.438786492634389
             4.120703125      -5.418894400331304      -5.418894400331315
             4.180859375      -5.398588685926003      -5.398588685926015
             4.241015625      -5.377868917311331      -5.377868917311345
       4.301171875000001       -5.35673491807678      -5.356734918076794
             4.361328125      -5.335186770937389      -5.335186770937403
             4.421484375      -5.313224820802636      -5.313224820802654
             4.481640625      -5.290849677483761      -5.290849677483784
             4.541796875      -5.268062218034789      -5.268062218034814
       4.601953125000001      -5.244863588724455      -5.244863588724476
             4.662109375      -5.221255206638967      -5.221255206638988
             4.722265625      -5.197238760911081      -5.197238760911104
             4.782421875      -5.172816213577928      -5.172816213577955
             4.842578125       -5.14798980006658      -5.147989800066606
       4.902734375000001       -5.12276202930579      -5.122762029305819
             4.962890625      -5.097135683469312      -5.097135683469347
             5.023046875      -5.071113817348185      -5.071113817348214
             5.083203125      -5.044699757358017      -5.044699757358044
             5.143359375      -5.017897100181571      -5.017897100181592
       5.203515625000001      -4.990709711052316      -4.990709711052333
             5.263671875      -4.963141721682707       -4.96314172168273
             5.323828125      -4.935197527839834      -4.935197527839859
             5.383984375        -4.9068817865781      -4.906881786578124
             5.444140625      -4.878199413130467      -4.878199413130496
       5.504296875000001      -4.849155577466825      -4.849155577466853
             5.564453125       -4.81975570052759      -4.819755700527615
             5.624609375      -4.790005450136553      -4.790005450136571
             5.684765625      -4.759910736603873      -4.759910736603894
             5.744921875      -4.729477708027067        -4.7294777080271
       5.805078125000001      -4.698712745297136      -4.698712745297171
             5.865234375      -4.667622456821592      -4.667622456821626
             5.925390625      -4.636213672971144      -4.636213672971182
             5.985546875      -4.604493440262653      -4.604493440262692
             6.045703125       -4.57246901528841      -4.572469015288453
       6.105859375000001      -4.540147858398461       -4.54014785839851
             6.166015625      -4.507537627154036       -4.50753762715407
             6.226171875        -4.4746461695569      -4.474646169556933
             6.286328125      -4.441481517069474      -4.441481517069507
             6.346484375      -4.408051877437025      -4.408051877437062
       6.406640625000001      -4.374365627322361      -4.374365627322399
             6.466796875      -4.340431304769105      -4.340431304769138
             6.526953125        -4.3062576014996      -4.306257601499635
             6.587109375      -4.271853355066566      -4.271853355066603
             6.647265625      -4.237227540867043      -4.237227540867069
       6.707421875000001      -4.202389264031051      -4.202389264031068
             6.767578125      -4.167347751201212      -4.167347751201227
             6.827734375      -4.132112342212243      -4.132112342212251
             6.887890625      -4.096692481685185      -4.096692481685202
             6.948046875      -4.061097710549006       -4.06109771054903
       7.008203125000001      -4.025337657500969      -4.025337657500996
             7.068359375      -3.989422030421279      -3.989422030421286
             7.128515625      -3.953360607751263      -3.953360607751259
             7.188671875      -3.917163229849704      -3.917163229849697
             7.248828125      -3.880839790340064      -3.880839790340049
       7.308984375000001      -3.844400227458663      -3.844400227458654
             7.369140625      -3.807854515418829      -3.807854515418814
             7.429296875      -3.771212655800222      -3.771212655800214
             7.489453125      -3.734484668977265      -3.734484668977246
             7.549609375      -3.697680585596684      -3.697680585596647
       7.609765625000001      -3.660810438116102      -3.660810438116068
             7.669921875      -3.623884252415202      -3.623884252415173
             7.730078125      -3.586912039488725      -3.586912039488699
             7.790234375      -3.549903787234065       -3.54990378723403
             7.850390625      -3.512869452340566      -3.512869452340536
       7.910546875000001      -3.475818952293894      -3.475818952293877
             7.970703125      -3.438762157502961      -3.438762157502922
             8.030859375      -3.401708883557379      -3.401708883557339
       8.091015625000001      -3.364668883628887      -3.364668883628861
       8.151171875000001      -3.327651841019244       -3.32765184101923
             8.211328125      -3.290667361868548      -3.290667361868553
             8.271484375      -3.253724968027234       -3.25372496802724
             8.331640625      -3.216834090100918      -3.216834090100914
       8.391796875000001      -3.180004060677378      -3.180004060677371
       8.451953125000001      -3.143244107736879      -3.143244107736852
             8.512109375      -3.106563348258282       -3.10656334825824
             8.572265625      -3.069970782021526      -3.069970782021476
             8.632421875      -3.033475285614772      -3.033475285614695
       8.692578125000001      -2.997085606651674      -2.997085606651611
       8.752734375000001      -2.960810358200448      -2.960810358200399
             8.812890625       -2.92465801343193       -2.92465801343187
             8.873046875      -2.888636900488796      -2.888636900488732
             8.933203125      -2.852755197579396      -2.852755197579339
       8.993359375000001      -2.817020928300215      -2.817020928300164
       9.053515625000001        -2.7814419571879      -2.781441957187867
             9.113671875      -2.746025985504627      -2.746025985504614
             9.173828125      -2.710780547257086      -2.710780547257055
             9.233984375      -2.675713005451037      -2.675713005450959
       9.294140625000001      -2.640830548583419      -2.640830548583327
       9.354296875000001      -2.606140187370691        -2.6061401873706
             9.414453125      -2.571648751715303      -2.571648751715205
             9.474609375      -2.537362887908225      -2.537362887908147
             9.534765625      -2.503289056069298      -2.503289056069234
       9.594921875000001      -2.469433527823408      -2.469433527823337
       9.655078125000001      -2.435802384209758      -2.435802384209699
             9.715234375      -2.402401513826386      -2.402401513826322
             9.775390625      -2.369236611203775      -2.369236611203704
             9.835546875      -2.336313175408201       -2.33631317540813
       9.895703125000001      -2.303636508871988      -2.303636508871917
       9.955859375000001      -2.271211716446107      -2.271211716446037
            10.016015625      -2.239043704674791      -2.239043704674717
            10.076171875      -2.207137181285602      -2.207137181285521
            10.136328125       -2.17549665489429      -2.175496654894178
            10.196484375      -2.144126434918821      -2.144126434918723
            10.256640625      -2.113030631698759      -2.113030631698696
            10.316796875      -2.082213156816411      -2.082213156816354
            10.376953125      -2.051677723613614       -2.05167772361358
            10.437109375      -2.021427847901541      -2.021427847901529
            10.497265625      -1.991466848856828      -1.991466848856809
            10.557421875      -1.961797850099348      -1.961797850099354
            10.617578125      -1.932423780947734      -1.932423780947771
            10.677734375      -1.903347377844872      -1.903347377844908
            10.737890625       -1.87457118594896       -1.87457118594899
            10.798046875      -1.846097560886332      -1.846097560886323
            10.858203125      -1.817928670656183       -1.81792867065617
            10.918359375      -1.790066497685234      -1.790066497685234
            10.978515625      -1.762512841024471      -1.762512841024487
            11.038671875      -1.735269318681232      -1.735269318681262
            11.098828125      -1.708337370083149      -1.708337370083171
            11.158984375      -1.681718258665017      -1.681718258665038
            11.219140625      -1.655413074574291      -1.655413074574302
            11.279296875      -1.629422737487845      -1.629422737487829
            11.339453125      -1.603747999534475      -1.603747999534466
            11.399609375      -1.578389448317089      -1.578389448317079
            11.459765625      -1.553347510027354      -1.553347510027324
            11.519921875      -1.528622452648076      -1.528622452648063
            11.580078125      -1.504214389235517      -1.504214389235521
            11.640234375       -1.48012328127686      -1.480123281276897
            11.700390625      -1.456348942116666      -1.456348942116623
            11.760546875      -1.432891040444799      -1.432891040444696
            11.820703125      -1.409749103842178      -1.409749103842112
            11.880859375       -1.38692252237677      -1.386922522376695
            11.941015625      -1.364410552244409      -1.364410552244264
            12.001171875      -1.342212319448972      -1.342212319448851
            12.061328125      -1.320326823516939      -1.320326823516845
            12.121484375      -1.298752941239239      -1.298752941239083
            12.181640625      -1.277489430435743      -1.277489430435622
            12.241796875      -1.256534933738871      -1.256534933738765
            12.301953125      -1.235887982387916      -1.235887982387819
            12.362109375       -1.21554700003133      -1.215547000031253
            12.422265625      -1.195510306532027       -1.19551030653194
            12.482421875      -1.175776121769649      -1.175776121769535
            12.542578125      -1.156342569436303      -1.156342569436181
            12.602734375      -1.137207680821537      -1.137207680821477
            12.662890625      -1.118369398580982      -1.118369398580906
            12.723046875       -1.09982558048544      -1.099825580485323
            12.783203125      -1.081574003146444      -1.081574003146334
            12.843359375      -1.063612365713885      -1.063612365713814
            12.903515625       -1.04593829354302      -1.045938293542968
            12.963671875      -1.028549341825772       -1.02854934182573
            13.023828125      -1.011442999184473      -1.011442999184451
            13.083984375     -0.9946166912241732     -0.9946166912241401
            13.144140625     -0.9780677840402509     -0.9780677840402148
            13.204296875     -0.9617935876790339     -0.9617935876790495
            13.264453125     -0.9457913595484767      -0.945791359548467
            13.324609375     -0.9300583077759578     -0.9300583077759219
            13.384765625     -0.9145915945112018      -0.914591594511198
            13.444921875     -0.8993883391724234     -0.8993883391723428
            13.505078125      -0.884445621632594     -0.8844456216324841
            13.565234375     -0.8697604853452119     -0.8697604853451679
            13.625390625     -0.8553299404058029     -0.8553299404057866
            13.685546875     -0.8411509665530359     -0.8411509665529762
            13.745703125     -0.8272205160913978     -0.8272205160913018
            13.805859375     -0.8135355167799196     -0.8135355167798599
            13.866015625     -0.8000928745652841     -0.8000928745652481
            13.926171875     -0.7868894764735221     -0.7868894764734871
            13.986328125     -0.7739221928330433     -0.7739221928330096
            14.046484375      -0.761187880991863     -0.7611878809917728
            14.106640625     -0.7486833848777388     -0.7486833848776155
            14.166796875     -0.7364055451177961     -0.7364055451177314
            14.226953125     -0.7243511814964876     -0.7243511814965156
            14.287109375     -0.7125171467310685     -0.7125171467310598
            14.347265625     -0.7009001959563497     -0.7009001959562906
            14.407421875     -0.6894973301776793     -0.6894973301776743
            14.467578125     -0.6783049231521169      -0.678304923152183
            14.527734375      -0.667320961598292     -0.6673209615983613
            14.587890625     -0.6565393383648382     -0.6565393383648752
            14.648046875     -0.6459643768795956     -0.6459643768796004
            14.708203125     -0.6355739842303564     -0.6355739842303403
            14.768359375     -0.6254129134511454     -0.6254129134511188
            14.828515625     -0.6153573250729854      -0.615357325072915
            14.888671875     -0.6057076631169935     -0.6057076631169596
            14.948828125     -0.5956994444555012     -0.5956994444554453
            15.008984375     -0.5872366797217928     -0.5872366797216848
            15.069140625      -0.575555014999948     -0.5755550149999167
            15.129296875     -0.5724541405548185     -0.5724541405548222
            15.189453125     -0.4771231599124331     -0.4771231599123562
            15.249609375       -1.99690411619953        -1.9969041161994
            15.309765625      -12.34494087745435       -12.3449408774543
            15.369921875      -240.7879156786474      -240.7879156786474
            15.430078125                       0                       0
            15.490234375                       0                       0
            15.550390625                       0                       0
            15.610546875                       0                       0
