# File created on Wed Jul  8 11:33:16 2026
# Data for Inflation GW initial data initial data at coord time 0.188986 and central proper time 0.188986
# Evolved with (264,10,9) gridpoints (including 4 ghosts)
# Evolution with geodesic slicing and constant shift shift condition 
# data for phi = 3.14159
#              r           theta                 Ham
#===============================================================
     0.030078125      0.78539816      -5.791485221417151
     0.030078125       2.3561945      -5.791485221417488

     0.090234375      0.78539816       -5.79133686830697
     0.090234375       2.3561945      -5.791336868305322

      0.15039062      0.78539816      -5.791039936018905
      0.15039062       2.3561945      -5.791039936019826

      0.21054687      0.78539816      -5.790593972786038
      0.21054687       2.3561945      -5.790593972785075

      0.27070312      0.78539816      -5.789998301872529
      0.27070312       2.3561945      -5.789998301871963

      0.33085938      0.78539816      -5.789252022683761
      0.33085938       2.3561945      -5.789252022684685

      0.39101563      0.78539816      -5.788354012236073
      0.39101563       2.3561945      -5.788354012235584

      0.45117188      0.78539816      -5.787302926985732
      0.45117188       2.3561945       -5.78730292698562

      0.51132813      0.78539816      -5.786097205016906
      0.51132813       2.3561945      -5.786097205017703

      0.57148438      0.78539816      -5.784735068615062
      0.57148438       2.3561945      -5.784735068613406

      0.63164063      0.78539816      -5.783214527134565
      0.63164063       2.3561945      -5.783214527137293

      0.69179687      0.78539816      -5.781533380313419
      0.69179687       2.3561945      -5.781533380310885

      0.75195312      0.78539816      -5.779689221808046
      0.75195312       2.3561945       -5.77968922180952

      0.81210938      0.78539816      -5.777679443198863
      0.81210938       2.3561945      -5.777679443199293

      0.87226563      0.78539816      -5.775501238247038
      0.87226563       2.3561945      -5.775501238245839

      0.93242188      0.78539816       -5.77315160749753
      0.93242188       2.3561945      -5.773151607498295

      0.99257812      0.78539816      -5.770627363233297
      0.99257812       2.3561945      -5.770627363233281

       1.0527344      0.78539816      -5.767925134732758
       1.0527344       2.3561945      -5.767925134732782

       1.1128906      0.78539816       -5.76504137381471
       1.1128906       2.3561945      -5.765041373814013

       1.1730469      0.78539816      -5.761972360724025
       1.1730469       2.3561945      -5.761972360724275

       1.2332031      0.78539816       -5.75871421029198
       1.2332031       2.3561945      -5.758714210293267

       1.2933594      0.78539816        -5.7552628783843
       1.2933594       2.3561945      -5.755262878381787

       1.3535156      0.78539816      -5.751614168619416
       1.3535156       2.3561945      -5.751614168622218

       1.4136719      0.78539816      -5.747763739384394
       1.4136719       2.3561945      -5.747763739382147

       1.4738281      0.78539816      -5.743707111064722
       1.4738281       2.3561945      -5.743707111066559

       1.5339844      0.78539816      -5.739439673567576
       1.5339844       2.3561945      -5.739439673566404

       1.5941406      0.78539816      -5.734956694045985
       1.5941406       2.3561945      -5.734956694046859

       1.6542969      0.78539816      -5.730253324873228
       1.6542969       2.3561945      -5.730253324872872

       1.7144531      0.78539816      -5.725324611821717
       1.7144531       2.3561945      -5.725324611822667

       1.7746094      0.78539816      -5.720165502455498
       1.7746094       2.3561945      -5.720165502455236

       1.8347656      0.78539816      -5.714770854692016
       1.8347656       2.3561945      -5.714770854692378

       1.8949219      0.78539816      -5.709135445586978
       1.8949219       2.3561945      -5.709135445585965

       1.9550781      0.78539816      -5.703253980223644
       1.9550781       2.3561945      -5.703253980223889

       2.0152344      0.78539816      -5.697121100828651
       2.0152344       2.3561945      -5.697121100828634

       2.0753906      0.78539816      -5.690731395958001
       2.0753906       2.3561945       -5.69073139595737

       2.1355469      0.78539816      -5.684079409870291
       2.1355469       2.3561945        -5.6840794098717

       2.1957031      0.78539816      -5.677159651967512
       2.1957031       2.3561945      -5.677159651967115

       2.2558594      0.78539816      -5.669966606367284
       2.2558594       2.3561945      -5.669966606366227

       2.3160156      0.78539816      -5.662494741536006
       2.3160156       2.3561945      -5.662494741536827

       2.3761719      0.78539816      -5.654738520027091
       2.3761719       2.3561945      -5.654738520026128

       2.4363281      0.78539816      -5.646692408220515
       2.4363281       2.3561945        -5.6466924082221

       2.4964844      0.78539816      -5.638350886175315
       2.4964844       2.3561945      -5.638350886173968

       2.5566406      0.78539816        -5.6297084574292
       2.5566406       2.3561945      -5.629708457429694

       2.6167969      0.78539816      -5.620759658894603
       2.6167969       2.3561945      -5.620759658894879

       2.6769531      0.78539816      -5.611499070678787
       2.6769531       2.3561945      -5.611499070677807

       2.7371094      0.78539816      -5.601921325920598
       2.7371094       2.3561945      -5.601921325922277

       2.7972656      0.78539816      -5.592021120609402
       2.7972656       2.3561945      -5.592021120608603

       2.8574219      0.78539816      -5.581793223305006
       2.8574219       2.3561945      -5.581793223304901

       2.9175781      0.78539816      -5.571232484852621
       2.9175781       2.3561945      -5.571232484852702

       2.9777344      0.78539816      -5.560333847968399
       2.9777344       2.3561945      -5.560333847968031

       3.0378906      0.78539816      -5.549092356780304
       3.0378906       2.3561945      -5.549092356780618

       3.0980469      0.78539816      -5.537503166209133
       3.0980469       2.3561945      -5.537503166209587

       3.1582031      0.78539816      -5.525561551268233
       3.1582031       2.3561945      -5.525561551267471

       3.2183594      0.78539816       -5.51326291620746
       3.2183594       2.3561945      -5.513262916207406

       3.2785156      0.78539816      -5.500602803497516
       3.2785156       2.3561945       -5.50060280349793

       3.3386719      0.78539816      -5.487576902677716
       3.3386719       2.3561945      -5.487576902677733

       3.3988281      0.78539816      -5.474181058981362
       3.3988281       2.3561945      -5.474181058980218

       3.4589844      0.78539816      -5.460411281799047
       3.4589844       2.3561945      -5.460411281800615

       3.5191406      0.78539816      -5.446263752931454
       3.5191406       2.3561945      -5.446263752930176

       3.5792969      0.78539816      -5.431734834595398
       3.5792969       2.3561945      -5.431734834596658

       3.6394531      0.78539816      -5.416821077244204
       3.6394531       2.3561945       -5.41682107724334

       3.6996094      0.78539816       -5.40151922707887
       3.6996094       2.3561945      -5.401519227079273

       3.7597656      0.78539816      -5.385826233369468
       3.7597656       2.3561945      -5.385826233370645

       3.8199219      0.78539816      -5.369739255451874
       3.8199219       2.3561945      -5.369739255448949

       3.8800781      0.78539816      -5.353255669473482
       3.8800781       2.3561945       -5.35325566947598

       3.9402344      0.78539816      -5.336373074853535
       3.9402344       2.3561945      -5.336373074852852

       4.0003906      0.78539816      -5.319089300399295
       4.0003906       2.3561945      -5.319089300398148

       4.0605469      0.78539816       -5.30140241017389
       4.0605469       2.3561945      -5.301402410175057

       4.1207031      0.78539816      -5.283310708984137
       4.1207031       2.3561945      -5.283310708982955

       4.1808594      0.78539816      -5.264812747590796
       4.1808594       2.3561945      -5.264812747591685

       4.2410156      0.78539816      -5.245907327537788
       4.2410156       2.3561945      -5.245907327536669

       4.3011719      0.78539816      -5.226593505669456
       4.3011719       2.3561945      -5.226593505669743

       4.3613281      0.78539816      -5.206870598271497
       4.3613281       2.3561945      -5.206870598271483

       4.4214844      0.78539816      -5.186738184899624
       4.4214844       2.3561945      -5.186738184901257

       4.4816406      0.78539816      -5.166196111760065
       4.4816406       2.3561945      -5.166196111759024

       4.5417969      0.78539816       -5.14524449482848
       4.5417969       2.3561945      -5.145244494829222

       4.6019531      0.78539816      -5.123883722517025
       4.6019531       2.3561945      -5.123883722518532

       4.6621094      0.78539816      -5.102114457989791
       4.6621094       2.3561945      -5.102114457989495

       4.7222656      0.78539816      -5.079937641117139
       4.7222656       2.3561945      -5.079937641116816

       4.7824219      0.78539816      -5.057354490021861
       4.7824219       2.3561945       -5.05735449002191

       4.8425781      0.78539816      -5.034366502259426
       4.8425781       2.3561945      -5.034366502259836

       4.9027344      0.78539816      -5.010975455613503
       4.9027344       2.3561945       -5.01097545561396

       4.9628906      0.78539816      -4.987183408496502
       4.9628906       2.3561945      -4.987183408495755

       5.0230469      0.78539816      -4.962992699976978
       5.0230469       2.3561945      -4.962992699976258

       5.0832031      0.78539816       -4.93840594942486
       5.0832031       2.3561945      -4.938405949425971

       5.1433594      0.78539816      -4.913426055778083
       5.1433594       2.3561945      -4.913426055778947

       5.2035156      0.78539816      -4.888056196400681
       5.2035156       2.3561945      -4.888056196398818

       5.2636719      0.78539816      -4.862299825631472
       5.2636719       2.3561945       -4.86229982563261

       5.3238281      0.78539816      -4.836160672883378
       5.3238281       2.3561945      -4.836160672883443

       5.3839844      0.78539816      -4.809642740439958
       5.3839844       2.3561945      -4.809642740440784

       5.4441406      0.78539816       -4.78275030084647
       5.4441406       2.3561945      -4.782750300845326

       5.5042969      0.78539816      -4.755487893969126
       5.5042969       2.3561945      -4.755487893971121

       5.5644531      0.78539816      -4.727860323703792
       5.5644531       2.3561945      -4.727860323703434

       5.6246094      0.78539816        -4.6998726543129
       5.6246094       2.3561945      -4.699872654313326

       5.6847656      0.78539816      -4.671530206475805
       5.6847656       2.3561945      -4.671530206474745

       5.7449219      0.78539816      -4.642838552961401
       5.7449219       2.3561945      -4.642838552961351

       5.8050781      0.78539816      -4.613803514007917
       5.8050781       2.3561945      -4.613803514009523

       5.8652344      0.78539816      -4.584431152400066
       5.8652344       2.3561945      -4.584431152399839

       5.9253906      0.78539816      -4.554727768209434
       5.9253906       2.3561945      -4.554727768209329

       5.9855469      0.78539816      -4.524699893290966
       5.9855469       2.3561945      -4.524699893291231

       6.0457031      0.78539816      -4.494354285448611
       6.0457031       2.3561945      -4.494354285448397

       6.1058594      0.78539816      -4.463697922377824
       6.1058594       2.3561945      -4.463697922376217

       6.1660156      0.78539816      -4.432737995308122
       6.1660156       2.3561945      -4.432737995309881

       6.2261719      0.78539816      -4.401481902435956
       6.2261719       2.3561945      -4.401481902436875

       6.2863281      0.78539816      -4.369937242082652
       6.2863281       2.3561945      -4.369937242080083

       6.3464844      0.78539816      -4.338111805653766
       6.3464844       2.3561945      -4.338111805656462

       6.4066406      0.78539816      -4.306013570400947
       6.4066406       2.3561945      -4.306013570399859

       6.4667969      0.78539816      -4.273650691927749
       6.4667969       2.3561945      -4.273650691928535

       6.5269531      0.78539816      -4.241031496581126
       6.5269531       2.3561945      -4.241031496579692

       6.5871094      0.78539816      -4.208164473622862
       6.5871094       2.3561945      -4.208164473621311

       6.6472656      0.78539816      -4.175058267245436
       6.6472656       2.3561945      -4.175058267248193

       6.7074219      0.78539816      -4.141721668472396
       6.7074219       2.3561945      -4.141721668472728

       6.7675781      0.78539816      -4.108163606876147
       6.7675781       2.3561945      -4.108163606876286

       6.8277344      0.78539816      -4.074393142231427
       6.8277344       2.3561945      -4.074393142229964

       6.8878906      0.78539816      -4.040419456008292
       6.8878906       2.3561945      -4.040419456009753

       6.9480469      0.78539816      -4.006251842830869
       6.9480469       2.3561945       -4.00625184283005

       7.0082031      0.78539816      -3.971899701790904
       7.0082031       2.3561945      -3.971899701789869

       7.0683594      0.78539816      -3.937372527758839
       7.0683594       2.3561945      -3.937372527760654

       7.1285156      0.78539816      -3.902679902604183
       7.1285156       2.3561945       -3.90267990260392

       7.1886719      0.78539816      -3.867831486384105
       7.1886719       2.3561945       -3.86783148638293

       7.2488281      0.78539816      -3.832837008525384
       7.2488281       2.3561945      -3.832837008526916

       7.3089844      0.78539816      -3.797706258964686
       7.3089844       2.3561945      -3.797706258964464

       7.3691406      0.78539816      -3.762449079310155
       7.3691406       2.3561945      -3.762449079310628

       7.4292969      0.78539816      -3.727075354023604
       7.4292969       2.3561945      -3.727075354024625

       7.4894531      0.78539816      -3.691595001594515
       7.4894531       2.3561945      -3.691595001593932

       7.5496094      0.78539816      -3.656017965795206
       7.5496094       2.3561945      -3.656017965795238

       7.6097656      0.78539816      -3.620354206950255
       7.6097656       2.3561945      -3.620354206950247

       7.6699219      0.78539816      -3.584613693307205
       7.6699219       2.3561945      -3.584613693306756

       7.7300781      0.78539816      -3.548806392423186
       7.7300781       2.3561945      -3.548806392423231

       7.7902344      0.78539816      -3.512942262708927
       7.7902344       2.3561945      -3.512942262707923

       7.8503906      0.78539816      -3.477031245009209
       7.8503906       2.3561945      -3.477031245007973

       7.9105469      0.78539816      -3.441083254315544
       7.9105469       2.3561945      -3.441083254319134

       7.9707031      0.78539816       -3.40510817161357
       7.9707031       2.3561945      -3.405108171610709

       8.0308594      0.78539816      -3.369115835796597
       8.0308594       2.3561945      -3.369115835797131

       8.0910156      0.78539816      -3.333116035794893
       8.0910156       2.3561945      -3.333116035793553

       8.1511719      0.78539816      -3.297118502797138
       8.1511719       2.3561945      -3.297118502798683

       8.2113281      0.78539816      -3.261132902626786
       8.2113281       2.3561945       -3.26113290262482

       8.2714844      0.78539816      -3.225168828321365
       8.2714844       2.3561945      -3.225168828321952

       8.3316406      0.78539816      -3.189235792828202
       8.3316406       2.3561945      -3.189235792829114

       8.3917969      0.78539816      -3.153343221926729
       8.3917969       2.3561945      -3.153343221924922

       8.4519531      0.78539816      -3.117500447294994
       8.4519531       2.3561945      -3.117500447296274

       8.5121094      0.78539816      -3.081716699804391
       8.5121094       2.3561945      -3.081716699803382

       8.5722656      0.78539816      -3.046001102982224
       8.5722656       2.3561945      -3.046001102981469

       8.6324219      0.78539816      -3.010362666698528
       8.6324219       2.3561945      -3.010362666700583

       8.6925781      0.78539816      -2.974810281046241
       8.6925781       2.3561945      -2.974810281046051

       8.7527344      0.78539816      -2.939352710447056
       8.7527344       2.3561945      -2.939352710445497

       8.8128906      0.78539816      -2.903998587973031
       8.8128906       2.3561945      -2.903998587975549

       8.8730469      0.78539816      -2.868756409891372
       8.8730469       2.3561945      -2.868756409888802

       8.9332031      0.78539816       -2.83363453041123
       8.9332031       2.3561945      -2.833634530411774

       8.9933594      0.78539816      -2.798641156722335
       8.9933594       2.3561945      -2.798641156722437

       9.0535156      0.78539816      -2.763784344185916
       9.0535156       2.3561945      -2.763784344185231

       9.1136719      0.78539816      -2.729071991817991
       9.1136719       2.3561945      -2.729071991818304

       9.1738281      0.78539816      -2.694511837988224
       9.1738281       2.3561945      -2.694511837988725

       9.2339844      0.78539816       -2.66011145635467
       9.2339844       2.3561945      -2.660111456354345

       9.2941406      0.78539816      -2.625878252043476
       9.2941406       2.3561945      -2.625878252043468

       9.3542969      0.78539816      -2.591819458066435
       9.3542969       2.3561945      -2.591819458068331

       9.4144531      0.78539816      -2.557942131984333
       9.4144531       2.3561945      -2.557942131982445

       9.4746094      0.78539816      -2.524253152771478
       9.4746094       2.3561945      -2.524253152772471

       9.5347656      0.78539816      -2.490759218028125
       9.5347656       2.3561945      -2.490759218028506

       9.5949219      0.78539816      -2.457466841249856
       9.5949219       2.3561945      -2.457466841247492

       9.6550781      0.78539816      -2.424382349546957
       9.6550781       2.3561945      -2.424382349547792

       9.7152344      0.78539816       -2.39151188141275
       9.7152344       2.3561945       -2.39151188141336

       9.7753906      0.78539816      -2.358861384872326
       9.7753906       2.3561945      -2.358861384871082

       9.8355469      0.78539816      -2.326436615738365
       9.8355469       2.3561945      -2.326436615739767

       9.8957031      0.78539816      -2.294243136215218
       9.8957031       2.3561945       -2.29424313621606

       9.9558594      0.78539816      -2.262286313639323
       9.9558594       2.3561945      -2.262286313636639

       10.016016      0.78539816      -2.230571319482249
       10.016016       2.3561945      -2.230571319484353

       10.076172      0.78539816      -2.199103128583515
       10.076172       2.3561945       -2.19910312858361

       10.136328      0.78539816      -2.167886518581379
       10.136328       2.3561945      -2.167886518579331

       10.196484      0.78539816      -2.136926069559831
       10.196484       2.3561945       -2.13692606956026

       10.256641      0.78539816      -2.106226163916172
       10.256641       2.3561945      -2.106226163919648

       10.316797      0.78539816      -2.075790986439746
       10.316797       2.3561945      -2.075790986435667

       10.376953      0.78539816      -2.045624524540701
       10.376953       2.3561945      -2.045624524540172

       10.437109      0.78539816      -2.015730568768864
       10.437109       2.3561945      -2.015730568771887

       10.497266      0.78539816      -1.986112713438831
       10.497266       2.3561945      -1.986112713437115

       10.557422      0.78539816      -1.956774357461831
       10.557422       2.3561945      -1.956774357463122

       10.617578      0.78539816      -1.927718705415888
       10.617578       2.3561945       -1.92771870541488

       10.677734      0.78539816       -1.89894876869661
       10.677734       2.3561945       -1.89894876869703

       10.737891      0.78539816      -1.870467366922453
       10.737891       2.3561945      -1.870467366923542

       10.798047      0.78539816      -1.842277129471116
       10.798047       2.3561945      -1.842277129470877

       10.858203      0.78539816      -1.814380497146988
       10.858203       2.3561945      -1.814380497148484

       10.918359      0.78539816      -1.786779724080156
       10.918359       2.3561945      -1.786779724078419

       10.978516      0.78539816      -1.759476879682188
       10.978516       2.3561945      -1.759476879685325

       11.038672      0.78539816      -1.732473850816123
       11.038672       2.3561945      -1.732473850815199

       11.098828      0.78539816      -1.705772344053841
       11.098828       2.3561945      -1.705772344053301

       11.158984      0.78539816      -1.679373888106335
       11.158984       2.3561945      -1.679373888108386

       11.219141      0.78539816      -1.653279836326608
       11.219141       2.3561945      -1.653279836325514

       11.279297      0.78539816      -1.627491369395866
       11.279297       2.3561945      -1.627491369394364

       11.339453      0.78539816      -1.602009498042123
       11.339453       2.3561945      -1.602009498045279

       11.399609      0.78539816      -1.576835065950304
       11.399609       2.3561945      -1.576835065947326

       11.459766      0.78539816      -1.551968752684312
       11.459766       2.3561945      -1.551968752684387

       11.519922      0.78539816      -1.527411076794726
       11.519922       2.3561945      -1.527411076796921

       11.580078      0.78539816      -1.503162398929386
       11.580078       2.3561945       -1.50316239892734

       11.640234      0.78539816      -1.479222925062161
       11.640234       2.3561945      -1.479222925062756

       11.700391      0.78539816      -1.455592709832079
       11.700391       2.3561945      -1.455592709830616

       11.760547      0.78539816      -1.432271659864728
       11.760547       2.3561945       -1.43227165986979

       11.820703      0.78539816      -1.409259537260835
       11.820703       2.3561945      -1.409259537255824

       11.880859      0.78539816      -1.386555963030615
       11.880859       2.3561945      -1.386555963032723

       11.941016      0.78539816      -1.364160420705979
       11.941016       2.3561945      -1.364160420704454

       12.001172      0.78539816      -1.342072259860447
       12.001172       2.3561945      -1.342072259860008

       12.061328      0.78539816      -1.320290699800087
       12.061328       2.3561945      -1.320290699800826

       12.121484      0.78539816      -1.298814833190305
       12.121484       2.3561945      -1.298814833187911

       12.181641      0.78539816      -1.277643629767175
       12.181641       2.3561945      -1.277643629769792

       12.241797      0.78539816      -1.256775940053386
       12.241797       2.3561945      -1.256775940052392

       12.301953      0.78539816      -1.236210499091301
       12.301953       2.3561945      -1.236210499091095

       12.362109      0.78539816      -1.215945930203922
       12.362109       2.3561945      -1.215945930203069

       12.422266      0.78539816      -1.195980748735606
       12.422266       2.3561945       -1.19598074873366

       12.482422      0.78539816      -1.176313365850503
       12.482422       2.3561945      -1.176313365853237

       12.542578      0.78539816      -1.156942092251739
       12.542578       2.3561945      -1.156942092251541

       12.602734      0.78539816      -1.137865141974927
       12.602734       2.3561945      -1.137865141975329

       12.662891      0.78539816      -1.119080636125881
       12.662891       2.3561945      -1.119080636124717

       12.723047      0.78539816      -1.100586606591796
       12.723047       2.3561945      -1.100586606593678

       12.783203      0.78539816      -1.082380999810602
       12.783203       2.3561945      -1.082380999809669

       12.843359      0.78539816       -1.06446168039531
       12.843359       2.3561945      -1.064461680394949

       12.903516      0.78539816      -1.046826434867985
       12.903516       2.3561945      -1.046826434866768

       12.963672      0.78539816      -1.029472975247125
       12.963672       2.3561945      -1.029472975246637

       13.023828      0.78539816      -1.012398942688715
       13.023828       2.3561945      -1.012398942690782

       13.083984      0.78539816     -0.9956019110340422
       13.083984       2.3561945     -0.9956019110317755

       13.144141      0.78539816     -0.9790793903463038
       13.144141       2.3561945     -0.9790793903441088

       13.204297      0.78539816     -0.9628288303827894
       13.204297       2.3561945     -0.9628288303848792

       13.264453      0.78539816     -0.9468476240834557
       13.264453       2.3561945     -0.9468476240799468

       13.324609      0.78539816     -0.9311331108747434
       13.324609       2.3561945     -0.9311331108768842

       13.384766      0.78539816     -0.9156825801195737
       13.384766       2.3561945      -0.915682580117795

       13.444922      0.78539816     -0.9004932743062801
       13.444922       2.3561945     -0.9004932743062755

       13.505078      0.78539816     -0.8855623923475087
       13.505078       2.3561945     -0.8855623923489992

       13.565234      0.78539816     -0.8708870927244172
       13.565234       2.3561945     -0.8708870927230424

       13.625391      0.78539816     -0.8564644966083385
       13.625391       2.3561945     -0.8564644966085446

       13.685547      0.78539816     -0.8422916909121502
       13.685547       2.3561945     -0.8422916909133775

       13.745703      0.78539816     -0.8283657312877679
       13.745703       2.3561945     -0.8283657312850088

       13.805859      0.78539816     -0.8146836450531143
       13.805859       2.3561945     -0.8146836450568665

       13.866016      0.78539816     -0.8012424339742606
       13.866016       2.3561945     -0.8012424339708741

       13.926172      0.78539816     -0.7880390773992714
       13.926172       2.3561945     -0.7880390774013083

       13.986328      0.78539816     -0.7750705338941625
       13.986328       2.3561945     -0.7750705338911675

       14.046484      0.78539816     -0.7623337469564075
       14.046484       2.3561945     -0.7623337469571253

       14.106641      0.78539816     -0.7498256394850569
       14.106641       2.3561945     -0.7498256394847581

       14.166797      0.78539816     -0.7375431366023839
       14.166797       2.3561945     -0.7375431366042386

       14.226953      0.78539816      -0.725483121049553
       14.226953       2.3561945     -0.7254831210484819

       14.287109      0.78539816     -0.7136425488380002
       14.287109       2.3561945     -0.7136425488397814

       14.347266      0.78539816     -0.7020180222445358
       14.347266       2.3561945     -0.7020180222451275

       14.407422      0.78539816     -0.6906081606150418
       14.407422       2.3561945     -0.6906081606136304

       14.467578      0.78539816     -0.6794028445612291
       14.467578       2.3561945     -0.6794028445615965

       14.527734      0.78539816     -0.6684065984003573
       14.527734       2.3561945     -0.6684065984006159

       14.587891      0.78539816      -0.657730039481756
       14.587891       2.3561945      -0.657730039480489

       14.648047      0.78539816     -0.6464152659096022
       14.648047       2.3561945       -0.64641526591012

       14.708203      0.78539816      -0.642669476135329
       14.708203       2.3561945     -0.6426694761343833

       14.768359      0.78539816     -0.5637871817633263
       14.768359       2.3561945     -0.5637871817658155

       14.828516      0.78539816      -10.24881883880728
       14.828516       2.3561945      -10.24881883878845

       14.888672      0.78539816   8.906422690787204e+65
       14.888672       2.3561945    8.90642269052437e+65

       14.948828      0.78539816                    -nan
       14.948828       2.3561945                    -nan

       15.008984      0.78539816                    -nan
       15.008984       2.3561945                    -nan

       15.069141      0.78539816                    -nan
       15.069141       2.3561945                    -nan

       15.129297      0.78539816                    -nan
       15.129297       2.3561945                    -nan

       15.189453      0.78539816                    -nan
       15.189453       2.3561945                    -nan

       15.249609      0.78539816                    -nan
       15.249609       2.3561945                    -nan

       15.309766      0.78539816                    -nan
       15.309766       2.3561945                    -nan

       15.369922      0.78539816                    -nan
       15.369922       2.3561945                    -nan

       15.430078      0.78539816                       0
       15.430078       2.3561945                       0

       15.490234      0.78539816                       0
       15.490234       2.3561945                       0

       15.550391      0.78539816                       0
       15.550391       2.3561945                       0

       15.610547      0.78539816                       0
       15.610547       2.3561945                       0

