# File created on Wed Jul  8 11:33:16 2026
# ======================================== 
# = Running code assuming AXISYMMETRY    = 
# ======================================== 
# Data for Inflation GW initial data initial data at coord. time 0.188986 and proper central time 0.188986
# Evolved with (264,10,9) gridpoints (including 4 ghosts)
# Evolution with geodesic slicing and constant shift
# using eighth-order spatial differencing with 4 ghost zones 
# data 1 at theta = 0 and phi = 3.14159
# data 2 at theta = 1.5708 and phi = 3.14159
#                      r                     Ham                     Ham
#                               (     0,3.14159)        (1.5708,3.14159)
#========================================================================
            -0.210546875      -5.790593972784909      -5.790593972785556
            -0.150390625      -5.791039936019985      -5.791039936019365
    -0.09023437500000001      -5.791336868305039      -5.791336868306146
            -0.030078125      -5.791485221417545       -5.79148522141732
             0.030078125      -5.791485221417093       -5.79148522141732
     0.09023437500000001      -5.791336868307253      -5.791336868306145
             0.150390625      -5.791039936018746      -5.791039936019365
             0.210546875      -5.790593972786204      -5.790593972785556
             0.270703125      -5.789998301872627      -5.789998301872246
             0.330859375      -5.789252022683602      -5.789252022684223
             0.391015625      -5.788354012236158      -5.788354012235828
             0.451171875      -5.787302926985752      -5.787302926985676
             0.511328125       -5.78609720501677      -5.786097205017305
             0.571484375      -5.784735068615347      -5.784735068614234
      0.6316406250000001      -5.783214527134096      -5.783214527135929
             0.691796875      -5.781533380313856      -5.781533380312152
             0.751953125      -5.779689221807793      -5.779689221808784
             0.812109375       -5.77767944319879      -5.777679443199078
             0.872265625      -5.775501238247244      -5.775501238246439
      0.9324218750000001      -5.773151607497399      -5.773151607497912
             0.992578125        -5.7706273632333      -5.770627363233289
             1.052734375      -5.767925134732755       -5.76792513473277
             1.112890625       -5.76504137381483      -5.765041373814361
             1.173046875      -5.761972360723982      -5.761972360724149
             1.233203125      -5.758714210291759      -5.758714210292624
             1.293359375      -5.755262878384732      -5.755262878383043
             1.353515625      -5.751614168618935      -5.751614168620817
             1.413671875       -5.74776373938478       -5.74776373938327
             1.473828125      -5.743707111064405      -5.743707111065641
             1.533984375      -5.739439673567778       -5.73943967356699
             1.594140625      -5.734956694045835      -5.734956694046422
             1.654296875      -5.730253324873289      -5.730253324873051
             1.714453125      -5.725324611821554      -5.725324611822192
             1.774609375      -5.720165502455544      -5.720165502455368
             1.834765625      -5.714770854691954      -5.714770854692198
             1.894921875      -5.709135445587152      -5.709135445586472
             1.955078125      -5.703253980223601      -5.703253980223765
             2.015234375      -5.697121100828654      -5.697121100828642
             2.075390625      -5.690731395958109      -5.690731395957686
             2.135546875       -5.68407940987005      -5.684079409870995
             2.195703125       -5.67715965196758      -5.677159651967314
             2.255859375      -5.669966606367466      -5.669966606366756
             2.316015625      -5.662494741535864      -5.662494741536417
             2.376171875      -5.654738520027256      -5.654738520026608
             2.436328125      -5.646692408220242      -5.646692408221307
             2.496484375      -5.638350886175547      -5.638350886174642
             2.556640625      -5.629708457429116      -5.629708457429448
             2.616796875      -5.620759658894555      -5.620759658894741
             2.676953125      -5.611499070678955      -5.611499070678297
             2.737109375      -5.601921325920309      -5.601921325921437
             2.797265625      -5.592021120609539      -5.592021120609003
             2.857421875      -5.581793223305024      -5.581793223304953
             2.917578125      -5.571232484852608      -5.571232484852661
             2.977734375      -5.560333847968463      -5.560333847968215
             3.037890625       -5.54909235678025      -5.549092356780461
             3.098046875      -5.537503166209055       -5.53750316620936
             3.158203125      -5.525561551268363      -5.525561551267852
             3.218359375       -5.51326291620747      -5.513262916207433
             3.278515625      -5.500602803497445      -5.500602803497723
             3.338671875      -5.487576902677714      -5.487576902677725
             3.398828125      -5.474181058981558       -5.47418105898079
             3.458984375      -5.460411281798777      -5.460411281799831
             3.519140625      -5.446263752931674      -5.446263752930815
             3.579296875      -5.431734834595181      -5.431734834596028
             3.639453125      -5.416821077244354      -5.416821077243773
             3.699609375      -5.401519227078801      -5.401519227079072
             3.759765625      -5.385826233369265      -5.385826233370056
             3.819921875      -5.369739255452377      -5.369739255450412
             3.880078125      -5.353255669473052      -5.353255669474731
             3.940234375      -5.336373074853652      -5.336373074853194
       4.000390625000001      -5.319089300399492      -5.319089300398721
             4.060546875      -5.301402410173689      -5.301402410174473
             4.120703125       -5.28331070898434      -5.283310708983546
             4.180859375      -5.264812747590643       -5.26481274759124
             4.241015625      -5.245907327537981      -5.245907327537228
       4.301171875000001      -5.226593505669407        -5.2265935056696
             4.361328125      -5.206870598271499       -5.20687059827149
             4.421484375      -5.186738184899343      -5.186738184900441
             4.481640625      -5.166196111760244      -5.166196111759545
             4.541796875      -5.145244494828353      -5.145244494828852
       4.601953125000001      -5.123883722516766      -5.123883722517778
             4.662109375      -5.102114457989843      -5.102114457989643
             4.722265625      -5.079937641117195      -5.079937641116977
             4.782421875      -5.057354490021853      -5.057354490021885
             4.842578125      -5.034366502259355      -5.034366502259632
       4.902734375000001      -5.010975455613425      -5.010975455613732
             4.962890625       -4.98718340849663      -4.987183408496129
             5.023046875      -4.962992699977101      -4.962992699976618
             5.083203125      -4.938405949424669      -4.938405949425416
             5.143359375      -4.913426055777934      -4.913426055778515
       5.203515625000001      -4.888056196401001       -4.88805619639975
             5.263671875      -4.862299825631276      -4.862299825632041
             5.323828125      -4.836160672883367      -4.836160672883411
             5.383984375      -4.809642740439815      -4.809642740440371
             5.444140625      -4.782750300846666      -4.782750300845898
       5.504296875000001      -4.755487893968783      -4.755487893970123
             5.564453125      -4.727860323703854      -4.727860323703613
             5.624609375      -4.699872654312827      -4.699872654313113
             5.684765625      -4.671530206475987      -4.671530206475275
             5.744921875       -4.64283855296141      -4.642838552961376
       5.805078125000001      -4.613803514007641       -4.61380351400872
             5.865234375      -4.584431152400105      -4.584431152399953
             5.925390625      -4.554727768209453      -4.554727768209381
             5.985546875       -4.52469989329092      -4.524699893291098
             6.045703125      -4.494354285448647      -4.494354285448503
       6.105859375000001        -4.4636979223781       -4.46369792237702
             6.166015625      -4.432737995307819      -4.432737995309002
             6.226171875      -4.401481902435798      -4.401481902436416
             6.286328125      -4.369937242083093      -4.369937242081367
             6.346484375      -4.338111805653304      -4.338111805655114
       6.406640625000001      -4.306013570401134      -4.306013570400403
             6.466796875      -4.273650691927614      -4.273650691928141
             6.526953125      -4.241031496581373      -4.241031496580408
             6.587109375      -4.208164473623128      -4.208164473622086
             6.647265625      -4.175058267244962      -4.175058267246815
       6.707421875000001      -4.141721668472338      -4.141721668472562
             6.767578125      -4.108163606876123      -4.108163606876216
             6.827734375      -4.074393142231679      -4.074393142230695
             6.887890625      -4.040419456008041      -4.040419456009023
             6.948046875      -4.006251842831009      -4.006251842830459
       7.008203125000001      -3.971899701791082      -3.971899701790386
             7.068359375      -3.937372527758527      -3.937372527759746
             7.128515625      -3.902679902604228      -3.902679902604051
             7.188671875      -3.867831486384307      -3.867831486383517
             7.248828125      -3.832837008525121       -3.83283700852615
       7.308984375000001      -3.797706258964725      -3.797706258964575
             7.369140625      -3.762449079310073      -3.762449079310391
             7.429296875      -3.727075354023429      -3.727075354024115
             7.489453125      -3.691595001594616      -3.691595001594223
             7.549609375      -3.656017965795201      -3.656017965795222
       7.609765625000001      -3.620354206950257      -3.620354206950251
             7.669921875      -3.584613693307282      -3.584613693306981
             7.730078125      -3.548806392423178      -3.548806392423209
             7.790234375        -3.5129422627091      -3.512942262708425
             7.850390625      -3.477031245009421      -3.477031245008591
       7.910546875000001      -3.441083254314927      -3.441083254317339
             7.970703125      -3.405108171614061      -3.405108171612139
             8.030859375      -3.369115835796506      -3.369115835796864
       8.091015625000001      -3.333116035795123      -3.333116035794223
       8.151171875000001      -3.297118502796872      -3.297118502797911
             8.211328125      -3.261132902627124      -3.261132902625802
             8.271484375      -3.225168828321265      -3.225168828321659
             8.331640625      -3.189235792828045      -3.189235792828658
       8.391796875000001       -3.15334322192704      -3.153343221925826
       8.451953125000001      -3.117500447294774      -3.117500447295634
             8.512109375      -3.081716699804565      -3.081716699803887
             8.572265625      -3.046001102982355      -3.046001102981847
             8.632421875      -3.010362666698175      -3.010362666699555
       8.692578125000001      -2.974810281046274      -2.974810281046146
       8.752734375000001      -2.939352710447324      -2.939352710446276
             8.812890625      -2.903998587972598       -2.90399858797429
             8.873046875      -2.868756409891813      -2.868756409890087
             8.933203125      -2.833634530411136      -2.833634530411502
       8.993359375000001      -2.798641156722317      -2.798641156722386
       9.053515625000001      -2.763784344186033      -2.763784344185574
             9.113671875      -2.729071991817937      -2.729071991818148
             9.173828125      -2.694511837988138      -2.694511837988474
             9.233984375      -2.660111456354726      -2.660111456354508
       9.294140625000001      -2.625878252043477      -2.625878252043472
       9.354296875000001      -2.591819458066109      -2.591819458067383
             9.414453125      -2.557942131984658      -2.557942131983389
             9.474609375      -2.524253152771307      -2.524253152771974
             9.534765625      -2.490759218028059      -2.490759218028315
       9.594921875000001      -2.457466841250262      -2.457466841248674
       9.655078125000001      -2.424382349546814      -2.424382349547375
             9.715234375      -2.391511881412645      -2.391511881413055
             9.775390625      -2.358861384872539      -2.358861384871704
             9.835546875      -2.326436615738124      -2.326436615739066
       9.895703125000001      -2.294243136215073      -2.294243136215639
       9.955859375000001      -2.262286313639783      -2.262286313637981
            10.016015625      -2.230571319481887      -2.230571319483301
            10.076171875      -2.199103128583499      -2.199103128583562
            10.136328125      -2.167886518581731      -2.167886518580355
            10.196484375      -2.136926069559757      -2.136926069560046
            10.256640625      -2.106226163915574       -2.10622616391791
            10.316796875      -2.075790986440448      -2.075790986437707
            10.376953125      -2.045624524540792      -2.045624524540437
            10.437109375      -2.015730568768344      -2.015730568770375
            10.497265625      -1.986112713439127      -1.986112713437973
            10.557421875      -1.956774357461609      -1.956774357462477
            10.617578125      -1.927718705416061      -1.927718705415384
            10.677734375      -1.898948768696538       -1.89894876869682
            10.737890625      -1.870467366922265      -1.870467366922997
            10.798046875      -1.842277129471158      -1.842277129470997
            10.858203125      -1.814380497146731      -1.814380497147736
            10.918359375      -1.786779724080455      -1.786779724079288
            10.978515625      -1.759476879681649      -1.759476879683756
            11.038671875      -1.732473850816281      -1.732473850815661
            11.098828125      -1.705772344053934      -1.705772344053571
            11.158984375      -1.679373888105983      -1.679373888107361
            11.219140625      -1.653279836326796      -1.653279836326061
            11.279296875      -1.627491369396124      -1.627491369395115
            11.339453125       -1.60200949804158      -1.602009498043701
            11.399609375      -1.576835065950816      -1.576835065948815
            11.459765625      -1.551968752684298       -1.55196875268435
            11.519921875      -1.527411076794349      -1.527411076795824
            11.580078125      -1.503162398929737      -1.503162398928363
            11.640234375      -1.479222925062059      -1.479222925062459
            11.700390625      -1.455592709832331      -1.455592709831348
            11.760546875      -1.432271659863858      -1.432271659867259
            11.820703125      -1.409259537261697       -1.40925953725833
            11.880859375      -1.386555963030252      -1.386555963031669
            11.941015625      -1.364160420706242      -1.364160420705217
            12.001171875      -1.342072259860522      -1.342072259860227
            12.061328125      -1.320290699799959      -1.320290699800456
            12.121484375      -1.298814833190717      -1.298814833189108
            12.181640625      -1.277643629766725      -1.277643629768483
            12.241796875      -1.256775940053556      -1.256775940052889
            12.301953125      -1.236210499091336      -1.236210499091198
            12.362109375      -1.215945930204068      -1.215945930203496
            12.422265625       -1.19598074873594      -1.195980748734633
            12.482421875      -1.176313365850033       -1.17631336585187
            12.542578125      -1.156942092251773       -1.15694209225164
            12.602734375      -1.137865141974858      -1.137865141975128
            12.662890625      -1.119080636126081      -1.119080636125299
            12.723046875      -1.100586606591473      -1.100586606592737
            12.783203125      -1.082380999810762      -1.082380999810135
            12.843359375      -1.064461680395372      -1.064461680395129
            12.903515625      -1.046826434868194      -1.046826434867377
            12.963671875      -1.029472975247209      -1.029472975246881
            13.023828125       -1.01239894268836      -1.012398942689749
            13.083984375     -0.9956019110344317     -0.9956019110329088
            13.144140625      -0.979079390346681     -0.9790793903452063
            13.204296875     -0.9628288303824303     -0.9628288303838344
            13.264453125     -0.9468476240840588     -0.9468476240817012
            13.324609375     -0.9311331108743754     -0.9311331108758139
            13.384765625     -0.9156825801198795     -0.9156825801186843
            13.444921875     -0.9004932743062809     -0.9004932743062778
            13.505078125     -0.8855623923472525      -0.885562392348254
            13.565234375     -0.8708870927246535     -0.8708870927237298
            13.625390625      -0.856464496608303     -0.8564644966084416
            13.685546875     -0.8422916909119392     -0.8422916909127638
            13.745703125     -0.8283657312882421     -0.8283657312863884
            13.805859375     -0.8146836450524694     -0.8146836450549904
            13.866015625     -0.8012424339748427     -0.8012424339725674
            13.926171875     -0.7880390773989213     -0.7880390774002899
            13.986328125     -0.7750705338946773     -0.7750705338926651
            14.046484375     -0.7623337469562842     -0.7623337469567665
            14.106640625     -0.7498256394851082     -0.7498256394849074
            14.166796875     -0.7375431366020652     -0.7375431366033113
            14.226953125     -0.7254831210497371     -0.7254831210490175
            14.287109375      -0.713642548837694     -0.7136425488388908
            14.347265625     -0.7020180222444341     -0.7020180222448317
            14.407421875     -0.6906081606152844     -0.6906081606143362
            14.467578125      -0.679402844561166     -0.6794028445614129
            14.527734375     -0.6684065984003129     -0.6684065984004866
            14.587890625     -0.6577300394819737     -0.6577300394811224
            14.648046875     -0.6464152659095131     -0.6464152659098611
            14.708203125     -0.6426694761354915     -0.6426694761348561
            14.768359375     -0.5637871817628984      -0.563787181764571
            14.828515625      -10.24881883881052      -10.24881883879786
            14.888671875   8.906422690832378e+65   8.906422690655788e+65
            14.948828125                    -nan                    -nan
            15.008984375                    -nan                    -nan
            15.069140625                    -nan                    -nan
            15.129296875                    -nan                    -nan
            15.189453125                    -nan                    -nan
            15.249609375                    -nan                    -nan
            15.309765625                    -nan                    -nan
            15.369921875                    -nan                    -nan
            15.430078125                       0                       0
            15.490234375                       0                       0
            15.550390625                       0                       0
            15.610546875                       0                       0
