# File created on Wed Jul  8 11:33:16 2026
# ======================================== 
# = Running code assuming AXISYMMETRY    = 
# ======================================== 
# Data for Inflation GW initial data initial data at coord. time 0.188986 and proper central time 0.188986
# Evolved with (264,10,9) gridpoints (including 4 ghosts)
# Evolution with geodesic slicing and constant shift
# using eighth-order spatial differencing with 4 ghost zones 
# data 1 at theta = 0 and phi = 3.14159
# data 2 at theta = 1.5708 and phi = 3.14159
#                      r                    I_Re                    I_Re
#                               (     0,3.14159)        (1.5708,3.14159)
#========================================================================
            -0.210546875       5.588497615593605       5.588497615594979
            -0.150390625       5.589357566585997       5.589357566583768
    -0.09023437500000001       5.589930493871284       5.589930493873068
            -0.030078125       5.590216845477546       5.590216845478158
             0.030078125        5.59021684547877       5.590216845478158
     0.09023437500000001       5.589930493874851       5.589930493873068
             0.150390625        5.58935756658154       5.589357566583768
             0.210546875       5.588497615596353       5.588497615594979
             0.270703125        5.58734996931259       5.587349969311961
             0.330859375       5.585913733044076       5.585913733044992
             0.391015625       5.584187789697857       5.584187789697756
             0.451171875       5.582170800632702       5.582170800632118
             0.511328125       5.579861206677472       5.579861206678466
             0.571484375        5.57725722942778       5.577257229426094
      0.6316406250000001       5.574356872602023       5.574356872605104
             0.691796875       5.571157923819004       5.571157923815862
             0.751953125       5.567657956342626       5.567657956343847
             0.812109375       5.563854331331483        5.56385433133233
             0.872265625       5.559744200161344       5.559744200159654
      0.9324218750000001       5.555324507052308       5.555324507053458
             0.992578125       5.550591992040558       5.550591992040569
             1.052734375       5.545543194197296       5.545543194196966
             1.112890625        5.54017445513733       5.540174455136627
             1.173046875       5.534481922923601       5.534481922923915
             1.233203125       5.528461556277405       5.528461556278981
             1.293359375       5.522109129160196        5.52210912915723
             1.353515625       5.515420235708073       5.515420235711417
             1.413671875       5.508390295642842       5.508390295639623
             1.473828125       5.501014559970801        5.50101455997355
             1.533984375       5.493288117241258       5.493288117239612
             1.594140625       5.485205900123398       5.485205900124018
             1.654296875       5.476762692529697       5.476762692528869
             1.714453125       5.467953137141965       5.467953137143263
             1.774609375       5.458771743473975       5.458771743473621
             1.834765625       5.449212896331297       5.449212896331454
             1.894921875       5.439270864896625       5.439270864895565
             1.955078125       5.428939812163257       5.428939812163986
             2.015234375       5.418213805033504       5.418213805033446
             2.075390625       5.407086824782072       5.407086824781309
             2.135546875       5.395552778151975       5.395552778153817
             2.195703125       5.383605508883585       5.383605508882821
             2.255859375       5.371238809786553       5.371238809785464
             2.316015625       5.358446435299523       5.358446435300584
             2.376171875       5.345222114593175       5.345222114591945
             2.436328125       5.331559565058518       5.331559565060624
             2.496484375        5.31745250641683       5.317452506415346
             2.556640625       5.302894675117074       5.302894675117377
             2.616796875       5.287879839359393       5.287879839359627
             2.676953125       5.272401814392273       5.272401814391329
             2.737109375       5.256454478281759       5.256454478283386
             2.797265625       5.240031788080709        5.24003178807981
             2.857421875       5.223127796265752       5.223127796265661
             2.917578125       5.205736667592682       5.205736667592779
             2.977734375       5.187852696149582       5.187852696149615
             3.037890625       5.169470322758292       5.169470322757777
             3.098046875       5.150584152488172       5.150584152489794
             3.158203125       5.131188972445424       5.131188972444361
             3.218359375       5.111279769636079       5.111279769635677
             3.278515625       5.090851748942745        5.09085174894286
             3.338671875       5.069900351182193       5.069900351182564
             3.398828125       5.048421271096688       5.048421271095484
             3.458984375        5.02641047535949       5.026410475361412
             3.519140625       5.003864220480301       5.003864220478717
             3.579296875       4.980779070503392       4.980779070504818
             3.639453125       4.957151914621193       4.957151914620239
             3.699609375       4.932979984389814       4.932979984389459
             3.759765625       4.908260870781445       4.908260870783137
             3.819921875       4.882992540783469       4.882992540780425
             3.880078125       4.857173353609014       4.857173353611971
             3.940234375       4.830802076478335       4.830802076477562
       4.000390625000001       4.803877899789174       4.803877899788218
             4.060546875       4.776400451819916       4.776400451820961
             4.120703125       4.748369812699997       4.748369812699707
             4.180859375       4.719786527790663       4.719786527791436
             4.241015625       4.690651620247202       4.690651620245754
       4.301171875000001       4.660966602863726       4.660966602864648
             4.361328125       4.630733489044084       4.630733489043385
             4.421484375       4.599954802945717       4.599954802947184
             4.481640625       4.568633588600668       4.568633588598757
             4.541796875       4.536773418206889       4.536773418207785
       4.601953125000001         4.5043783993152       4.504378399316206
             4.662109375       4.471453180992219       4.471453180991657
             4.722265625       4.438002958946798       4.438002958946453
             4.782421875       4.404033479502859       4.404033479503266
             4.842578125       4.369551042470907       4.369551042470999
       4.902734375000001       4.334562502838168       4.334562502839015
             4.962890625       4.299075271291736        4.29907527129089
             5.023046875       4.263097313523774        4.26309731352365
             5.083203125       4.226637148361811       4.226637148362693
             5.143359375       4.189703844647023       4.189703844648046
       5.203515625000001       4.152307016863689       4.152307016861681
             5.263671875       4.114456819620128       4.114456819621237
             5.323828125       4.076163940803355       4.076163940802482
             5.383984375       4.037439593589452       4.037439593590751
             5.444140625        3.99829550719639       3.998295507194919
       5.504296875000001       3.958743916455714       3.958743916457006
             5.564453125       3.918797550230451       3.918797550229796
             5.624609375       3.878469618610801       3.878469618611792
             5.684765625       3.837773799075442       3.837773799074442
             5.744921875       3.796724221454681       3.796724221454214
       5.805078125000001       3.755335451893412       3.755335451893983
             5.865234375        3.71362247577848       3.713622475778596
             5.925390625       3.671600679639946       3.671600679640615
             5.985546875        3.62928583216469        3.62928583216486
             6.045703125       3.586694064248539       3.586694064248793
       6.105859375000001       3.543841848281677       3.543841848280278
             6.166015625       3.500745976555662       3.500745976557087
             6.226171875       3.457423539021769       3.457423539023049
             6.286328125       3.413891900285794       3.413891900283228
             6.346484375        3.37016867603027       3.370168676032548
       6.406640625000001       3.326271708912108       3.326271708910819
             6.466796875       3.282219043861142       3.282219043862646
             6.526953125       3.238028903074579       3.238028903073717
             6.587109375       3.193719660562317       3.193719660560876
             6.647265625       3.149309816419652       3.149309816421726
       6.707421875000001       3.104817970910356        3.10481797091004
             6.767578125       3.060262798305897       3.060262798305937
             6.827734375       3.015663020738585       3.015663020737731
             6.887890625        2.97103738192374       2.971037381925249
             6.948046875       2.926404621029572       2.926404621028834
       7.008203125000001       2.881783446545097       2.881783446544294
             7.068359375       2.837192510426628       2.837192510428434
             7.128515625       2.792650382430569       2.792650382430263
             7.188671875       2.748175524734553       2.748175524733054
             7.248828125       2.703786266980026       2.703786266981033
       7.308984375000001       2.659500781688844       2.659500781688783
             7.369140625        2.61533706017692        2.61533706017657
             7.429296875       2.571312889033326       2.571312889034051
             7.489453125       2.527445827137815       2.527445827137178
             7.549609375        2.48375318336912       2.483753183369026
       7.609765625000001       2.440251994977702       2.440251994977841
             7.669921875       2.396959006717192       2.396959006716543
             7.730078125       2.353890650698856       2.353890650699436
             7.790234375       2.311063027149061       2.311063027148271
             7.850390625       2.268491885940295       2.268491885939906
       7.910546875000001       2.226192609049247       2.226192609051472
             7.970703125       2.184180193942422       2.184180193939969
             8.030859375       2.142469237842651       2.142469237843152
       8.091015625000001       2.101073923046191       2.101073923045687
       8.151171875000001       2.060008003166499       2.060008003167545
             8.211328125       2.019284790383645       2.019284790382681
             8.271484375       1.978917143749725       1.978917143750708
             8.331640625        1.93891745846467       1.938917458465184
       8.391796875000001       1.899297656229518       1.899297656228854
       8.451953125000001       1.860069176605328       1.860069176606005
             8.512109375       1.821242969428447       1.821242969427356
             8.572265625       1.782829488240368       1.782829488240318
             8.632421875       1.744838684769575       1.744838684770236
       8.692578125000001       1.707280004392354        1.70728000439266
       8.752734375000001       1.670162382653484       1.670162382651501
             8.812890625       1.633494242729326       1.633494242731126
             8.873046875       1.597283493921368       1.597283493919274
             8.933203125       1.561537531031594       1.561537531032479
       8.993359375000001       1.526263234784576       1.526263234784707
       9.053515625000001        1.49146697304942       1.491466973049085
             9.113671875        1.45715460302785       1.457154603028262
             9.173828125       1.423331474276615        1.42333147427663
             9.233984375       1.390002432560955       1.390002432560777
       9.294140625000001         1.3571718245206       1.357171824520366
       9.354296875000001       1.324843503096627        1.32484350309756
             9.414453125       1.293020833715982       1.293020833714182
             9.474609375       1.261706701123926       1.261706701124604
             9.534765625       1.230903517006614       1.230903517006591
       9.594921875000001       1.200613228064182        1.20061322806301
       9.655078125000001       1.170837324882463       1.170837324883057
             9.715234375       1.141576851193332       1.141576851193847
             9.775390625       1.112832413783223       1.112832413782229
             9.835546875       1.084604192781917       1.084604192782746
       9.895703125000001       1.056891952505729       1.056891952505846
       9.955859375000001       1.029695052613205       1.029695052612272
            10.016015625       1.003012459690751       1.003012459691051
            10.076171875       0.976842759158506      0.9768427591585751
            10.136328125      0.9511841674725378      0.9511841674716135
            10.196484375      0.9260345445834163      0.9260345445831973
            10.256640625      0.9013914066272135      0.9013914066286701
            10.316796875      0.8772519388232277      0.8772519388212818
            10.376953125      0.8536130084711143      0.8536130084706878
            10.437109375      0.8304711781544897      0.8304711781561098
            10.497265625      0.8078227189701717      0.8078227189692861
            10.557421875      0.7856636238163076        0.78566362381735
            10.617578125      0.7639896207724771      0.7639896207720367
            10.677734375      0.7427961863842094       0.742796186384068
            10.737890625      0.7220785589965222      0.7220785589968972
            10.798046875      0.7018317519918397      0.7018317519914814
            10.858203125      0.6820505669351892      0.6820505669357027
            10.918359375      0.6627296066497407      0.6627296066488919
            10.978515625      0.6438632881174375      0.6438632881183937
            11.038671875      0.6254458552542993      0.6254458552540786
            11.098828125      0.6074713914917379      0.6074713914914112
            11.158984375      0.5899338321821205      0.5899338321827476
            11.219140625      0.5728269767661277      0.5728269767657166
            11.279296875      0.5561445007404335      0.5561445007401321
            11.339453125      0.5398799673414777      0.5398799673425574
            11.399609375      0.5240268390144112      0.5240268390133624
            11.459765625      0.5085784885520979      0.5085784885519826
            11.519921875      0.4935282100142859      0.4935282100156261
            11.580078125      0.4788692292944279      0.4788692292934456
            11.640234375      0.4645947143951006      0.4645947143953164
            11.700390625       0.450697785427123      0.4506977854269704
            11.760546875      0.4371715242244922      0.4371715242256997
            11.820703125      0.4240089836916259      0.4240089836899527
            11.880859375      0.4112031967628225      0.4112031967634876
            11.941015625      0.3987471850947901      0.3987471850945827
            12.001171875      0.3866339673376363       0.386633967337195
            12.061328125      0.3748565671426011       0.374856567142961
            12.121484375      0.3634080207782622      0.3634080207770443
            12.181640625      0.3522813844208428      0.3522813844219343
            12.241796875      0.3414697411185014      0.3414697411180472
            12.301953125      0.3309662073821477      0.3309662073821987
            12.362109375      0.3207639394789628      0.3207639394786614
            12.422265625      0.3108561393571713       0.310856139356872
            12.482421875      0.3012360602746044      0.3012360602751605
            12.542578125      0.2918970120644205      0.2918970120644134
            12.602734375      0.2828323661149542      0.2828323661147347
            12.662890625      0.2740355600120488      0.2740355600113676
            12.723046875      0.2655001018718194      0.2655001018724379
            12.783203125      0.2572195744010462      0.2572195744007258
            12.843359375      0.2491876386018702      0.2491876386019763
            12.903515625      0.2413980372581852      0.2413980372578785
            12.963671875       0.233844598076926      0.2338445980769301
            13.023828125      0.2265212366037361       0.226521236604138
            13.083984375      0.2194219588408572      0.2194219588406248
            13.144140625       0.212540863623134      0.2125408636227752
            13.204296875        0.20587214473495       0.205872144735714
            13.264453125      0.1994100928078444      0.1994100928074061
            13.324609375      0.1931490969410583      0.1931490969414217
            13.384765625      0.1870836461612488      0.1870836461610436
            13.444921875      0.1812083306048725      0.1812083306047864
            13.505078125      0.1755178425403965      0.1755178425407701
            13.565234375      0.1700069771688686      0.1700069771684378
            13.625390625      0.1646706332497581      0.1646706332495391
            13.685546875      0.1595038135226766      0.1595038135227976
            13.745703125      0.1545016250290111      0.1545016250288205
            13.805859375      0.1496592790860809      0.1496592790867736
            13.866015625      0.1449720915636913      0.1449720915630574
            13.926171875      0.1404354818976715       0.140435481897929
            13.986328125       0.136044974726922      0.1360449747264757
            14.046484375       0.131796194505718      0.1317961945058524
            14.106640625      0.1276848773842446      0.1276848773844111
            14.166796875      0.1237068386603888      0.1237068386604672
            14.226953125      0.1198580535342663      0.1198580535335533
            14.287109375      0.1161344577760532      0.1161344577761884
            14.347265625      0.1125323579068881       0.112532357907264
            14.407421875      0.1090477366070896      0.1090477366071482
            14.467578125      0.1056784105571464      0.1056784105570546
            14.527734375      0.1024078974570286      0.1024078974572397
            14.587890625     0.09929055997782604     0.09929055997767308
            14.648046875     0.09623380366318712     0.09623380366340317
            14.708203125     0.09459902107123798     0.09459902107110087
            14.768359375     0.06759265803664075     0.06759265803691128
            14.828515625       51.12440410790897       51.12440410777261
            14.888671875  3.966218257388689e+131  3.966218257231411e+131
            14.948828125                    -nan                    -nan
            15.008984375                    -nan                    -nan
            15.069140625                    -nan                    -nan
            15.129296875                    -nan                    -nan
            15.189453125                    -nan                    -nan
            15.249609375                    -nan                    -nan
            15.309765625                    -nan                    -nan
            15.369921875                    -nan                    -nan
            15.430078125                       0                       0
            15.490234375                       0                       0
            15.550390625                       0                       0
            15.610546875                       0                       0
