# File created on Tue Jul  7 15:36:44 2026
# Data for Inflation GW initial data initial data at coord time 0 and central proper time 0
# Evolved with (136,10,9) gridpoints (including 4 ghosts)
# Evolution with geodesic slicing and constant shift shift condition 
# data for phi = 3.14159
#              r           theta                I_Re
#===============================================================
        0.078125      0.78539816   3.259637900581438e-08
        0.078125       2.3561945   3.259637900581436e-08

        0.234375      0.78539816   2.177461986936048e-08
        0.234375       2.3561945   2.177461986936048e-08

        0.390625      0.78539816   2.092039850058535e-07
        0.390625       2.3561945   2.092039850058536e-07

        0.546875      0.78539816   5.562553012753601e-07
        0.546875       2.3561945   5.562553012753604e-07

        0.703125      0.78539816   7.612290953320004e-07
        0.703125       2.3561945   7.612290953320004e-07

        0.859375      0.78539816   6.828013095204363e-07
        0.859375       2.3561945    6.82801309520436e-07

        1.015625      0.78539816   4.532078161300562e-07
        1.015625       2.3561945   4.532078161300564e-07

        1.171875      0.78539816   2.434420684599022e-07
        1.171875       2.3561945   2.434420684599018e-07

        1.328125      0.78539816   1.151169566791612e-07
        1.328125       2.3561945   1.151169566791602e-07

        1.484375      0.78539816    5.20798019434153e-08
        1.484375       2.3561945   5.207980194341524e-08

        1.640625      0.78539816   2.424259378940547e-08
        1.640625       2.3561945   2.424259378940542e-08

        1.796875      0.78539816   1.217543293441721e-08
        1.796875       2.3561945   1.217543293441707e-08

        1.953125      0.78539816   6.698487899621741e-09
        1.953125       2.3561945   6.698487899621958e-09

        2.109375      0.78539816    3.99789596774091e-09
        2.109375       2.3561945   3.997895967741027e-09

        2.265625      0.78539816   2.538209138363912e-09
        2.265625       2.3561945   2.538209138363837e-09

        2.421875      0.78539816   1.683758428954637e-09
        2.421875       2.3561945   1.683758428954662e-09

        2.578125      0.78539816   1.152948772628832e-09
        2.578125       2.3561945   1.152948772628936e-09

        2.734375      0.78539816   8.091170859704632e-10
        2.734375       2.3561945   8.091170859705436e-10

        2.890625      0.78539816   5.795387966172795e-10
        2.890625       2.3561945   5.795387966173006e-10

        3.046875      0.78539816   4.225475856053735e-10
        3.046875       2.3561945   4.225475856053688e-10

        3.203125      0.78539816   3.130072966050356e-10
        3.203125       2.3561945   3.130072966050302e-10

        3.359375      0.78539816   2.352049206355086e-10
        3.359375       2.3561945   2.352049206355065e-10

        3.515625      0.78539816   1.790533955870183e-10
        3.515625       2.3561945   1.790533955870261e-10

        3.671875      0.78539816    1.37933933859646e-10
        3.671875       2.3561945   1.379339338596551e-10

        3.828125      0.78539816   1.074193194472455e-10
        3.828125       2.3561945   1.074193194472508e-10

        3.984375      0.78539816   8.449643253367947e-11
        3.984375       2.3561945   8.449643253368389e-11

        4.140625      0.78539816   6.708180230909755e-11
        4.140625       2.3561945   6.708180230909844e-11

        4.296875      0.78539816   5.371360161252753e-11
        4.296875       2.3561945   5.371360161251977e-11

        4.453125      0.78539816   4.335225728278937e-11
        4.453125       2.3561945   4.335225728277577e-11

        4.609375      0.78539816   3.524919352073037e-11
        4.609375       2.3561945   3.524919352072211e-11

        4.765625      0.78539816   2.885908905155735e-11
        4.765625       2.3561945   2.885908905155664e-11

        4.921875      0.78539816   2.378037446437731e-11
        4.921875       2.3561945    2.37803744643796e-11

        5.078125      0.78539816   1.971433660592686e-11
        5.078125       2.3561945   1.971433660593013e-11

        5.234375      0.78539816   1.643666904491807e-11
        5.234375       2.3561945   1.643666904491989e-11

        5.390625      0.78539816   1.377743479930667e-11
        5.390625       2.3561945   1.377743479930724e-11

        5.546875      0.78539816   1.160681579145543e-11
        5.546875       2.3561945   1.160681579145719e-11

        5.703125      0.78539816   9.824858180742815e-12
        5.703125       2.3561945   9.824858180744779e-12

        5.859375      0.78539816   8.354031330397541e-12
        5.859375       2.3561945    8.35403133039738e-12

        6.015625      0.78539816   7.133777778710489e-12
        6.015625       2.3561945    7.13377777870904e-12

        6.171875      0.78539816   6.116480416149718e-12
        6.171875       2.3561945   6.116480416148729e-12

        6.328125      0.78539816   5.264464865234397e-12
        6.328125       2.3561945   5.264464865234665e-12

        6.484375      0.78539816   4.547743777734989e-12
        6.484375       2.3561945   4.547743777735612e-12

        6.640625      0.78539816   3.942313698543459e-12
        6.640625       2.3561945   3.942313698543371e-12

        6.796875      0.78539816   3.428857193469661e-12
        6.796875       2.3561945   3.428857193468507e-12

        6.953125      0.78539816   2.991748176420023e-12
        6.953125       2.3561945   2.991748176418768e-12

        7.109375      0.78539816   2.618284913310739e-12
        7.109375       2.3561945   2.618284913310452e-12

        7.265625      0.78539816   2.298093552580898e-12
        7.265625       2.3561945   2.298093552580936e-12

        7.421875      0.78539816   2.022664904659059e-12
        7.421875       2.3561945   2.022664904658619e-12

        7.578125      0.78539816   1.784987930927733e-12
        7.578125       2.3561945   1.784987930927175e-12

        7.734375      0.78539816   1.579263759417118e-12
        7.734375       2.3561945   1.579263759416872e-12

        7.890625      0.78539816   1.400676096129236e-12
        7.890625       2.3561945     1.4006760961292e-12

        8.046875      0.78539816   1.245210458726153e-12
        8.046875       2.3561945   1.245210458726199e-12

        8.203125      0.78539816   1.109507976308372e-12
        8.203125       2.3561945   1.109507976308595e-12

        8.359375      0.78539816   9.907490000049467e-13
        8.359375       2.3561945   9.907490000055257e-13

        8.515625      0.78539816   8.865586739261948e-13
        8.515625       2.3561945   8.865586739268831e-13

        8.671875      0.78539816   7.949296256550723e-13
        8.671875       2.3561945   7.949296256555799e-13

        8.828125      0.78539816   7.141607984854251e-13
        8.828125       2.3561945   7.141607984856986e-13

        8.984375      0.78539816   6.428056798799604e-13
        8.984375       2.3561945    6.42805679880021e-13

        9.140625      0.78539816   5.796311040589623e-13
        9.140625       2.3561945    5.79631104058926e-13

        9.296875      0.78539816   5.235825914461785e-13
        9.296875       2.3561945   5.235825914461877e-13

        9.453125      0.78539816   4.737561135083431e-13
        9.453125       2.3561945   4.737561135084023e-13

        9.609375      0.78539816   4.293746929600691e-13
        9.609375       2.3561945   4.293746929601715e-13

        9.765625      0.78539816   3.897688703118866e-13
        9.765625       2.3561945   3.897688703120873e-13

        9.921875      0.78539816    3.54360252385091e-13
        9.921875       2.3561945   3.543602523853172e-13

       10.078125      0.78539816   3.226481171582421e-13
       10.078125       2.3561945   3.226481171583613e-13

       10.234375      0.78539816   2.941979769329421e-13
       10.234375       2.3561945   2.941979769329529e-13

       10.390625      0.78539816   2.686319508679308e-13
       10.390625       2.3561945   2.686319508679357e-13

       10.546875      0.78539816    2.45620729263429e-13
       10.546875       2.3561945   2.456207292635371e-13

       10.703125      0.78539816   2.248765919835299e-13
       10.703125       2.3561945   2.248765919837641e-13

       10.859375      0.78539816   2.061479160703005e-13
       10.859375       2.3561945   2.061479160705217e-13

       11.015625      0.78539816   1.892139534985425e-13
       11.015625       2.3561945   1.892139534986102e-13

       11.171875      0.78539816   1.738808280693024e-13
       11.171875       2.3561945   1.738808280692454e-13

       11.328125      0.78539816   1.599778673426158e-13
       11.328125       2.3561945   1.599778673425432e-13

       11.484375      0.78539816    1.47354722674224e-13
       11.484375       2.3561945   1.473547226741623e-13

       11.640625      0.78539816    1.35878425109317e-13
       11.640625       2.3561945   1.358784251091915e-13

       11.796875      0.78539816   1.254314437684008e-13
       11.796875       2.3561945   1.254314437681887e-13

       11.953125      0.78539816   1.159096591603742e-13
       11.953125       2.3561945   1.159096591601329e-13

       12.109375      0.78539816   1.072205189417595e-13
       12.109375       2.3561945   1.072205189415737e-13

       12.265625      0.78539816   9.928194610289875e-14
       12.265625       2.3561945   9.928194610280631e-14

       12.421875      0.78539816   9.202069312536419e-14
       12.421875       2.3561945     9.2020693125303e-14

       12.578125      0.78539816   8.537152468439562e-14
       12.578125       2.3561945   8.537152468433732e-14

       12.734375      0.78539816   7.927622590842423e-14
       12.734375       2.3561945   7.927622590839954e-14

       12.890625      0.78539816   7.368263103617654e-14
       12.890625       2.3561945   7.368263103621626e-14

       13.046875      0.78539816   6.854411248197614e-14
       13.046875       2.3561945   6.854411248206184e-14

       13.203125      0.78539816   6.381880969837122e-14
       13.203125       2.3561945   6.381880969844441e-14

       13.359375      0.78539816   5.946922088176153e-14
       13.359375       2.3561945   5.946922088179536e-14

       13.515625      0.78539816   5.546151935872863e-14
       13.515625       2.3561945   5.546151935870902e-14

       13.671875      0.78539816    5.17654144920589e-14
       13.671875       2.3561945   5.176541449200202e-14

       13.828125      0.78539816    4.83535127727344e-14
       13.828125       2.3561945   4.835351277267273e-14

       13.984375      0.78539816   4.520116567967702e-14
       13.984375       2.3561945   4.520116567962641e-14

       14.140625      0.78539816   4.228599584161762e-14
       14.140625       2.3561945   4.228599584159844e-14

       14.296875      0.78539816   3.958791415622662e-14
       14.296875       2.3561945   3.958791415625992e-14

       14.453125      0.78539816   3.708853997738475e-14
       14.453125       2.3561945   3.708853997746176e-14

       14.609375      0.78539816    3.47713309500693e-14
       14.609375       2.3561945   3.477133095015474e-14

       14.765625      0.78539816   3.262126603688514e-14
       14.765625       2.3561945   3.262126603696081e-14

       14.921875      0.78539816   3.062465413870966e-14
       14.921875       2.3561945   3.062465413878504e-14

       15.078125      0.78539816   2.876910664893761e-14
       15.078125       2.3561945   2.876910664900888e-14

       15.234375      0.78539816   2.704338129115886e-14
       15.234375       2.3561945   2.704338129121294e-14

       15.390625      0.78539816   2.543719464972321e-14
       15.390625       2.3561945   2.543719464975585e-14

       15.546875      0.78539816   2.394124217278771e-14
       15.546875       2.3561945   2.394124217280288e-14

       15.703125      0.78539816   2.254694899341945e-14
       15.703125       2.3561945   2.254694899343198e-14

       15.859375      0.78539816   2.124655366181583e-14
       15.859375       2.3561945   2.124655366183902e-14

       16.015625      0.78539816   2.003286325859836e-14
       16.015625       2.3561945    2.00328632586234e-14

       16.171875      0.78539816   1.889935269603408e-14
       16.171875       2.3561945   1.889935269604358e-14

       16.328125      0.78539816   1.783996998596578e-14
       16.328125       2.3561945   1.783996998595706e-14

       16.484375      0.78539816   1.684924700576904e-14
       16.484375       2.3561945   1.684924700574325e-14

       16.640625      0.78539816   1.592206843898152e-14
       16.640625       2.3561945   1.592206843894977e-14

       16.796875      0.78539816   1.505383502943822e-14
       16.796875       2.3561945    1.50538350294165e-14

       16.953125      0.78539816   1.424028485742108e-14
       16.953125       2.3561945   1.424028485742139e-14

       17.109375      0.78539816   1.347751519276905e-14
       17.109375       2.3561945   1.347751519279157e-14

       17.265625      0.78539816   1.276193918063926e-14
       17.265625       2.3561945   1.276193918066917e-14

       17.421875      0.78539816   1.209030714935204e-14
       17.421875       2.3561945   1.209030714937277e-14

       17.578125      0.78539816   1.145949053655973e-14
       17.578125       2.3561945   1.145949053656679e-14

       17.734375      0.78539816   1.086691143501831e-14
       17.734375       2.3561945   1.086691143501895e-14

       17.890625      0.78539816   1.030948839141603e-14
       17.890625       2.3561945   1.030948839141178e-14

       18.046875      0.78539816   9.785881781078518e-15
       18.046875       2.3561945   9.785881781070986e-15

       18.203125      0.78539816   9.291564432047211e-15
       18.203125       2.3561945   9.291564432041043e-15

       18.359375      0.78539816   8.829484984557757e-15
       18.359375       2.3561945   8.829484984555703e-15

       18.515625      0.78539816   8.386841522253823e-15
       18.515625       2.3561945    8.38684152225299e-15

       18.671875      0.78539816   7.985391200228603e-15
       18.671875       2.3561945   7.985391200227944e-15

       18.828125      0.78539816   7.572695891128082e-15
       18.828125       2.3561945   7.572695891128849e-15

       18.984375      0.78539816   7.257028784241196e-15
       18.984375       2.3561945   7.257028784239303e-15

       19.140625      0.78539816   6.799650776402182e-15
       19.140625       2.3561945    6.79965077639424e-15

       19.296875      0.78539816   6.712190832806233e-15
       19.296875       2.3561945   6.712190832791696e-15

       19.453125      0.78539816   5.886759645762182e-15
       19.453125       2.3561945   5.886759645747803e-15

       19.609375      0.78539816   6.786627547997773e-15
       19.609375       2.3561945   6.786627547986687e-15

       19.765625      0.78539816   4.280733908818002e-15
       19.765625       2.3561945   4.280733908812903e-15

       19.921875      0.78539816   8.289139861348041e-15
       19.921875       2.3561945   8.289139861340651e-15

       20.078125      0.78539816                       0
       20.078125       2.3561945                       0

       20.234375      0.78539816                       0
       20.234375       2.3561945                       0

       20.390625      0.78539816                       0
       20.390625       2.3561945                       0

       20.546875      0.78539816                       0
       20.546875       2.3561945                       0

