# File created on Wed Jul  8 11:31:13 2026
# ======================================== 
# = Running code assuming AXISYMMETRY    = 
# ======================================== 
# Data for Inflation GW initial data initial data at coord. time 0.0377973 and proper central time 0.0377973
# Evolved with (264,10,9) gridpoints (including 4 ghosts)
# Evolution with geodesic slicing and constant shift
# using eighth-order spatial differencing with 4 ghost zones 
# data 1 at theta = 0 and phi = 3.14159
# data 2 at theta = 1.5708 and phi = 3.14159
#                      r                    I_Re                    I_Re
#                               (     0,3.14159)        (1.5708,3.14159)
#========================================================================
     -0.1754557291666667       5.997785674743289       5.997785674743289
     -0.1253255208333333       5.998889826707632       5.998889826707632
           -0.0751953125       5.999625654624331       5.999625654624332
    -0.02506510416666667       5.999993486574199         5.9999934865742
     0.02506510416666667         5.9999934865742         5.9999934865742
            0.0751953125       5.999625654624332       5.999625654624332
      0.1253255208333333       5.998889826707632       5.998889826707632
      0.1754557291666667       5.997785674743289       5.997785674743289
            0.2255859375       5.996312706495628       5.996312706495628
      0.2757161458333334       5.994470265444868       5.994470265444868
      0.3258463541666667       5.992257530627999       5.992257530627997
            0.3759765625       5.989673516460838       5.989673516460838
      0.4261067708333334       5.986717072555567       5.986717072555567
      0.4762369791666667       5.983386883549791       5.983386883549791
            0.5263671875       5.979681468966064       5.979681468966063
      0.5764973958333334       5.975599183123123       5.975599183123121
      0.6266276041666667       5.971138215122063       5.971138215122063
            0.6767578125       5.966296588932513       5.966296588932513
      0.7268880208333334       5.961072163606133       5.961072163606133
      0.7770182291666667       5.955462633645765       5.955462633645764
            0.8271484375       5.949465529560134       5.949465529560134
      0.8772786458333334       5.943078218635569       5.943078218635568
      0.9274088541666667       5.936297905955936       5.936297905955935
            0.9775390625       5.929121635704186       5.929121635704185
       1.027669270833333       5.921546292778197       5.921546292778197
       1.077799479166667       5.913568604753491       5.913568604753491
            1.1279296875       5.905185144226915       5.905185144226916
       1.178059895833333       5.896392331572669       5.896392331572669
       1.228190104166667       5.887186438143805       5.887186438143805
            1.2783203125       5.877563589949349        5.87756358994935
       1.328450520833333       5.867519771836289       5.867519771836291
       1.378580729166667       5.857050832207531       5.857050832207531
            1.4287109375       5.846152488298683       5.846152488298684
       1.478841145833333       5.834820332040666       5.834820332040668
       1.528971354166667       5.823049836531306       5.823049836531307
            1.5791015625       5.810836363134035       5.810836363134037
       1.629231770833333       5.798175169222285       5.798175169222285
       1.679361979166667       5.785061416584006       5.785061416584007
            1.7294921875       5.771490180498576       5.771490180498576
       1.779622395833333       5.757456459494301       5.757456459494303
       1.829752604166667       5.742955185790041       5.742955185790043
            1.8798828125       5.727981236425734       5.727981236425734
       1.930013020833333       5.712529445077919        5.71252944507792
       1.980143229166667       5.696594614553817       5.696594614553817
            2.0302734375       5.680171529957946       5.680171529957946
       2.080403645833333       5.663254972514359       5.663254972514361
       2.130533854166667       5.645839734030442       5.645839734030446
            2.1806640625       5.627920631980234       5.627920631980237
       2.230794270833333       5.609492525181896       5.609492525181897
       2.280924479166667       5.590550330042941       5.590550330042941
            2.3310546875       5.571089037340156       5.571089037340156
       2.381184895833333       5.551103729496509       5.551103729496509
       2.431315104166667       5.530589598319474       5.530589598319475
            2.4814453125       5.509541963154922       5.509541963154923
       2.531575520833333       5.487956289410762       5.487956289410763
       2.581705729166667       5.465828207403868       5.465828207403868
            2.6318359375       5.443153531474113       5.443153531474115
       2.681966145833333       5.419928279313821       5.419928279313822
       2.732096354166667       5.396148691453346       5.396148691453348
            2.7822265625       5.371811250844706       5.371811250844708
       2.832356770833333       5.346912702478965       5.346912702478965
       2.882486979166667       5.321450072976763       5.321450072976763
            2.9326171875       5.295420690085594       5.295420690085598
       2.982747395833333       5.268822202016255       5.268822202016258
       3.032877604166667       5.241652596553834       5.241652596553838
            3.0830078125       5.213910219873073       5.213910219873081
       3.133138020833333       5.185593794992128       5.185593794992139
       3.183268229166667       5.156702439794763       5.156702439794774
            3.2333984375       5.127235684552164       5.127235684552177
       3.283528645833333       5.097193488882503       5.097193488882517
       3.333658854166667       5.066576258073979       5.066576258073997
            3.3837890625        5.03538485871197       5.035384858711991
       3.433919270833333        5.00362063354616       5.003620633546181
       3.484049479166667       4.971285415532643       4.971285415532667
            3.5341796875       4.938381540994534       4.938381540994561
       3.584309895833333       4.904911861842799       4.904911861842827
       3.634440104166667       4.870879756803669       4.870879756803697
            3.6845703125       4.836289141597855       4.836289141597891
       3.734700520833333       4.801144478027821       4.801144478027863
       3.784830729166667       4.765450781925053       4.765450781925101
            3.8349609375       4.729213629915726       4.729213629915769
       3.885091145833333        4.69243916497087       4.692439164970912
       3.935221354166667       4.655134100701267       4.655134100701311
            3.9853515625        4.61730572437391       4.617305724373961
       4.035481770833334       4.578961898623065       4.578961898623116
       4.085611979166667       4.540111061831125       4.540111061831182
            4.1357421875       4.500762227171472       4.500762227171538
       4.185872395833334       4.460924980293147       4.460924980293203
       4.236002604166667       4.420609475647633       4.420609475647685
            4.2861328125       4.379826431450265       4.379826431450307
       4.336263020833334       4.338587123282931       4.338587123282965
       4.386393229166667       4.296903376344486       4.296903376344527
            4.4365234375       4.254787556356805       4.254787556356853
       4.486653645833334        4.21225255915146       4.212252559151503
       4.536783854166667       4.169311798949898       4.169311798949952
            4.5869140625       4.125979195366973       4.125979195367025
       4.637044270833334       4.082269159170147       4.082269159170194
       4.687174479166667       4.038196576822212       4.038196576822247
            4.7373046875       3.993776793851662         3.9937767938517
       4.787434895833334       3.949025597092044       3.949025597092104
       4.837565104166667       3.903959195833382       3.903959195833445
            4.8876953125       3.858594201939934       3.858594201939995
       4.937825520833334       3.812947608982127       3.812947608982198
       4.987955729166667       3.767036770443528       3.767036770443599
            5.0380859375       3.720879377061359       3.720879377061438
       5.088216145833334        3.67449343335497       3.674493433355059
       5.138346354166667       3.627897233419234       3.627897233419293
            5.1884765625       3.581109336037271       3.581109336037329
       5.238606770833334       3.534148539186614       3.534148539186671
       5.288736979166667       3.487033854007522       3.487033854007587
            5.3388671875       3.439784478301727       3.439784478301793
       5.388997395833334        3.39241976964044       3.392419769640497
       5.439127604166667       3.344959218143355       3.344959218143415
            5.4892578125       3.297422419013516       3.297422419013579
       5.539388020833334       3.249829044894378       3.249829044894422
       5.589518229166667       3.202198818122092       3.202198818122122
            5.6396484375       3.154551482951983       3.154551482952008
       5.689778645833334        3.10690677782503       3.106906777825042
       5.739908854166667       3.059284407749458       3.059284407749487
            5.7900390625       3.011704016867575       3.011704016867614
       5.840169270833334       2.964185161274662       2.964185161274706
       5.890299479166667       2.916747282162129       2.916747282162142
            5.9404296875       2.869409679344927        2.86940967934492
       5.990559895833334       2.822191485240499       2.822191485240488
       6.040690104166667       2.775111639361067       2.775111639361044
            6.0908203125       2.728188863374897       2.728188863374882
       6.140950520833334       2.681441636797578       2.681441636797555
       6.191080729166667       2.634888173362793        2.63488817336278
            6.2412109375       2.588546398126907       2.588546398126877
       6.291341145833334       2.542433925352874       2.542433925352817
       6.341471354166667       2.496568037219286       2.496568037219234
            6.3916015625       2.450965663396833       2.450965663396788
       6.441731770833334       2.405643361528108       2.405643361528069
       6.491861979166667       2.360617298649133       2.360617298649081
            6.5419921875       2.315903233579375       2.315903233579331
       6.592122395833334        2.27151650031352       2.271516500313496
       6.642252604166667        2.22747199243632       2.227471992436264
            6.6923828125       2.183784148579802       2.183784148579745
       6.742513020833334       2.140466938946933       2.140466938946895
       6.792643229166667       2.097533852907064       2.097533852907043
            6.8427734375       2.054997887682048       2.054997887682055
       6.892903645833334       2.012871538123786       2.012871538123794
       6.943033854166667       1.971166787589519       1.971166787589513
            6.9931640625       1.929895099918556       1.929895099918547
       7.043294270833334       1.889067412500324       1.889067412500288
       7.093424479166667       1.848694130436458       1.848694130436403
            7.1435546875        1.80878512178107       1.808785121781004
       7.193684895833334       1.769349713851375       1.769349713851275
       7.243815104166667       1.730396690594748       1.730396690594667
            7.2939453125       1.691934290991231       1.691934290991169
       7.344075520833334       1.653970208475712       1.653970208475637
       7.394205729166667       1.616511591355597       1.616511591355518
            7.4443359375        1.57956504419972       1.579565044199651
       7.494466145833334       1.543136630173351       1.543136630173289
       7.544596354166667        1.50723187428881        1.50723187428877
            7.5947265625        1.47185576754343       1.471855767543415
       7.644856770833334       1.437012771911162       1.437012771911125
       7.694986979166667       1.402706826155084       1.402706826154994
            7.7451171875       1.368941352427258       1.368941352427153
       7.795247395833334       1.335719263617634       1.335719263617531
       7.845377604166667       1.303042971417016       1.303042971416908
            7.8955078125       1.270914395053971       1.270914395053885
       7.945638020833334       1.239334970669639       1.239334970669569
       7.995768229166667       1.208305661289924       1.208305661289848
            8.0458984375         1.1778269673538       1.177826967353738
       8.096028645833334       1.147898937761802       1.147898937761735
       8.146158854166668       1.118521181399991       1.118521181399915
            8.1962890625       1.089692879102327       1.089692879102254
       8.246419270833334       1.061412796011111       1.061412796011039
       8.296549479166668       1.033679294293841       1.033679294293771
            8.3466796875       1.006490346179971       1.006490346179899
       8.396809895833334      0.9798435472753336      0.9798435472752555
       8.446940104166668      0.9537361301188854      0.9537361301187787
            8.4970703125      0.9281649779422951      0.9281649779422028
       8.547200520833334      0.9031266385957922      0.9031266385957335
       8.597330729166668      0.8786173386049448      0.8786173386048919
            8.6474609375      0.8546329973217525      0.8546329973217216
       8.697591145833334      0.8311692411380032      0.8311692411379914
       8.747721354166668      0.8082214177262165      0.8082214177261999
            8.7978515625      0.7857846102767916      0.7857846102767969
       8.847981770833334      0.7638536517018976      0.7638536517019291
       8.898111979166668      0.7424231387746607      0.7424231387746916
            8.9482421875      0.7214874461765935      0.7214874461766188
       8.998372395833334      0.7010407404280891      0.7010407404280814
       9.048502604166668      0.6810769936731111      0.6810769936731003
            9.0986328125      0.6615899972974046      0.6615899972974051
       9.148763020833334      0.6425733753559948       0.642573375356007
       9.198893229166668      0.6240205977882435      0.6240205977882669
            9.2490234375      0.6059249934027822      0.6059249934027989
       9.299153645833334      0.5882797626117126      0.5882797626117287
       9.349283854166668      0.5710779898986189      0.5710779898986273
            9.3994140625       0.554312656003941      0.5543126560039293
       9.449544270833334      0.5379766498140878      0.5379766498140819
       9.499674479166668      0.5220627799416019      0.5220627799415942
            9.5498046875      0.5065637859841752      0.5065637859841535
       9.599934895833334      0.4914723494534829      0.4914723494534735
       9.650065104166668      0.4767811043638009      0.4767811043638039
            9.7001953125      0.4624826474738127      0.4624826474738377
       9.750325520833334      0.4485695481751534      0.4485695481751245
       9.800455729166668      0.4350343580215205      0.4350343580214535
            9.8505859375      0.4218696198958898       0.421869619895847
       9.900716145833334      0.4090678768117485      0.4090678768117003
       9.950846354166668      0.3966216803467574       0.396621680346667
           10.0009765625      0.3845235987081477       0.384523598708073
       10.05110677083333      0.3727662244303357      0.3727662244302791
       10.10123697916667      0.3613421817047991      0.3613421817047059
           10.1513671875      0.3502441333446021      0.3502441333445312
       10.20149739583333      0.3394647873873166      0.3394647873872549
       10.25162760416667      0.3289969033378641      0.3289969033378092
           10.3017578125      0.3188332980568826      0.3188332980568391
       10.35188802083333      0.3089668512994108      0.3089668512993627
       10.40201822916667      0.2993905109086727      0.2993905109086108
           10.4521484375      0.2900972976716706      0.2900972976716056
       10.50227864583333      0.2810803098432968      0.2810803098432657
       10.55240885416667      0.2723327273453665      0.2723327273453271
           10.6025390625      0.2638478156485989       0.263847815648539
       10.65266927083333      0.2556189293454678      0.2556189293454128
       10.70279947916667      0.2476395154218693      0.2476395154218339
           10.7529296875      0.2399031162366655      0.2399031162366403
       10.80305989583333      0.2324033722171377      0.2324033722171174
       10.85319010416667       0.225134024280131      0.2251340242801203
           10.9033203125      0.2180889159877689      0.2180889159877535
       10.95345052083333      0.2112619954469913      0.2112619954469748
       11.00358072916667      0.2046473169626669      0.2046473169626739
           11.0537109375      0.1982390424537037      0.1982390424536993
       11.10384114583333      0.1920314426415823      0.1920314426415667
       11.15397135416667       0.186018898021105      0.1860188980211033
           11.2041015625      0.1801958996230885      0.1801958996230544
       11.25423177083333      0.1745570495781151      0.1745570495780693
       11.30436197916667      0.1690970614913911      0.1690970614913732
           11.3544921875      0.1638107606372763      0.1638107606372697
       11.40462239583333       0.158693083985019      0.1586930839849952
       11.45475260416667       0.153739080058199      0.1537390800581614
           11.5048828125      0.1489439086550539      0.1489439086550309
       11.55501302083333      0.1443028403914945      0.1443028403914808
       11.60514322916667      0.1398112561966483      0.1398112561966353
           11.6552734375      0.1354646464567753      0.1354646464567629
       11.70540364583333      0.1312586106216996      0.1312586106216671
       11.75553385416667      0.1271888552098125      0.1271888552097687
           11.8056640625      0.1232511955324867      0.1232511955324641
       11.85579427083333      0.1194415475607965      0.1194415475608061
       11.90592447916667      0.1157559445787433      0.1157559445787403
           11.9560546875      0.1121904905619028      0.1121904905618831
       12.00618489583333       0.108741473595911      0.1087414735959094
       12.05631510416667      0.1054050746581214      0.1054050746581429
           12.1064453125      0.1021780958731993      0.1021780958732214
       12.15657552083333     0.09905612620967857     0.09905612620969019
       12.20670572916667      0.0960381310187184     0.09603813101871989
           12.2568359375     0.09311497887791845     0.09311497887791359
       12.30696614583333     0.09029803139918367     0.09029803139917575
       12.35709635416667     0.08754805759850109     0.08754805759848033
           12.4072265625     0.08495152264087392       0.084951522640864
       12.45735677083333     0.08228447355639079      0.0822844735563748
       12.50748697916667     0.08008944066287477     0.08008944066284428
           12.5576171875     0.07702312817098714     0.07702312817097848
       12.60774739583333     0.07636000177256415     0.07636000177256522
       12.65787760416667     0.05247868758694367      0.0524786875869261
           12.7080078125      0.9781058750713005      0.9781058750711717
       12.75813802083333       37.98598393864724        37.9859839386469
       12.80826822916667       14492.56869037738       14492.56869037738
           12.8583984375                       0                       0
       12.90852864583333                       0                       0
       12.95865885416667                       0                       0
           13.0087890625                       0                       0
