# File created on Wed Jul  8 11:31:12 2026
# Data for Inflation GW initial data initial data at coord time 0.0377973 and central proper time 0.0377973
# Evolved with (264,10,9) gridpoints (including 4 ghosts)
# Evolution with geodesic slicing and constant shift shift condition 
# data for phi = 3.14159
#              r           theta                I_Re
#===============================================================
     0.030078125      0.78539816         5.9999934865742
     0.030078125       2.3561945       5.999993486574199

     0.090234375      0.78539816       5.999625654624332
     0.090234375       2.3561945       5.999625654624331

      0.15039062      0.78539816       5.998889826707632
      0.15039062       2.3561945       5.998889826707632

      0.21054687      0.78539816       5.997785674743289
      0.21054687       2.3561945       5.997785674743289

      0.27070312      0.78539816       5.996312706495628
      0.27070312       2.3561945       5.996312706495628

      0.33085938      0.78539816       5.994470265444868
      0.33085938       2.3561945       5.994470265444868

      0.39101563      0.78539816       5.992257530627999
      0.39101563       2.3561945       5.992257530627996

      0.45117188      0.78539816       5.989673516460838
      0.45117188       2.3561945       5.989673516460838

      0.51132813      0.78539816       5.986717072555567
      0.51132813       2.3561945       5.986717072555567

      0.57148438      0.78539816       5.983386883549791
      0.57148438       2.3561945       5.983386883549792

      0.63164063      0.78539816       5.979681468966064
      0.63164063       2.3561945       5.979681468966062

      0.69179687      0.78539816       5.975599183123122
      0.69179687       2.3561945       5.975599183123118

      0.75195312      0.78539816       5.971138215122063
      0.75195312       2.3561945       5.971138215122063

      0.81210938      0.78539816       5.966296588932513
      0.81210938       2.3561945       5.966296588932514

      0.87226563      0.78539816       5.961072163606133
      0.87226563       2.3561945       5.961072163606132

      0.93242188      0.78539816       5.955462633645765
      0.93242188       2.3561945       5.955462633645763

      0.99257812      0.78539816       5.949465529560134
      0.99257812       2.3561945       5.949465529560133

       1.0527344      0.78539816       5.943078218635569
       1.0527344       2.3561945       5.943078218635568

       1.1128906      0.78539816       5.936297905955936
       1.1128906       2.3561945       5.936297905955934

       1.1730469      0.78539816       5.929121635704186
       1.1730469       2.3561945       5.929121635704184

       1.2332031      0.78539816       5.921546292778197
       1.2332031       2.3561945       5.921546292778196

       1.2933594      0.78539816       5.913568604753491
       1.2933594       2.3561945       5.913568604753491

       1.3535156      0.78539816       5.905185144226915
       1.3535156       2.3561945       5.905185144226916

       1.4136719      0.78539816       5.896392331572669
       1.4136719       2.3561945       5.896392331572669

       1.4738281      0.78539816       5.887186438143805
       1.4738281       2.3561945       5.887186438143805

       1.5339844      0.78539816       5.877563589949349
       1.5339844       2.3561945       5.877563589949351

       1.5941406      0.78539816       5.867519771836289
       1.5941406       2.3561945       5.867519771836292

       1.6542969      0.78539816       5.857050832207531
       1.6542969       2.3561945       5.857050832207531

       1.7144531      0.78539816       5.846152488298683
       1.7144531       2.3561945       5.846152488298685

       1.7746094      0.78539816       5.834820332040667
       1.7746094       2.3561945        5.83482033204067

       1.8347656      0.78539816       5.823049836531306
       1.8347656       2.3561945       5.823049836531307

       1.8949219      0.78539816       5.810836363134035
       1.8949219       2.3561945       5.810836363134038

       1.9550781      0.78539816       5.798175169222285
       1.9550781       2.3561945       5.798175169222286

       2.0152344      0.78539816       5.785061416584006
       2.0152344       2.3561945       5.785061416584008

       2.0753906      0.78539816       5.771490180498576
       2.0753906       2.3561945       5.771490180498577

       2.1355469      0.78539816       5.757456459494302
       2.1355469       2.3561945       5.757456459494306

       2.1957031      0.78539816       5.742955185790041
       2.1957031       2.3561945       5.742955185790044

       2.2558594      0.78539816       5.727981236425734
       2.2558594       2.3561945       5.727981236425735

       2.3160156      0.78539816       5.712529445077919
       2.3160156       2.3561945       5.712529445077921

       2.3761719      0.78539816       5.696594614553817
       2.3761719       2.3561945       5.696594614553817

       2.4363281      0.78539816       5.680171529957946
       2.4363281       2.3561945       5.680171529957945

       2.4964844      0.78539816       5.663254972514359
       2.4964844       2.3561945       5.663254972514363

       2.5566406      0.78539816       5.645839734030443
       2.5566406       2.3561945       5.645839734030448

       2.6167969      0.78539816       5.627920631980235
       2.6167969       2.3561945       5.627920631980239

       2.6769531      0.78539816       5.609492525181896
       2.6769531       2.3561945       5.609492525181897

       2.7371094      0.78539816       5.590550330042941
       2.7371094       2.3561945       5.590550330042942

       2.7972656      0.78539816       5.571089037340156
       2.7972656       2.3561945       5.571089037340156

       2.8574219      0.78539816       5.551103729496509
       2.8574219       2.3561945       5.551103729496509

       2.9175781      0.78539816       5.530589598319474
       2.9175781       2.3561945       5.530589598319475

       2.9777344      0.78539816       5.509541963154922
       2.9777344       2.3561945       5.509541963154923

       3.0378906      0.78539816       5.487956289410762
       3.0378906       2.3561945       5.487956289410764

       3.0980469      0.78539816       5.465828207403868
       3.0980469       2.3561945        5.46582820740387

       3.1582031      0.78539816       5.443153531474113
       3.1582031       2.3561945       5.443153531474116

       3.2183594      0.78539816       5.419928279313821
       3.2183594       2.3561945       5.419928279313823

       3.2785156      0.78539816       5.396148691453347
       3.2785156       2.3561945       5.396148691453351

       3.3386719      0.78539816       5.371811250844706
       3.3386719       2.3561945       5.371811250844709

       3.3988281      0.78539816       5.346912702478965
       3.3988281       2.3561945       5.346912702478964

       3.4589844      0.78539816       5.321450072976763
       3.4589844       2.3561945       5.321450072976764

       3.5191406      0.78539816       5.295420690085595
       3.5191406       2.3561945       5.295420690085599

       3.5792969      0.78539816       5.268822202016255
       3.5792969       2.3561945        5.26882220201626

       3.6394531      0.78539816       5.241652596553835
       3.6394531       2.3561945        5.24165259655384

       3.6996094      0.78539816       5.213910219873076
       3.6996094       2.3561945       5.213910219873087

       3.7597656      0.78539816       5.185593794992131
       3.7597656       2.3561945       5.185593794992148

       3.8199219      0.78539816       5.156702439794765
       3.8199219       2.3561945       5.156702439794782

       3.8800781      0.78539816       5.127235684552168
       3.8800781       2.3561945       5.127235684552186

       3.9402344      0.78539816       5.097193488882507
       3.9402344       2.3561945       5.097193488882529

       4.0003906      0.78539816       5.066576258073983
       4.0003906       2.3561945       5.066576258074011

       4.0605469      0.78539816       5.035384858711975
       4.0605469       2.3561945       5.035384858712007

       4.1207031      0.78539816       5.003620633546165
       4.1207031       2.3561945       5.003620633546197

       4.1808594      0.78539816       4.971285415532649
       4.1808594       2.3561945       4.971285415532685

       4.2410156      0.78539816       4.938381540994541
       4.2410156       2.3561945        4.93838154099458

       4.3011719      0.78539816       4.904911861842806
       4.3011719       2.3561945       4.904911861842846

       4.3613281      0.78539816       4.870879756803676
       4.3613281       2.3561945       4.870879756803719

       4.4214844      0.78539816       4.836289141597864
       4.4214844       2.3561945       4.836289141597916

       4.4816406      0.78539816       4.801144478027831
       4.4816406       2.3561945       4.801144478027896

       4.5417969      0.78539816       4.765450781925066
       4.5417969       2.3561945       4.765450781925137

       4.6019531      0.78539816       4.729213629915737
       4.6019531       2.3561945       4.729213629915801

       4.6621094      0.78539816       4.692439164970881
       4.6621094       2.3561945       4.692439164970944

       4.7222656      0.78539816       4.655134100701278
       4.7222656       2.3561945       4.655134100701343

       4.7824219      0.78539816       4.617305724373923
       4.7824219       2.3561945       4.617305724373997

       4.8425781      0.78539816       4.578961898623078
       4.8425781       2.3561945       4.578961898623152

       4.9027344      0.78539816       4.540111061831139
       4.9027344       2.3561945       4.540111061831224

       4.9628906      0.78539816       4.500762227171489
       4.9628906       2.3561945       4.500762227171586

       5.0230469      0.78539816       4.460924980293162
       5.0230469       2.3561945       4.460924980293247

       5.0832031      0.78539816       4.420609475647646
       5.0832031       2.3561945       4.420609475647725

       5.1433594      0.78539816       4.379826431450276
       5.1433594       2.3561945       4.379826431450338

       5.2035156      0.78539816        4.33858712328294
       5.2035156       2.3561945        4.33858712328299

       5.2636719      0.78539816       4.296903376344496
       5.2636719       2.3561945       4.296903376344559

       5.3238281      0.78539816       4.254787556356817
       5.3238281       2.3561945        4.25478755635689

       5.3839844      0.78539816        4.21225255915147
       5.3839844       2.3561945       4.212252559151536

       5.4441406      0.78539816       4.169311798949911
       5.4441406       2.3561945       4.169311798949992

       5.5042969      0.78539816       4.125979195366987
       5.5042969       2.3561945       4.125979195367064

       5.5644531      0.78539816        4.08226915917016
       5.5644531       2.3561945       4.082269159170228

       5.6246094      0.78539816       4.038196576822221
       5.6246094       2.3561945       4.038196576822273

       5.6847656      0.78539816       3.993776793851672
       5.6847656       2.3561945        3.99377679385173

       5.7449219      0.78539816       3.949025597092059
       5.7449219       2.3561945       3.949025597092149

       5.8050781      0.78539816       3.903959195833398
       5.8050781       2.3561945       3.903959195833491

       5.8652344      0.78539816       3.858594201939949
       5.8652344       2.3561945       3.858594201940039

       5.9253906      0.78539816       3.812947608982145
       5.9253906       2.3561945       3.812947608982251

       5.9855469      0.78539816       3.767036770443546
       5.9855469       2.3561945       3.767036770443651

       6.0457031      0.78539816       3.720879377061379
       6.0457031       2.3561945       3.720879377061497

       6.1058594      0.78539816       3.674493433354992
       6.1058594       2.3561945       3.674493433355124

       6.1660156      0.78539816       3.627897233419249
       6.1660156       2.3561945       3.627897233419337

       6.2261719      0.78539816       3.581109336037286
       6.2261719       2.3561945       3.581109336037372

       6.2863281      0.78539816       3.534148539186629
       6.2863281       2.3561945       3.534148539186714

       6.3464844      0.78539816       3.487033854007538
       6.3464844       2.3561945       3.487033854007636

       6.4066406      0.78539816       3.439784478301743
       6.4066406       2.3561945       3.439784478301842

       6.4667969      0.78539816       3.392419769640455
       6.4667969       2.3561945       3.392419769640538

       6.5269531      0.78539816        3.34495921814337
       6.5269531       2.3561945       3.344959218143459

       6.5871094      0.78539816       3.297422419013532
       6.5871094       2.3561945       3.297422419013626

       6.6472656      0.78539816       3.249829044894389
       6.6472656       2.3561945       3.249829044894456

       6.7074219      0.78539816         3.2021988181221
       6.7074219       2.3561945       3.202198818122144

       6.7675781      0.78539816       3.154551482951989
       6.7675781       2.3561945       3.154551482952026

       6.8277344      0.78539816       3.106906777825033
       6.8277344       2.3561945       3.106906777825051

       6.8878906      0.78539816       3.059284407749465
       6.8878906       2.3561945       3.059284407749508

       6.9480469      0.78539816       3.011704016867585
       6.9480469       2.3561945       3.011704016867643

       7.0082031      0.78539816       2.964185161274673
       7.0082031       2.3561945       2.964185161274739

       7.0683594      0.78539816       2.916747282162132
       7.0683594       2.3561945       2.916747282162151

       7.1285156      0.78539816       2.869409679344925
       7.1285156       2.3561945       2.869409679344916

       7.1886719      0.78539816       2.822191485240495
       7.1886719       2.3561945       2.822191485240479

       7.2488281      0.78539816       2.775111639361061
       7.2488281       2.3561945       2.775111639361026

       7.3089844      0.78539816       2.728188863374893
       7.3089844       2.3561945       2.728188863374871

       7.3691406      0.78539816       2.681441636797572
       7.3691406       2.3561945       2.681441636797537

       7.4292969      0.78539816        2.63488817336279
       7.4292969       2.3561945        2.63488817336277

       7.4894531      0.78539816       2.588546398126899
       7.4894531       2.3561945       2.588546398126855

       7.5496094      0.78539816       2.542433925352859
       7.5496094       2.3561945       2.542433925352775

       7.6097656      0.78539816       2.496568037219273
       7.6097656       2.3561945       2.496568037219196

       7.6699219      0.78539816       2.450965663396821
       7.6699219       2.3561945       2.450965663396755

       7.7300781      0.78539816       2.405643361528098
       7.7300781       2.3561945        2.40564336152804

       7.7902344      0.78539816       2.360617298649119
       7.7902344       2.3561945       2.360617298649043

       7.8503906      0.78539816       2.315903233579363
       7.8503906       2.3561945       2.315903233579299

       7.9105469      0.78539816       2.271516500313514
       7.9105469       2.3561945       2.271516500313478

       7.9707031      0.78539816       2.227471992436306
       7.9707031       2.3561945       2.227471992436223

       8.0308594      0.78539816       2.183784148579788
       8.0308594       2.3561945       2.183784148579702

       8.0910156      0.78539816       2.140466938946923
       8.0910156       2.3561945       2.140466938946867

       8.1511719      0.78539816       2.097533852907059
       8.1511719       2.3561945       2.097533852907028

       8.2113281      0.78539816       2.054997887682049
       8.2113281       2.3561945        2.05499788768206

       8.2714844      0.78539816       2.012871538123788
       8.2714844       2.3561945       2.012871538123801

       8.3316406      0.78539816       1.971166787589517
       8.3316406       2.3561945       1.971166787589509

       8.3917969      0.78539816       1.929895099918554
       8.3917969       2.3561945       1.929895099918541

       8.4519531      0.78539816       1.889067412500315
       8.4519531       2.3561945       1.889067412500261

       8.5121094      0.78539816       1.848694130436444
       8.5121094       2.3561945       1.848694130436362

       8.5722656      0.78539816       1.808785121781053
       8.5722656       2.3561945       1.808785121780955

       8.6324219      0.78539816       1.769349713851349
       8.6324219       2.3561945         1.7693497138512

       8.6925781      0.78539816       1.730396690594727
       8.6925781       2.3561945       1.730396690594607

       8.7527344      0.78539816       1.691934290991215
       8.7527344       2.3561945       1.691934290991123

       8.8128906      0.78539816       1.653970208475693
       8.8128906       2.3561945       1.653970208475581

       8.8730469      0.78539816       1.616511591355577
       8.8730469       2.3561945        1.61651159135546

       8.9332031      0.78539816       1.579565044199703
       8.9332031       2.3561945       1.579565044199599

       8.9933594      0.78539816       1.543136630173335
       8.9933594       2.3561945       1.543136630173243

       9.0535156      0.78539816         1.5072318742888
       9.0535156       2.3561945       1.507231874288741

       9.1136719      0.78539816       1.471855767543426
       9.1136719       2.3561945       1.471855767543404

       9.1738281      0.78539816       1.437012771911152
       9.1738281       2.3561945       1.437012771911098

       9.2339844      0.78539816       1.402706826155061
       9.2339844       2.3561945       1.402706826154927

       9.2941406      0.78539816       1.368941352427231
       9.2941406       2.3561945       1.368941352427075

       9.3542969      0.78539816       1.335719263617608
       9.3542969       2.3561945       1.335719263617454

       9.4144531      0.78539816       1.303042971416988
       9.4144531       2.3561945       1.303042971416827

       9.4746094      0.78539816       1.270914395053949
       9.4746094       2.3561945       1.270914395053821

       9.5347656      0.78539816       1.239334970669621
       9.5347656       2.3561945       1.239334970669517

       9.5949219      0.78539816       1.208305661289904
       9.5949219       2.3561945       1.208305661289792

       9.6550781      0.78539816       1.177826967353784
       9.6550781       2.3561945       1.177826967353691

       9.7152344      0.78539816       1.147898937761785
       9.7152344       2.3561945       1.147898937761685

       9.7753906      0.78539816       1.118521181399971
       9.7753906       2.3561945       1.118521181399859

       9.8355469      0.78539816       1.089692879102308
       9.8355469       2.3561945       1.089692879102201

       9.8957031      0.78539816       1.061412796011092
       9.8957031       2.3561945       1.061412796010985

       9.9558594      0.78539816       1.033679294293823
       9.9558594       2.3561945       1.033679294293719

       10.016016      0.78539816       1.006490346179953
       10.016016       2.3561945       1.006490346179844

       10.076172      0.78539816      0.9798435472753136
       10.076172       2.3561945      0.9798435472751973

       10.136328      0.78539816       0.953736130118858
       10.136328       2.3561945      0.9537361301186993

       10.196484      0.78539816      0.9281649779422715
       10.196484       2.3561945      0.9281649779421342

       10.256641      0.78539816      0.9031266385957771
       10.256641       2.3561945      0.9031266385956896

       10.316797      0.78539816      0.8786173386049313
       10.316797       2.3561945      0.8786173386048524

       10.376953      0.78539816      0.8546329973217446
       10.376953       2.3561945      0.8546329973216986

       10.437109      0.78539816      0.8311692411380002
       10.437109       2.3561945      0.8311692411379827

       10.497266      0.78539816      0.8082214177262123
       10.497266       2.3561945      0.8082214177261875

       10.557422      0.78539816      0.7857846102767929
       10.557422       2.3561945      0.7857846102768009

       10.617578      0.78539816      0.7638536517019057
       10.617578       2.3561945      0.7638536517019525

       10.677734      0.78539816      0.7424231387746686
       10.677734       2.3561945      0.7424231387747146

       10.737891      0.78539816         0.7214874461766
       10.737891       2.3561945      0.7214874461766375

       10.798047      0.78539816      0.7010407404280871
       10.798047       2.3561945      0.7010407404280757

       10.858203      0.78539816      0.6810769936731084
       10.858203       2.3561945       0.681076993673092

       10.918359      0.78539816      0.6615899972974048
       10.918359       2.3561945      0.6615899972974053

       10.978516      0.78539816      0.6425733753559979
       10.978516       2.3561945      0.6425733753560161

       11.038672      0.78539816      0.6240205977882495
       11.038672       2.3561945      0.6240205977882844

       11.098828      0.78539816      0.6059249934027865
       11.098828       2.3561945      0.6059249934028114

       11.158984      0.78539816      0.5882797626117167
       11.158984       2.3561945      0.5882797626117405

       11.219141      0.78539816       0.571077989898621
       11.219141       2.3561945      0.5710779898986336

       11.279297      0.78539816       0.554312656003938
       11.279297       2.3561945      0.5543126560039207

       11.339453      0.78539816      0.5379766498140862
       11.339453       2.3561945      0.5379766498140774

       11.399609      0.78539816      0.5220627799415999
       11.399609       2.3561945      0.5220627799415887

       11.459766      0.78539816      0.5065637859841696
       11.459766       2.3561945      0.5065637859841374

       11.519922      0.78539816      0.4914723494534805
       11.519922       2.3561945      0.4914723494534664

       11.580078      0.78539816      0.4767811043638017
       11.580078       2.3561945      0.4767811043638062

       11.640234      0.78539816      0.4624826474738191
       11.640234       2.3561945      0.4624826474738563

       11.700391      0.78539816       0.448569548175146
       11.700391       2.3561945      0.4485695481751029

       11.760547      0.78539816      0.4350343580215034
       11.760547       2.3561945      0.4350343580214037

       11.820703      0.78539816      0.4218696198958788
       11.820703       2.3561945      0.4218696198958152

       11.880859      0.78539816      0.4090678768117362
       11.880859       2.3561945      0.4090678768116645

       11.941016      0.78539816      0.3966216803467342
       11.941016       2.3561945      0.3966216803465997

       12.001172      0.78539816      0.3845235987081286
       12.001172       2.3561945      0.3845235987080174

       12.061328      0.78539816      0.3727662244303213
       12.061328       2.3561945      0.3727662244302368

       12.121484      0.78539816      0.3613421817047753
       12.121484       2.3561945      0.3613421817046366

       12.181641      0.78539816       0.350244133344584
       12.181641       2.3561945      0.3502441333444785

       12.241797      0.78539816      0.3394647873873008
       12.241797       2.3561945      0.3394647873872091

       12.301953      0.78539816        0.32899690333785
       12.301953       2.3561945      0.3289969033377684

       12.362109      0.78539816      0.3188332980568714
       12.362109       2.3561945      0.3188332980568067

       12.422266      0.78539816      0.3089668512993985
       12.422266       2.3561945      0.3089668512993269

       12.482422      0.78539816      0.2993905109086569
       12.482422       2.3561945      0.2993905109085647

       12.542578      0.78539816      0.2900972976716539
       12.542578       2.3561945      0.2900972976715572

       12.602734      0.78539816      0.2810803098432889
       12.602734       2.3561945      0.2810803098432425

       12.662891      0.78539816      0.2723327273453564
       12.662891       2.3561945      0.2723327273452978

       12.723047      0.78539816      0.2638478156485836
       12.723047       2.3561945      0.2638478156484943

       12.783203      0.78539816      0.2556189293454537
       12.783203       2.3561945      0.2556189293453719

       12.843359      0.78539816      0.2476395154218603
       12.843359       2.3561945      0.2476395154218075

       12.903516      0.78539816      0.2399031162366591
       12.903516       2.3561945      0.2399031162366215

       12.963672      0.78539816      0.2324033722171325
       12.963672       2.3561945      0.2324033722171023

       13.023828      0.78539816      0.2251340242801283
       13.023828       2.3561945      0.2251340242801124

       13.083984      0.78539816      0.2180889159877649
       13.083984       2.3561945       0.218088915987742

       13.144141      0.78539816      0.2112619954469871
       13.144141       2.3561945      0.2112619954469626

       13.204297      0.78539816      0.2046473169626687
       13.204297       2.3561945      0.2046473169626792

       13.264453      0.78539816      0.1982390424537026
       13.264453       2.3561945      0.1982390424536961

       13.324609      0.78539816      0.1920314426415783
       13.324609       2.3561945       0.192031442641555

       13.384766      0.78539816      0.1860188980211046
       13.384766       2.3561945      0.1860188980211021

       13.444922      0.78539816      0.1801958996230797
       13.444922       2.3561945       0.180195899623029

       13.505078      0.78539816      0.1745570495781034
       13.505078       2.3561945      0.1745570495780352

       13.565234      0.78539816      0.1690970614913865
       13.565234       2.3561945      0.1690970614913598

       13.625391      0.78539816      0.1638107606372746
       13.625391       2.3561945      0.1638107606372649

       13.685547      0.78539816      0.1586930839850129
       13.685547       2.3561945      0.1586930839849776

       13.745703      0.78539816      0.1537390800581894
       13.745703       2.3561945      0.1537390800581335

       13.805859      0.78539816       0.148943908655048
       13.805859       2.3561945      0.1489439086550138

       13.866016      0.78539816       0.144302840391491
       13.866016       2.3561945      0.1443028403914706

       13.926172      0.78539816      0.1398112561966449
       13.926172       2.3561945      0.1398112561966255

       13.986328      0.78539816      0.1354646464567721
       13.986328       2.3561945      0.1354646464567537

       14.046484      0.78539816      0.1312586106216913
       14.046484       2.3561945      0.1312586106216428

       14.106641      0.78539816      0.1271888552098013
       14.106641       2.3561945      0.1271888552097361

       14.166797      0.78539816      0.1232511955324809
       14.166797       2.3561945      0.1232511955324472

       14.226953      0.78539816      0.1194415475607989
       14.226953       2.3561945      0.1194415475608133

       14.287109      0.78539816      0.1157559445787425
       14.287109       2.3561945      0.1157559445787382

       14.347266      0.78539816      0.1121904905618978
       14.347266       2.3561945      0.1121904905618684

       14.407422      0.78539816      0.1087414735959106
       14.407422       2.3561945      0.1087414735959082

       14.467578      0.78539816      0.1054050746581269
       14.467578       2.3561945      0.1054050746581589

       14.527734      0.78539816      0.1021780958732049
       14.527734       2.3561945      0.1021780958732378

       14.587891      0.78539816     0.09905612620968154
       14.587891       2.3561945     0.09905612620969884

       14.648047      0.78539816     0.09603813101871878
       14.648047       2.3561945     0.09603813101872098

       14.708203      0.78539816     0.09311497887791721
       14.708203       2.3561945     0.09311497887790998

       14.768359      0.78539816     0.09029803139918165
       14.768359       2.3561945     0.09029803139916984

       14.828516      0.78539816     0.08754805759849578
       14.828516       2.3561945     0.08754805759846486

       14.888672      0.78539816     0.08495152264087139
       14.888672       2.3561945     0.08495152264085662

       14.948828      0.78539816     0.08228447355638671
       14.948828       2.3561945     0.08228447355636291

       15.008984      0.78539816     0.08008944066286697
       15.008984       2.3561945     0.08008944066282159

       15.069141      0.78539816     0.07702312817098493
       15.069141       2.3561945     0.07702312817097205

       15.129297      0.78539816     0.07636000177256441
       15.129297       2.3561945     0.07636000177256601

       15.189453      0.78539816     0.05247868758693917
       15.189453       2.3561945     0.05247868758691304

       15.249609      0.78539816      0.9781058750712676
       15.249609       2.3561945       0.978105875071076

       15.309766      0.78539816       37.98598393864715
       15.309766       2.3561945       37.98598393864664

       15.369922      0.78539816       14492.56869037738
       15.369922       2.3561945       14492.56869037737

       15.430078      0.78539816                       0
       15.430078       2.3561945                       0

       15.490234      0.78539816                       0
       15.490234       2.3561945                       0

       15.550391      0.78539816                       0
       15.550391       2.3561945                       0

       15.610547      0.78539816                       0
       15.610547       2.3561945                       0

