# File created on Wed Jul  8 11:31:14 2026
# Data for Inflation GW initial data initial data at coord time 0.163788 and central proper time 0.163788
# Evolved with (264,10,9) gridpoints (including 4 ghosts)
# Evolution with geodesic slicing and constant shift shift condition 
# data for phi = 3.14159
#              r           theta                I_Re
#===============================================================
     0.025065104      0.78539816       5.690500848398478
     0.025065104       2.3561945       5.690500848411871

     0.075195312      0.78539816       5.688842856671837
     0.075195312       2.3561945       5.688842856669645

      0.12532552      0.78539816       5.688117043699878
      0.12532552       2.3561945       5.688117043703838

      0.17545573      0.78539816       5.688043007606928
      0.17545573       2.3561945        5.68804300760244

      0.22558594      0.78539816       5.687067397395111
      0.22558594       2.3561945       5.687067397399875

      0.27571615      0.78539816       5.685749123867213
      0.27571615       2.3561945       5.685749123862424

      0.32584635      0.78539816       5.684367345733183
      0.32584635       2.3561945        5.68436734573871

      0.37597656      0.78539816         5.6828202381742
      0.37597656       2.3561945       5.682820238168006

      0.42610677      0.78539816       5.681085518152115
      0.42610677       2.3561945       5.681085518156285

      0.47623698      0.78539816       5.679149531908309
      0.47623698       2.3561945       5.679149531907376

      0.52636719      0.78539816        5.67700482066694
      0.52636719       2.3561945       5.677004820669113

       0.5764974      0.78539816       5.674647142542921
       0.5764974       2.3561945       5.674647142537525

       0.6266276      0.78539816       5.672073646669128
       0.6266276       2.3561945       5.672073646674765

      0.67675781      0.78539816       5.669282147893648
      0.67675781       2.3561945        5.66928214789082

      0.72688802      0.78539816       5.666270765442965
      0.72688802       2.3561945       5.666270765444858

      0.77701823      0.78539816       5.663037744718899
      0.77701823       2.3561945       5.663037744715874

      0.82714844      0.78539816       5.659581362283151
      0.82714844       2.3561945       5.659581362284994

      0.87727865      0.78539816       5.655899874618454
      0.87727865       2.3561945       5.655899874618198

      0.92740885      0.78539816       5.651991489463447
      0.92740885       2.3561945       5.651991489462581

      0.97753906      0.78539816       5.647854349456791
      0.97753906       2.3561945       5.647854349459953

       1.0276693      0.78539816       5.643486522876048
       1.0276693       2.3561945       5.643486522871459

       1.0777995      0.78539816       5.638885998294719
       1.0777995       2.3561945        5.63888599829811

       1.1279297      0.78539816       5.634050681888993
       1.1279297       2.3561945       5.634050681889184

       1.1780599      0.78539816       5.628978396134194
       1.1780599       2.3561945       5.628978396130461

       1.2281901      0.78539816       5.623666879670399
       1.2281901       2.3561945       5.623666879674914

       1.2783203      0.78539816       5.618113787731471
       1.2783203       2.3561945       5.618113787727376

       1.3284505      0.78539816       5.612316693190394
       1.3284505       2.3561945       5.612316693193264

       1.3785807      0.78539816       5.606273087926629
       1.3785807       2.3561945       5.606273087923986

       1.4287109      0.78539816       5.599980384466047
       1.4287109       2.3561945       5.599980384469517

       1.4788411      0.78539816       5.593435917969001
       1.4788411       2.3561945       5.593435917967823

       1.5289714      0.78539816       5.586636948338688
       1.5289714       2.3561945        5.58663694833745

       1.5791016      0.78539816       5.579580662599044
       1.5791016       2.3561945       5.579580662599636

       1.6292318      0.78539816       5.572264177501381
       1.6292318       2.3561945       5.572264177501632

        1.679362      0.78539816        5.56468454221801
        1.679362       2.3561945       5.564684542217785

       1.7294922      0.78539816         5.5568387413458
       1.7294922       2.3561945       5.556838741347483

       1.7796224      0.78539816       5.548723697962805
       1.7796224       2.3561945       5.548723697958836

       1.8297526      0.78539816       5.540336276989493
       1.8297526       2.3561945        5.54033627699433

       1.8798828      0.78539816         5.5316732886451
       1.8798828       2.3561945        5.53167328864135

        1.930013      0.78539816       5.522731492130744
        1.930013       2.3561945       5.522731492131324

       1.9801432      0.78539816       5.513507599540366
       1.9801432       2.3561945       5.513507599539846

       2.0302734      0.78539816       5.503998279807249
       2.0302734       2.3561945       5.503998279812182

       2.0804036      0.78539816       5.494200163057669
       2.0804036       2.3561945       5.494200163051641

       2.1305339      0.78539816       5.484109844908118
       2.1305339       2.3561945       5.484109844911526

       2.1806641      0.78539816       5.473723891129704
       2.1806641       2.3561945       5.473723891130532

       2.2307943      0.78539816       5.463038842447255
       2.2307943       2.3561945       5.463038842441832

       2.2809245      0.78539816       5.452051219466085
       2.2809245       2.3561945       5.452051219471488

       2.3310547      0.78539816       5.440757527873333
       2.3310547       2.3561945       5.440757527870962

       2.3811849      0.78539816       5.429154263696352
       2.3811849       2.3561945       5.429154263695532

       2.4313151      0.78539816       5.417237918861726
       2.4313151       2.3561945       5.417237918863325

       2.4814453      0.78539816       5.405004986825245
       2.4814453       2.3561945       5.405004986826478

       2.5315755      0.78539816       5.392451968451326
       2.5315755       2.3561945       5.392451968448821

       2.5817057      0.78539816       5.379575377982013
       2.5817057       2.3561945       5.379575377984747

       2.6318359      0.78539816       5.366371749227342
       2.6318359       2.3561945       5.366371749225929

       2.6819661      0.78539816       5.352837641846401
       2.6819661       2.3561945        5.35283764184305

       2.7320964      0.78539816       5.338969647768293
       2.7320964       2.3561945       5.338969647774481

       2.7822266      0.78539816       5.324764397859066
       2.7822266       2.3561945       5.324764397853199

       2.8323568      0.78539816       5.310218568522714
       2.8323568       2.3561945       5.310218568525517

        2.882487      0.78539816       5.295328888680601
        2.882487       2.3561945       5.295328888680203

       2.9326172      0.78539816       5.280092146526924
       2.9326172       2.3561945       5.280092146527243

       2.9827474      0.78539816       5.264505196736868
       2.9827474       2.3561945       5.264505196738146

       3.0328776      0.78539816       5.248564967479993
       3.0328776       2.3561945       5.248564967476376

       3.0830078      0.78539816       5.232268467629376
       3.0830078       2.3561945       5.232268467634013

        3.133138      0.78539816       5.215612794107685
        3.133138       2.3561945       5.215612794104519

       3.1832682      0.78539816       5.198595139112762
       3.1832682       2.3561945       5.198595139114347

       3.2333984      0.78539816       5.181212797546773
       3.2333984       2.3561945       5.181212797543576

       3.2835286      0.78539816       5.163463174332421
       3.2835286       2.3561945       5.163463174335797

       3.3336589      0.78539816       5.145343791888398
       3.3336589       2.3561945       5.145343791888918

       3.3837891      0.78539816       5.126852297441145
       3.3837891       2.3561945       5.126852297439055

       3.4339193      0.78539816        5.10798647046044
       3.4339193       2.3561945        5.10798647046051

       3.4840495      0.78539816       5.088744230020909
       3.4840495       2.3561945       5.088744230021558

       3.5341797      0.78539816       5.069123642021983
       3.5341797       2.3561945       5.069123642023611

       3.5843099      0.78539816       5.049122926551224
       3.5843099       2.3561945       5.049122926547512

       3.6344401      0.78539816       5.028740464911376
       3.6344401       2.3561945       5.028740464913408

       3.6845703      0.78539816         5.0079748067945
       3.6845703       2.3561945       5.007974806793853

       3.7347005      0.78539816       4.986824677203682
       3.7347005       2.3561945       4.986824677202202

       3.7848307      0.78539816       4.965288983273348
       3.7848307       2.3561945        4.96528898327866

       3.8349609      0.78539816       4.943366821014536
       3.8349609       2.3561945       4.943366821008714

       3.8850911      0.78539816        4.92105748178057
       3.8850911       2.3561945       4.921057481783606

       3.9352214      0.78539816       4.898360458695551
       3.9352214       2.3561945       4.898360458697177

       3.9853516      0.78539816       4.875275452793961
       3.9853516       2.3561945       4.875275452790313

       4.0354818      0.78539816       4.851802378986513
       4.0354818       2.3561945       4.851802378987612

        4.085612      0.78539816       4.827941371826474
        4.085612       2.3561945       4.827941371828046

       4.1357422      0.78539816       4.803692791032986
       4.1357422       2.3561945       4.803692791029209

       4.1858724      0.78539816       4.779057226704976
       4.1858724       2.3561945       4.779057226709236

       4.2360026      0.78539816       4.754035504357502
       4.2360026       2.3561945       4.754035504356973

       4.2861328      0.78539816       4.728628689639313
       4.2861328       2.3561945       4.728628689639788

        4.336263      0.78539816       4.702838092704653
        4.336263       2.3561945       4.702838092701896

       4.3863932      0.78539816       4.676665272402364
       4.3863932       2.3561945       4.676665272402387

       4.4365234      0.78539816       4.650112040002988
       4.4365234       2.3561945       4.650112040005592

       4.4866536      0.78539816       4.623180462705765
       4.4866536       2.3561945       4.623180462704195

       4.5367839      0.78539816        4.59587286672151
       4.5367839       2.3561945       4.595872866721405

       4.5869141      0.78539816       4.568191840070126
       4.5869141       2.3561945        4.56819184007108

       4.6370443      0.78539816       4.540140234948803
       4.6370443       2.3561945       4.540140234947937

       4.6871745      0.78539816       4.511721169783307
       4.6871745       2.3561945       4.511721169785583

       4.7373047      0.78539816       4.482938030832026
       4.7373047       2.3561945       4.482938030828594

       4.7874349      0.78539816        4.45379447347695
       4.7874349       2.3561945       4.453794473481603

       4.8375651      0.78539816       4.424294423031106
       4.8375651       2.3561945       4.424294423027535

       4.8876953      0.78539816       4.394442075235396
       4.8876953       2.3561945       4.394442075237651

       4.9378255      0.78539816       4.364241896244105
       4.9378255       2.3561945       4.364241896244089

       4.9879557      0.78539816       4.333698622272163
       4.9879557       2.3561945       4.333698622270692

       5.0380859      0.78539816       4.302817258796277
       5.0380859       2.3561945       4.302817258801495

       5.0882161      0.78539816       4.271603079355953
       5.0882161       2.3561945       4.271603079348545

       5.1383464      0.78539816       4.240061623838475
       5.1383464       2.3561945       4.240061623843291

       5.1884766      0.78539816       4.208198696563613
       5.1884766       2.3561945       4.208198696563545

       5.2386068      0.78539816       4.176020363649384
       5.2386068       2.3561945       4.176020363647202

        5.288737      0.78539816       4.143532950187154
        5.288737       2.3561945       4.143532950187924

       5.3388672      0.78539816       4.110743036907981
       5.3388672       2.3561945       4.110743036908278

       5.3889974      0.78539816       4.077657456435849
       5.3889974       2.3561945       4.077657456437914

       5.4391276      0.78539816       4.044283289145648
       5.4391276       2.3561945       4.044283289140489

       5.4892578      0.78539816       4.010627858617202
       5.4892578       2.3561945       4.010627858624601

        5.539388      0.78539816       3.976698726668652
        5.539388       2.3561945       3.976698726662558

       5.5895182      0.78539816       3.942503687994066
       5.5895182       2.3561945       3.942503687999703

       5.6396484      0.78539816       3.908050764491433
       5.6396484       2.3561945       3.908050764485496

       5.6897786      0.78539816       3.873348199061569
       5.6897786       2.3561945       3.873348199063603

       5.7399089      0.78539816       3.838404449263009
       5.7399089       2.3561945       3.838404449264777

       5.7900391      0.78539816       3.803228180380705
       5.7900391       2.3561945        3.80322818037876

       5.8401693      0.78539816       3.767828258310896
       5.8401693       2.3561945       3.767828258311727

       5.8902995      0.78539816       3.732213742051004
       5.8902995       2.3561945       3.732213742049785

       5.9404297      0.78539816       3.696393875868175
       5.9404297       2.3561945       3.696393875871502

       5.9905599      0.78539816       3.660378081205345
       5.9905599       2.3561945       3.660378081204864

       6.0406901      0.78539816       3.624175948266555
       6.0406901       2.3561945       3.624175948264105

       6.0908203      0.78539816       3.587797227335052
       6.0908203       2.3561945       3.587797227337163

       6.1409505      0.78539816       3.551251819824669
       6.1409505       2.3561945       3.551251819824983

       6.1910807      0.78539816       3.514549769090178
       6.1910807       2.3561945       3.514549769090357

       6.2412109      0.78539816       3.477701251045588
       6.2412109       2.3561945       3.477701251045775

       6.2913411      0.78539816       3.440716564533292
       6.2913411       2.3561945       3.440716564531641

       6.3414714      0.78539816       3.403606121503655
       6.3414714       2.3561945       3.403606121506928

       6.3916016      0.78539816       3.366380437117586
       6.3916016       2.3561945       3.366380437114597

       6.4417318      0.78539816       3.329050119488862
       6.4417318       2.3561945       3.329050119490596

        6.491862      0.78539816       3.291625859538585
        6.491862       2.3561945       3.291625859539069

       6.5419922      0.78539816       3.254118420540095
       6.5419922       2.3561945       3.254118420539148

       6.5921224      0.78539816       3.216538627678124
       6.5921224       2.3561945        3.21653862767823

       6.6422526      0.78539816       3.178897357491634
       6.6422526       2.3561945       3.178897357493167

       6.6923828      0.78539816       3.141205527270971
       6.6923828       2.3561945       3.141205527269343

        6.742513      0.78539816       3.103474084399354
        6.742513       2.3561945       3.103474084399643

       6.7926432      0.78539816       3.065713995648308
       6.7926432       2.3561945       3.065713995651062

       6.8427734      0.78539816        3.02793623660171
       6.8427734       2.3561945       3.027936236596422

       6.8929036      0.78539816       2.990151780871151
       6.8929036       2.3561945       2.990151780877423

       6.9430339      0.78539816       2.952371589628232
       6.9430339       2.3561945       2.952371589622006

       6.9931641      0.78539816       2.914606600956253
       6.9931641       2.3561945       2.914606600959761

       7.0432943      0.78539816       2.876867719408531
       7.0432943       2.3561945       2.876867719409157

       7.0934245      0.78539816       2.839165805570052
       7.0934245       2.3561945       2.839165805569696

       7.1435547      0.78539816       2.801511665840386
       7.1435547       2.3561945       2.801511665839697

       7.1936849      0.78539816       2.763916042250804
       7.1936849       2.3561945        2.76391604225176

       7.2438151      0.78539816        2.72638960245429
       7.2438151       2.3561945       2.726389602453052

       7.2939453      0.78539816       2.688942929922678
       7.2939453       2.3561945       2.688942929920636

       7.3440755      0.78539816       2.651586514225228
       7.3440755       2.3561945       2.651586514230714

       7.3942057      0.78539816       2.614330741574153
       7.3942057       2.3561945       2.614330741569195

       7.4443359      0.78539816       2.577185885555625
       7.4443359       2.3561945       2.577185885557481

       7.4944661      0.78539816       2.540162098065332
       7.4944661       2.3561945       2.540162098065515

       7.5445964      0.78539816       2.503269400537081
       7.5445964       2.3561945       2.503269400537061

       7.5947266      0.78539816        2.46651767533916
       7.5947266       2.3561945       2.466517675339039

       7.6448568      0.78539816       2.429916657465365
       7.6448568       2.3561945       2.429916657462763

        7.694987      0.78539816        2.39347592650397
        7.694987       2.3561945       2.393475926506646

       7.7451172      0.78539816       2.357204898876264
       7.7451172       2.3561945       2.357204898874067

       7.7952474      0.78539816       2.321112820373223
       7.7952474       2.3561945       2.321112820374102

       7.8453776      0.78539816       2.285208758986666
       7.8453776       2.3561945       2.285208758989228

       7.8955078      0.78539816       2.249501598088909
       7.8955078       2.3561945       2.249501598084931

        7.945638      0.78539816       2.214000029813497
        7.945638       2.3561945       2.214000029814601

       7.9957682      0.78539816       2.178712548886079
       7.9957682       2.3561945       2.178712548887074

       8.0458984      0.78539816       2.143647446759759
       8.0458984       2.3561945       2.143647446757262

       8.0960286      0.78539816       2.108812805969201
       8.0960286       2.3561945       2.108812805969246

       8.1461589      0.78539816       2.074216495016405
       8.1461589       2.3561945       2.074216495018379

       8.1962891      0.78539816       2.039866163472726
       8.1962891       2.3561945       2.039866163470186

       8.2464193      0.78539816        2.00576923738007
       8.2464193       2.3561945        2.00576923738388

       8.2965495      0.78539816       1.971932915157049
       8.2965495       2.3561945       1.971932915154117

       8.3466797      0.78539816       1.938364163714696
       8.3466797       2.3561945       1.938364163718766

       8.3968099      0.78539816       1.905069715004159
       8.3968099       2.3561945       1.905069715002571

       8.4469401      0.78539816       1.872056062867578
       8.4469401       2.3561945        1.87205606286693

       8.4970703      0.78539816       1.839329460287358
       8.4970703       2.3561945       1.839329460286496

       8.5472005      0.78539816       1.806895916915579
       8.5472005       2.3561945       1.806895916915451

       8.5973307      0.78539816        1.77476119699477
       8.5973307       2.3561945       1.774761196996996

       8.6474609      0.78539816         1.7429308176376
       8.6474609       2.3561945       1.742930817635465

       8.6975911      0.78539816       1.711410047379727
       8.6975911       2.3561945       1.711410047379953

       8.7477214      0.78539816       1.680203905158644
       8.7477214       2.3561945       1.680203905156699

       8.7978516      0.78539816       1.649317159562615
       8.7978516       2.3561945       1.649317159563435

       8.8479818      0.78539816       1.618754328384566
       8.8479818       2.3561945       1.618754328384232

        8.898112      0.78539816       1.588519678580295
        8.898112       2.3561945       1.588519678580204

       8.9482422      0.78539816       1.558617226448473
       8.9482422       2.3561945        1.55861722644935

       8.9983724      0.78539816       1.529050738195541
       8.9983724       2.3561945       1.529050738193477

       9.0485026      0.78539816       1.499823730735295
       9.0485026       2.3561945       1.499823730737951

       9.0986328      0.78539816       1.470939472876105
       9.0986328       2.3561945       1.470939472875368

        9.148763      0.78539816       1.442400986640766
        9.148763       2.3561945       1.442400986639332

       9.1988932      0.78539816       1.414211049014407
       9.1988932       2.3561945       1.414211049017414

       9.2490234      0.78539816       1.386372193883886
       9.2490234       2.3561945       1.386372193882871

       9.2991536      0.78539816       1.358886714235785
       9.2991536       2.3561945       1.358886714233862

       9.3492839      0.78539816       1.331756664641678
       9.3492839       2.3561945       1.331756664641375

       9.3994141      0.78539816       1.304983863965295
       9.3994141       2.3561945       1.304983863966561

       9.4495443      0.78539816        1.27856989826181
       9.4495443       2.3561945       1.278569898259652

       9.4996745      0.78539816       1.252516123958683
       9.4996745       2.3561945       1.252516123960119

       9.5498047      0.78539816       1.226823671215298
       9.5498047       2.3561945       1.226823671214029

       9.5999349      0.78539816        1.20149344747636
       9.5999349       2.3561945       1.201493447476354

       9.6500651      0.78539816       1.176526141250902
       9.6500651       2.3561945       1.176526141250756

       9.7001953      0.78539816       1.151922226030011
       9.7001953       2.3561945       1.151922226032469

       9.7503255      0.78539816        1.12768196438345
       9.7503255       2.3561945       1.127681964381467

       9.8004557      0.78539816       1.103805412226313
       9.8004557       2.3561945       1.103805412227699

       9.8505859      0.78539816       1.080292423234765
       9.8505859       2.3561945       1.080292423231104

       9.9007161      0.78539816       1.057142653377154
       9.9007161       2.3561945       1.057142653380238

       9.9508464      0.78539816        1.03435556560228
       9.9508464       2.3561945       1.034355565601927

       10.000977      0.78539816        1.01193043462132
       10.000977       2.3561945       1.011930434620662

       10.051107      0.78539816      0.9898663517974514
       10.051107       2.3561945      0.9898663517946903

       10.101237      0.78539816      0.9681622301243882
       10.101237       2.3561945      0.9681622301278462

       10.151367      0.78539816      0.9468168093494802
       10.151367       2.3561945      0.9468168093470537

       10.201497      0.78539816      0.9258286610382767
       10.201497       2.3561945      0.9258286610394353

       10.251628      0.78539816      0.9051961938819568
       10.251628       2.3561945       0.905196193881416

       10.301758      0.78539816      0.8849176589163242
       10.301758       2.3561945      0.8849176589136089

       10.351888      0.78539816       0.864991154835922
       10.351888       2.3561945      0.8649911548392439

       10.402018      0.78539816      0.8454146333789523
       10.402018       2.3561945      0.8454146333771999

       10.452148      0.78539816      0.8261859046731129
       10.452148       2.3561945      0.8261859046731838

       10.502279      0.78539816      0.8073026426632633
       10.502279       2.3561945       0.807302642664106

       10.552409      0.78539816      0.7887623905124043
       10.552409       2.3561945      0.7887623905122848

       10.602539      0.78539816       0.770562566020183
       10.602539       2.3561945      0.7705625660207118

       10.652669      0.78539816      0.7527004670169881
       10.652669       2.3561945      0.7527004670157996

       10.702799      0.78539816      0.7351732767597591
       10.702799       2.3561945      0.7351732767610856

        10.75293      0.78539816      0.7179780693224898
        10.75293       2.3561945      0.7179780693226472

        10.80306      0.78539816      0.7011118149058401
        10.80306       2.3561945      0.7011118149055757

        10.85319      0.78539816      0.6845713851708868
        10.85319       2.3561945      0.6845713851701455

        10.90332      0.78539816      0.6683535584911339
        10.90332       2.3561945      0.6683535584914058

       10.953451      0.78539816      0.6524550251740354
       10.953451       2.3561945      0.6524550251749279

       11.003581      0.78539816      0.6368723926078066
       11.003581       2.3561945      0.6368723926052896

       11.053711      0.78539816      0.6216021903673534
       11.053711       2.3561945       0.621602190370844

       11.103841      0.78539816      0.6066408752642928
       11.103841       2.3561945      0.6066408752624671

       11.153971      0.78539816      0.5919848362757503
       11.153971       2.3561945      0.5919848362772868

       11.204102      0.78539816      0.5776303994636742
       11.204102       2.3561945       0.577630399462512

       11.254232      0.78539816       0.563573832751618
       11.254232       2.3561945      0.5635738327518015

       11.304362      0.78539816      0.5498113506642287
       11.304362       2.3561945      0.5498113506649418

       11.354492      0.78539816      0.5363391189478577
       11.354492       2.3561945      0.5363391189468467

       11.404622      0.78539816      0.5231532591053731
       11.404622       2.3561945      0.5231532591052152

       11.454753      0.78539816      0.5102498528518439
       11.454753       2.3561945      0.5102498528511187

       11.504883      0.78539816      0.4976249464458991
       11.504883       2.3561945      0.4976249464472651

       11.555013      0.78539816      0.4852745549382908
       11.555013       2.3561945      0.4852745549383178

       11.605143      0.78539816      0.4731946662927489
       11.605143       2.3561945      0.4731946662918877

       11.655273      0.78539816      0.4613812454441332
       11.655273       2.3561945      0.4613812454460147

       11.705404      0.78539816      0.4498302381886231
       11.705404       2.3561945      0.4498302381869913

       11.755534      0.78539816      0.4385375750222687
       11.755534       2.3561945      0.4385375750239243

       11.805664      0.78539816      0.4274991747784246
       11.805664       2.3561945      0.4274991747778162

       11.855794      0.78539816      0.4167109484202224
       11.855794       2.3561945      0.4167109484186517

       11.905924      0.78539816      0.4061688032353334
       11.905924       2.3561945      0.4061688032357275

       11.956055      0.78539816      0.3958686339229802
       11.956055       2.3561945      0.3958686339232244

       12.006185      0.78539816       0.385806385236276
       12.006185       2.3561945      0.3858063852367074

       12.056315      0.78539816       0.375978026301206
       12.056315       2.3561945      0.3759780262994219

       12.106445      0.78539816      0.3663781398670437
       12.106445       2.3561945       0.366378139868822

       12.156576      0.78539816      0.3570092157993685
       12.156576       2.3561945      0.3570092157961548

       12.206706      0.78539816      0.3478600325178289
       12.206706       2.3561945       0.347860032519925

       12.256836      0.78539816      0.3388283541224603
       12.256836       2.3561945      0.3388283541219426

       12.306966      0.78539816      0.3305816161714686
       12.306966       2.3561945      0.3305816161721842

       12.357096      0.78539816      0.3213062925074667
       12.357096       2.3561945      0.3213062925064534

       12.407227      0.78539816      0.3092659295942273
       12.407227       2.3561945      0.3092659295941191

       12.457357      0.78539816      0.3308316711536452
       12.457357       2.3561945      0.3308316711529791

       12.507487      0.78539816      0.2333250508000086
       12.507487       2.3561945        0.23332505080148

       12.557617      0.78539816      0.3112764168331585
       12.557617       2.3561945      0.3112764168326072

       12.607747      0.78539816       1.386456526094332
       12.607747       2.3561945       1.386456526091989

       12.657878      0.78539816       8.696404686706639
       12.657878       2.3561945       8.696404686701149

       12.708008      0.78539816       97.78444286871022
       12.708008       2.3561945       97.78444286868904

       12.758138      0.78539816       423.9660644967125
       12.758138       2.3561945       423.9660644966611

       12.808268      0.78539816        433.265700220764
       12.808268       2.3561945       433.2657002206997

       12.858398      0.78539816                       0
       12.858398       2.3561945                       0

       12.908529      0.78539816                       0
       12.908529       2.3561945                       0

       12.958659      0.78539816                       0
       12.958659       2.3561945                       0

       13.008789      0.78539816                       0
       13.008789       2.3561945                       0

