# File created on Tue Jul  7 15:36:44 2026
# ======================================== 
# = Running code assuming AXISYMMETRY    = 
# ======================================== 
# Data for Inflation GW initial data initial data at coord. time 0 and proper central time 0
# Evolved with (136,10,9) gridpoints (including 4 ghosts)
# Evolution with geodesic slicing and constant shift
# using eighth-order spatial differencing with 4 ghost zones 
# data 1 at theta = 0 and phi = 3.14159
# data 2 at theta = 1.5708 and phi = 3.14159
#                      r                    I_Re                    I_Re
#                               (     0,3.14159)        (1.5708,3.14159)
#========================================================================
               -0.546875   5.562553012753604e-07   5.562553012753603e-07
               -0.390625   2.092039850058536e-07   2.092039850058535e-07
               -0.234375   2.177461986936048e-08   2.177461986936048e-08
               -0.078125   3.259637900581436e-08   3.259637900581437e-08
                0.078125   3.259637900581438e-08   3.259637900581437e-08
                0.234375   2.177461986936048e-08   2.177461986936048e-08
                0.390625   2.092039850058535e-07   2.092039850058535e-07
                0.546875   5.562553012753601e-07   5.562553012753603e-07
                0.703125   7.612290953320004e-07   7.612290953320004e-07
                0.859375   6.828013095204363e-07   6.828013095204361e-07
                1.015625   4.532078161300561e-07   4.532078161300563e-07
                1.171875   2.434420684599023e-07    2.43442068459902e-07
                1.328125   1.151169566791613e-07   1.151169566791607e-07
                1.484375    5.20798019434153e-08   5.207980194341527e-08
                1.640625   2.424259378940548e-08   2.424259378940544e-08
                1.796875   1.217543293441724e-08   1.217543293441714e-08
                1.953125   6.698487899621704e-09   6.698487899621849e-09
                2.109375    3.99789596774089e-09   3.997895967740969e-09
                2.265625   2.538209138363924e-09   2.538209138363874e-09
                2.421875   1.683758428954633e-09    1.68375842895465e-09
                2.578125   1.152948772628814e-09   1.152948772628884e-09
                2.734375   8.091170859704495e-10   8.091170859705034e-10
                2.890625   5.795387966172758e-10     5.7953879661729e-10
                3.046875   4.225475856053743e-10   4.225475856053711e-10
                3.203125   3.130072966050365e-10   3.130072966050329e-10
                3.359375    2.35204920635509e-10   2.352049206355075e-10
                3.515625    1.79053395587017e-10   1.790533955870222e-10
                3.671875   1.379339338596444e-10   1.379339338596505e-10
                3.828125   1.074193194472446e-10   1.074193194472481e-10
                3.984375   8.449643253367871e-11   8.449643253368168e-11
                4.140625    6.70818023090974e-11   6.708180230909799e-11
                4.296875   5.371360161252886e-11   5.371360161252364e-11
                4.453125   4.335225728279171e-11   4.335225728278256e-11
                4.609375   3.524919352073179e-11   3.524919352072624e-11
                4.765625   2.885908905155747e-11   2.885908905155699e-11
                4.921875   2.378037446437691e-11   2.378037446437845e-11
                5.078125    1.97143366059263e-11   1.971433660592849e-11
                5.234375   1.643666904491776e-11   1.643666904491898e-11
                5.390625   1.377743479930657e-11   1.377743479930695e-11
                5.546875   1.160681579145513e-11   1.160681579145631e-11
                5.703125   9.824858180742477e-12   9.824858180743797e-12
                5.859375    8.35403133039757e-12   8.354031330397462e-12
                6.015625   7.133777778710737e-12   7.133777778709764e-12
                6.171875   6.116480416149888e-12   6.116480416149224e-12
                6.328125    5.26446486523435e-12   5.264464865234531e-12
                6.484375   4.547743777734882e-12   4.547743777735301e-12
                6.640625   3.942313698543473e-12   3.942313698543415e-12
                6.796875    3.42885719346986e-12   3.428857193469084e-12
                6.953125   2.991748176420239e-12   2.991748176419395e-12
                7.109375   2.618284913310788e-12   2.618284913310595e-12
                7.265625   2.298093552580892e-12   2.298093552580917e-12
                7.421875   2.022664904659135e-12   2.022664904658839e-12
                7.578125   1.784987930927828e-12   1.784987930927454e-12
                7.734375   1.579263759417161e-12   1.579263759416995e-12
                7.890625   1.400676096129242e-12   1.400676096129218e-12
                8.046875   1.245210458726145e-12   1.245210458726176e-12
                8.203125   1.109507976308334e-12   1.109507976308484e-12
                8.359375   9.907490000048474e-13   9.907490000052363e-13
                8.515625   8.865586739260765e-13   8.865586739265389e-13
                8.671875   7.949296256549851e-13   7.949296256553261e-13
                8.828125   7.141607984853782e-13   7.141607984855619e-13
                8.984375     6.4280567987995e-13   6.428056798799907e-13
                9.140625   5.796311040589686e-13   5.796311040589442e-13
                9.296875   5.235825914461769e-13    5.23582591446183e-13
                9.453125    4.73756113508333e-13   4.737561135083727e-13
                9.609375   4.293746929600515e-13   4.293746929601203e-13
                9.765625   3.897688703118521e-13    3.89768870311987e-13
                9.921875   3.543602523850522e-13   3.543602523852041e-13
               10.078125   3.226481171582216e-13   3.226481171583017e-13
               10.234375   2.941979769329402e-13   2.941979769329475e-13
               10.390625   2.686319508679299e-13   2.686319508679332e-13
               10.546875   2.456207292634104e-13    2.45620729263483e-13
               10.703125   2.248765919834896e-13    2.24876591983647e-13
               10.859375   2.061479160702624e-13   2.061479160704111e-13
               11.015625   1.892139534985309e-13   1.892139534985763e-13
               11.171875   1.738808280693122e-13   1.738808280692739e-13
               11.328125   1.599778673426282e-13   1.599778673425795e-13
               11.484375   1.473547226742346e-13   1.473547226741932e-13
               11.640625   1.358784251093386e-13   1.358784251092543e-13
               11.796875   1.254314437684372e-13   1.254314437682947e-13
               11.953125   1.159096591604157e-13   1.159096591602535e-13
               12.109375   1.072205189417914e-13   1.072205189416666e-13
               12.265625   9.928194610291463e-14   9.928194610285252e-14
               12.421875    9.20206931253747e-14   9.202069312533359e-14
               12.578125   8.537152468440565e-14   8.537152468436647e-14
               12.734375   7.927622590842847e-14   7.927622590841189e-14
               12.890625   7.368263103616971e-14    7.36826310361964e-14
               13.046875   6.854411248196141e-14   6.854411248201899e-14
               13.203125   6.381880969835864e-14   6.381880969840782e-14
               13.359375   5.946922088175571e-14   5.946922088177845e-14
               13.515625   5.546151935873201e-14   5.546151935871883e-14
               13.671875   5.176541449206867e-14   5.176541449203047e-14
               13.828125     4.8353512772745e-14   4.835351277270356e-14
               13.984375   4.520116567968572e-14   4.520116567965172e-14
               14.140625   4.228599584162091e-14   4.228599584160803e-14
               14.296875    3.95879141562209e-14   3.958791415624328e-14
               14.453125   3.708853997737152e-14   3.708853997742326e-14
               14.609375   3.477133095005462e-14   3.477133095011202e-14
               14.765625   3.262126603687214e-14   3.262126603692297e-14
               14.921875   3.062465413869671e-14   3.062465413874735e-14
               15.078125   2.876910664892536e-14   2.876910664897325e-14
               15.234375   2.704338129114957e-14    2.70433812911859e-14
               15.390625    2.54371946497176e-14   2.543719464973953e-14
               15.546875    2.39412421727851e-14   2.394124217279529e-14
               15.703125    2.25469489934173e-14   2.254694899342571e-14
               15.859375   2.124655366181184e-14   2.124655366182743e-14
               16.015625   2.003286325859405e-14   2.003286325861088e-14
               16.171875   1.889935269603245e-14   1.889935269603883e-14
               16.328125   1.783996998596729e-14   1.783996998596142e-14
               16.484375   1.684924700577347e-14   1.684924700575614e-14
               16.640625   1.592206843898697e-14   1.592206843896565e-14
               16.796875   1.505383502944195e-14   1.505383502942736e-14
               16.953125   1.424028485742103e-14   1.424028485742124e-14
               17.109375   1.347751519276518e-14   1.347751519278031e-14
               17.265625   1.276193918063412e-14   1.276193918065422e-14
               17.421875   1.209030714934848e-14   1.209030714936241e-14
               17.578125   1.145949053655851e-14   1.145949053656326e-14
               17.734375    1.08669114350182e-14   1.086691143501863e-14
               17.890625   1.030948839141676e-14   1.030948839141391e-14
               18.046875   9.785881781079813e-15   9.785881781074752e-15
               18.203125   9.291564432048271e-15   9.291564432044128e-15
               18.359375   8.829484984558111e-15    8.82948498455673e-15
               18.515625   8.386841522253967e-15   8.386841522253407e-15
               18.671875   7.985391200228717e-15   7.985391200228273e-15
               18.828125    7.57269589112795e-15   7.572695891128466e-15
               18.984375   7.257028784241521e-15   7.257028784240249e-15
               19.140625   6.799650776403547e-15   6.799650776398211e-15
               19.296875   6.712190832808732e-15   6.712190832798964e-15
               19.453125   5.886759645764653e-15   5.886759645754993e-15
               19.609375   6.786627547999679e-15    6.78662754799223e-15
               19.765625   4.280733908818879e-15   4.280733908815453e-15
               19.921875   8.289139861349311e-15   8.289139861344344e-15
               20.078125                       0                       0
               20.234375                       0                       0
               20.390625                       0                       0
               20.546875                       0                       0
