# File created on Tue Jul  7 16:46:48 2026
# Data for Inflation GW initial data initial data at coord time 0 and central proper time 0
# Evolved with (264,10,9) gridpoints (including 4 ghosts)
# Evolution with geodesic slicing and constant shift shift condition 
# data for phi = 3.14159
#              r           theta                I_Re
#===============================================================
       0.0390625      0.78539816   0.0001090638349535353
       0.0390625       2.3561945   0.0001090638349535354

       0.1171875      0.78539816    0.000304685038949144
       0.1171875       2.3561945   0.0003046850389491441

       0.1953125      0.78539816    0.002600674606544106
       0.1953125       2.3561945    0.002600674606544103

       0.2734375      0.78539816    0.006228310340927821
       0.2734375       2.3561945     0.00622831034092782

       0.3515625      0.78539816    0.008039139887787287
       0.3515625       2.3561945    0.008039139887787287

       0.4296875      0.78539816    0.006874987812650447
       0.4296875       2.3561945    0.006874987812650447

       0.5078125      0.78539816    0.004344330373420886
       0.5078125       2.3561945    0.004344330373420893

       0.5859375      0.78539816     0.00220535607508684
       0.5859375       2.3561945    0.002205356075086848

       0.6640625      0.78539816   0.0009770756684428401
       0.6640625       2.3561945   0.0009770756684428453

       0.7421875      0.78539816   0.0004123862112084794
       0.7421875       2.3561945   0.0004123862112084791

       0.8203125      0.78539816   0.0001799913024061197
       0.8203125       2.3561945    0.000179991302406119

       0.8984375      0.78539816   8.598961293673002e-05
       0.8984375       2.3561945   8.598961293673066e-05

       0.9765625      0.78539816   4.581685153358007e-05
       0.9765625       2.3561945   4.581685153358041e-05

       1.0546875      0.78539816   2.688303290488697e-05
       1.0546875       2.3561945   2.688303290488572e-05

       1.1328125      0.78539816   1.693769686198059e-05
       1.1328125       2.3561945   1.693769686197897e-05

       1.2109375      0.78539816   1.120298720766272e-05
       1.2109375       2.3561945   1.120298720766184e-05

       1.2890625      0.78539816   7.663837709643978e-06
       1.2890625       2.3561945   7.663837709643609e-06

       1.3671875      0.78539816   5.376934424903117e-06
       1.3671875       2.3561945   5.376934424903298e-06

       1.4453125      0.78539816   3.851116417547415e-06
       1.4453125       2.3561945   3.851116417547758e-06

       1.5234375      0.78539816   2.807922208450482e-06
       1.5234375       2.3561945   2.807922208450785e-06

       1.6015625      0.78539816   2.080052177900594e-06
       1.6015625       2.3561945   2.080052177900954e-06

       1.6796875      0.78539816   1.563063906122472e-06
       1.6796875       2.3561945   1.563063906122676e-06

       1.7578125      0.78539816   1.189933670924284e-06
       1.7578125       2.3561945   1.189933670924353e-06

       1.8359375      0.78539816   9.166855479206466e-07
       1.8359375       2.3561945   9.166855479207719e-07

       1.9140625      0.78539816   7.139042851630646e-07
       1.9140625       2.3561945   7.139042851632061e-07

       1.9921875      0.78539816   5.615696800757889e-07
       1.9921875       2.3561945   5.615696800758684e-07

       2.0703125      0.78539816    4.45838024679718e-07
       2.0703125       2.3561945   4.458380246797571e-07

       2.1484375      0.78539816   3.569959150640914e-07
       2.1484375       2.3561945   3.569959150641316e-07

       2.2265625      0.78539816     2.8813552859134e-07
       2.2265625       2.3561945    2.88135528591397e-07

       2.3046875      0.78539816   2.342825776720793e-07
       2.3046875       2.3561945   2.342825776721447e-07

       2.3828125      0.78539816   1.918133224079026e-07
       2.3828125       2.3561945    1.91813322407946e-07

       2.4609375      0.78539816   1.580592191756332e-07
       2.4609375       2.3561945   1.580592191756445e-07

       2.5390625      0.78539816    1.31035210315013e-07
       2.5390625       2.3561945   1.310352103150118e-07

       2.6171875      0.78539816   1.092506562476486e-07
       2.6171875       2.3561945   1.092506562476585e-07

       2.6953125      0.78539816   9.157623262845144e-08
       2.6953125       2.3561945   9.157623262848231e-08

       2.7734375      0.78539816   7.714919879247286e-08
       2.7734375       2.3561945    7.71491987925074e-08

       2.8515625      0.78539816    6.53052832548518e-08
       2.8515625       2.3561945   6.530528325488233e-08

       2.9296875      0.78539816   5.552923005276899e-08
       2.9296875       2.3561945   5.552923005279513e-08

       3.0078125      0.78539816   4.741856844509039e-08
       3.0078125       2.3561945   4.741856844510592e-08

       3.0859375      0.78539816   4.065684000820962e-08
       3.0859375       2.3561945   4.065684000821311e-08

       3.1640625      0.78539816   3.499365181124842e-08
       3.1640625       2.3561945   3.499365181124428e-08

       3.2421875      0.78539816   3.022970304497979e-08
       3.2421875       2.3561945   3.022970304497071e-08

       3.3203125      0.78539816   2.620546033145728e-08
       3.3203125       2.3561945   2.620546033144433e-08

       3.3984375      0.78539816   2.279253393806771e-08
       3.3984375       2.3561945   2.279253393805559e-08

       3.4765625      0.78539816   1.988706709038606e-08
       3.4765625       2.3561945   1.988706709037638e-08

       3.5546875      0.78539816   1.740463668406744e-08
       3.5546875       2.3561945   1.740463668405874e-08

       3.6328125      0.78539816   1.527629549691383e-08
       3.6328125       2.3561945   1.527629549690668e-08

       3.7109375      0.78539816   1.344548388050942e-08
       3.7109375       2.3561945   1.344548388050415e-08

       3.7890625      0.78539816   1.186560512379183e-08
       3.7890625       2.3561945    1.18656051237882e-08

       3.8671875      0.78539816   1.049811360092782e-08
       3.8671875       2.3561945   1.049811360092727e-08

       3.9453125      0.78539816   9.310998320191068e-09
       3.9453125       2.3561945   9.310998320194175e-09

       4.0234375      0.78539816   8.277574840188189e-09
       4.0234375       2.3561945   8.277574840192296e-09

       4.1015625      0.78539816   7.375518712346005e-09
       4.1015625       2.3561945   7.375518712349493e-09

       4.1796875      0.78539816   6.586087960247391e-09
       4.1796875       2.3561945   6.586087960250632e-09

       4.2578125      0.78539816    5.89349561214108e-09
       4.2578125       2.3561945   5.893495612143486e-09

       4.3359375      0.78539816   5.284401154008056e-09
       4.3359375       2.3561945   5.284401154009136e-09

       4.4140625      0.78539816   4.747496200092896e-09
       4.4140625       2.3561945   4.747496200093601e-09

       4.4921875      0.78539816   4.273166623619705e-09
       4.4921875       2.3561945   4.273166623619822e-09

       4.5703125      0.78539816    3.85321484066657e-09
       4.5703125       2.3561945   3.853214840664786e-09

       4.6484375      0.78539816   3.480631934085154e-09
       4.6484375       2.3561945   3.480631934081485e-09

       4.7265625      0.78539816   3.149409075592985e-09
       4.7265625       2.3561945   3.149409075588474e-09

       4.8046875      0.78539816   2.854381436444211e-09
       4.8046875       2.3561945   2.854381436440575e-09

       4.8828125      0.78539816    2.59109856139754e-09
       4.8828125       2.3561945   2.591098561395655e-09

       4.9609375      0.78539816   2.355716258079437e-09
       4.9609375       2.3561945   2.355716258078861e-09

       5.0390625      0.78539816   2.144906167625504e-09
       5.0390625       2.3561945    2.14490616762573e-09

       5.1171875      0.78539816   1.955780001568533e-09
       5.1171875       2.3561945   1.955780001568825e-09

       5.1953125      0.78539816   1.785825850130308e-09
       5.1953125       2.3561945   1.785825850130564e-09

       5.2734375      0.78539816   1.632854498764182e-09
       5.2734375       2.3561945   1.632854498765646e-09

       5.3515625      0.78539816   1.494953916755516e-09
       5.3515625       2.3561945   1.494953916757944e-09

       5.4296875      0.78539816   1.370450910223232e-09
       5.4296875       2.3561945   1.370450910225423e-09

       5.5078125      0.78539816   1.257878389298194e-09
       5.5078125       2.3561945    1.25787838929924e-09

       5.5859375      0.78539816   1.155947551805849e-09
       5.5859375       2.3561945    1.15594755180538e-09

       5.6640625      0.78539816   1.063524074244936e-09
       5.6640625       2.3561945   1.063524074244036e-09

       5.7421875      0.78539816   9.796079449820007e-10
       5.7421875       2.3561945   9.796079449815538e-10

       5.8203125      0.78539816   9.033158556176642e-10
       5.8203125       2.3561945   9.033158556178226e-10

       5.8984375      0.78539816   8.338663920033076e-10
       5.8984375       2.3561945   8.338663920036818e-10

       5.9765625      0.78539816   7.705671017838823e-10
       5.9765625       2.3561945   7.705671017838548e-10

       6.0546875      0.78539816    7.12803330318001e-10
       6.0546875       2.3561945   7.128033303169495e-10

       6.1328125      0.78539816   6.600287267401006e-10
       6.1328125       2.3561945   6.600287267381365e-10

       6.2109375      0.78539816   6.117568418018159e-10
       6.2109375       2.3561945   6.117568417997912e-10

       6.2890625      0.78539816   5.675539112608109e-10
       6.2890625       2.3561945   5.675539112593401e-10

       6.3671875      0.78539816   5.270326703667056e-10
       6.3671875       2.3561945   5.270326703659299e-10

       6.4453125      0.78539816   4.898467802783451e-10
       6.4453125       2.3561945   4.898467802779333e-10

       6.5234375      0.78539816   4.556861682431186e-10
       6.5234375       2.3561945   4.556861682427933e-10

       6.6015625      0.78539816   4.242727752883057e-10
       6.6015625       2.3561945   4.242727752878801e-10

       6.6796875      0.78539816   3.953570192695533e-10
       6.6796875       2.3561945   3.953570192690179e-10

       6.7578125      0.78539816   3.687144679055933e-10
       6.7578125       2.3561945   3.687144679052505e-10

       6.8359375      0.78539816   3.441431979199609e-10
       6.8359375       2.3561945   3.441431979200759e-10

       6.9140625      0.78539816   3.214611872219882e-10
       6.9140625       2.3561945   3.214611872223143e-10

       6.9921875      0.78539816    3.00504243822823e-10
       6.9921875       2.3561945   3.005042438230393e-10

       7.0703125      0.78539816   2.811240349006511e-10
       7.0703125       2.3561945   2.811240349007017e-10

       7.1484375      0.78539816   2.631864363962272e-10
       7.1484375       2.3561945   2.631864363961784e-10

       7.2265625      0.78539816   2.465700281338331e-10
       7.2265625       2.3561945   2.465700281337744e-10

       7.3046875      0.78539816   2.311647480030239e-10
       7.3046875       2.3561945   2.311647480028549e-10

       7.3828125      0.78539816   2.168707622715694e-10
       7.3828125       2.3561945   2.168707622713392e-10

       7.4609375      0.78539816   2.035973825634554e-10
       7.4609375       2.3561945    2.03597382563411e-10

       7.5390625      0.78539816   1.912621805204454e-10
       7.5390625       2.3561945   1.912621805206759e-10

       7.6171875      0.78539816   1.797901200974035e-10
       7.6171875       2.3561945    1.79790120097851e-10

       7.6953125      0.78539816   1.691128793796515e-10
       7.6953125       2.3561945   1.691128793801651e-10

       7.7734375      0.78539816   1.591681234228502e-10
       7.7734375       2.3561945   1.591681234232403e-10

       7.8515625      0.78539816   1.498989954574998e-10
       7.8515625       2.3561945   1.498989954576582e-10

       7.9296875      0.78539816   1.412535420584854e-10
       7.9296875       2.3561945   1.412535420584875e-10

       8.0078125      0.78539816   1.331842587509015e-10
       8.0078125       2.3561945   1.331842587508793e-10

       8.0859375      0.78539816    1.25647681468579e-10
       8.0859375       2.3561945   1.256476814686286e-10

       8.1640625      0.78539816   1.186039922012314e-10
       8.1640625       2.3561945   1.186039922014014e-10

       8.2421875      0.78539816    1.12016698544022e-10
       8.2421875       2.3561945   1.120166985442812e-10

       8.3203125      0.78539816   1.058523054330343e-10
       8.3203125       2.3561945   1.058523054333506e-10

       8.3984375      0.78539816   1.000800799334738e-10
       8.3984375       2.3561945   1.000800799338061e-10

       8.4765625      0.78539816   9.467175664925082e-11
       8.4765625       2.3561945   9.467175664955456e-11

       8.5546875      0.78539816   8.960135319684712e-11
       8.5546875       2.3561945    8.96013531970993e-11

       8.6328125      0.78539816   8.484496242584385e-11
       8.6328125       2.3561945   8.484496242607425e-11

       8.7109375      0.78539816   8.038054176858538e-11
       8.7109375       2.3561945   8.038054176881168e-11

       8.7890625      0.78539816   7.618779548984135e-11
       8.7890625       2.3561945   7.618779549000928e-11

       8.8671875      0.78539816   7.224799263128942e-11
       8.8671875       2.3561945   7.224799263137141e-11

       8.9453125      0.78539816   6.854383655413717e-11
       8.9453125       2.3561945   6.854383655416242e-11

       9.0234375      0.78539816   6.505936688611077e-11
       9.0234375       2.3561945   6.505936688609988e-11

       9.1015625      0.78539816   6.177980813852169e-11
       9.1015625       2.3561945     6.1779808138477e-11

       9.1796875      0.78539816   5.869151162868541e-11
       9.1796875       2.3561945   5.869151162862806e-11

       9.2578125      0.78539816   5.578182852340778e-11
       9.2578125       2.3561945   5.578182852338558e-11

       9.3359375      0.78539816   5.303905604828785e-11
       9.3359375       2.3561945   5.303905604833401e-11

       9.4140625      0.78539816   5.045233690871397e-11
       9.4140625       2.3561945   5.045233690880677e-11

       9.4921875      0.78539816   4.801160987435166e-11
       9.4921875       2.3561945   4.801160987445591e-11

       9.5703125      0.78539816   4.570752838833172e-11
       9.5703125       2.3561945   4.570752838840053e-11

       9.6484375      0.78539816   4.353142262138737e-11
       9.6484375       2.3561945   4.353142262137886e-11

       9.7265625      0.78539816   4.147523184755726e-11
       9.7265625       2.3561945   4.147523184745098e-11

       9.8046875      0.78539816   3.953146752108328e-11
       9.8046875       2.3561945    3.95314675208813e-11

       9.8828125      0.78539816   3.769314936364529e-11
       9.8828125       2.3561945   3.769314936341488e-11

       9.9609375      0.78539816   3.595380103402288e-11
       9.9609375       2.3561945   3.595380103385211e-11

       10.039062      0.78539816   3.430737332784413e-11
       10.039062       2.3561945   3.430737332775989e-11

       10.117188      0.78539816   3.274823659260455e-11
       10.117188       2.3561945    3.27482365925739e-11

       10.195312      0.78539816   3.127114439080194e-11
       10.195312       2.3561945   3.127114439079305e-11

       10.273438      0.78539816   2.987119626076045e-11
       10.273438       2.3561945   2.987119626076359e-11

       10.351562      0.78539816   2.854382438429506e-11
       10.351562       2.3561945   2.854382438432672e-11

       10.429688      0.78539816   2.728475985413998e-11
       10.429688       2.3561945   2.728475985420085e-11

       10.507812      0.78539816   2.609001375064789e-11
       10.507812       2.3561945    2.60900137507057e-11

       10.585938      0.78539816   2.495585825403145e-11
       10.585938       2.3561945   2.495585825406086e-11

       10.664062      0.78539816   2.387880856460248e-11
       10.664062       2.3561945   2.387880856461731e-11

       10.742188      0.78539816   2.285560072635428e-11
       10.742188       2.3561945   2.285560072637528e-11

       10.820312      0.78539816   2.188318173156799e-11
       10.820312       2.3561945   2.188318173159667e-11

       10.898438      0.78539816   2.095868881797212e-11
       10.898438       2.3561945   2.095868881799973e-11

       10.976562      0.78539816   2.007944633501639e-11
       10.976562       2.3561945   2.007944633502876e-11

       11.054688      0.78539816    1.92429324271721e-11
       11.054688       2.3561945   1.924293242716989e-11

       11.132812      0.78539816   1.844679731184626e-11
       11.132812       2.3561945   1.844679731183123e-11

       11.210938      0.78539816   1.768882689438576e-11
       11.210938       2.3561945   1.768882689437161e-11

       11.289062      0.78539816   1.696694257884182e-11
       11.289062       2.3561945   1.696694257884956e-11

       11.367188      0.78539816   1.627919504413341e-11
       11.367188       2.3561945   1.627919504414908e-11

       11.445312      0.78539816   1.562375366201147e-11
       11.445312       2.3561945   1.562375366201094e-11

       11.523438      0.78539816   1.499889284740247e-11
       11.523438       2.3561945   1.499889284738524e-11

       11.601562      0.78539816   1.440299691828515e-11
       11.601562       2.3561945   1.440299691827172e-11

       11.679688      0.78539816   1.383453716310791e-11
       11.679688       2.3561945   1.383453716311758e-11

       11.757812      0.78539816   1.329208313618228e-11
       11.757812       2.3561945   1.329208313623387e-11

       11.835938      0.78539816   1.277428096799088e-11
       11.835938       2.3561945   1.277428096807658e-11

       11.914062      0.78539816   1.227986097058806e-11
       11.914062       2.3561945   1.227986097067408e-11

       11.992188      0.78539816   1.180762290060615e-11
       11.992188       2.3561945   1.180762290067485e-11

       12.070312      0.78539816   1.135643734345884e-11
       12.070312       2.3561945   1.135643734350935e-11

       12.148438      0.78539816   1.092523700751043e-11
       12.148438       2.3561945   1.092523700755062e-11

       12.226562      0.78539816   1.051301823516424e-11
       12.226562       2.3561945    1.05130182351951e-11

       12.304688      0.78539816   1.011882955136652e-11
       12.304688       2.3561945   1.011882955138902e-11

       12.382812      0.78539816   9.741778126902822e-12
       12.382812       2.3561945   9.741778126926948e-12

       12.460938      0.78539816   9.381015959307872e-12
       12.460938       2.3561945   9.381015959338636e-12

       12.539062      0.78539816   9.035743800295698e-12
       12.539062       2.3561945   9.035743800324591e-12

       12.617188      0.78539816   8.705208163840092e-12
       12.617188       2.3561945   8.705208163858225e-12

       12.695312      0.78539816   8.388692188344902e-12
       12.695312       2.3561945   8.388692188354858e-12

       12.773438      0.78539816   8.085523015757138e-12
       12.773438       2.3561945   8.085523015766168e-12

       12.851562      0.78539816   7.795059870620911e-12
       12.851562       2.3561945   7.795059870631105e-12

       12.929688      0.78539816   7.516697189573668e-12
       12.929688       2.3561945   7.516697189577348e-12

       13.007812      0.78539816   7.249864333277979e-12
       13.007812       2.3561945   7.249864333273339e-12

       13.085938      0.78539816   6.994017242749838e-12
       13.085938       2.3561945   6.994017242746653e-12

       13.164062      0.78539816   6.748641642844189e-12
       13.164062       2.3561945   6.748641642846374e-12

       13.242188      0.78539816   6.513250986205266e-12
       13.242188       2.3561945   6.513250986213018e-12

       13.320312      0.78539816   6.287383172179155e-12
       13.320312       2.3561945   6.287383172192261e-12

       13.398438      0.78539816   6.070601320894136e-12
       13.398438       2.3561945   6.070601320908843e-12

       13.476562      0.78539816    5.86248867955121e-12
       13.476562       2.3561945   5.862488679564959e-12

       13.554688      0.78539816   5.662651863151419e-12
       13.554688       2.3561945   5.662651863160395e-12

       13.632812      0.78539816   5.470716665290526e-12
       13.632812       2.3561945   5.470716665291821e-12

       13.710938      0.78539816   5.286328980111451e-12
       13.710938       2.3561945   5.286328980108646e-12

       13.789062      0.78539816   5.109151451870836e-12
       13.789062       2.3561945   5.109151451872354e-12

       13.867188      0.78539816   4.938862268597503e-12
       13.867188       2.3561945   4.938862268606645e-12

       13.945312      0.78539816   4.775158737921437e-12
       13.945312       2.3561945    4.77515873793079e-12

       14.023438      0.78539816   4.617752157912726e-12
       14.023438       2.3561945   4.617752157917463e-12

       14.101562      0.78539816   4.466364439579293e-12
       14.101562       2.3561945   4.466364439580554e-12

       14.179688      0.78539816    4.32073751890287e-12
       14.179688       2.3561945   4.320737518905825e-12

       14.257812      0.78539816   4.180619250489704e-12
       14.257812       2.3561945   4.180619250496207e-12

       14.335938      0.78539816   4.045774778350529e-12
       14.335938       2.3561945   4.045774778360035e-12

       14.414062      0.78539816   3.915976921990489e-12
       14.414062       2.3561945   3.915976922004093e-12

       14.492188      0.78539816   3.791012153369805e-12
       14.492188       2.3561945   3.791012153385037e-12

       14.570312      0.78539816   3.670674594935206e-12
       14.570312       2.3561945    3.67067459494999e-12

       14.648438      0.78539816   3.554769933954295e-12
       14.648438       2.3561945   3.554769933966808e-12

       14.726562      0.78539816   3.443112573752594e-12
       14.726562       2.3561945    3.44311257375672e-12

       14.804688      0.78539816   3.335525817012299e-12
       14.804688       2.3561945   3.335525817004071e-12

       14.882812      0.78539816   3.231838633647318e-12
       14.882812       2.3561945   3.231838633626859e-12

       14.960938      0.78539816   3.131894310886176e-12
       14.960938       2.3561945   3.131894310863072e-12

       15.039062      0.78539816   3.035535555096711e-12
       15.039062       2.3561945   3.035535555086189e-12

       15.117188      0.78539816   2.942617912482209e-12
       15.117188       2.3561945    2.94261791249041e-12

       15.195312      0.78539816   2.853001689146084e-12
       15.195312       2.3561945   2.853001689167998e-12

       15.273438      0.78539816   2.766553618372257e-12
       15.273438       2.3561945   2.766553618394952e-12

       15.351562      0.78539816   2.683146421211477e-12
       15.351562       2.3561945   2.683146421224248e-12

       15.429688      0.78539816   2.602657570546214e-12
       15.429688       2.3561945   2.602657570546968e-12

       15.507812      0.78539816   2.524972798152533e-12
       15.507812       2.3561945   2.524972798145207e-12

       15.585938      0.78539816   2.449979240867966e-12
       15.585938       2.3561945   2.449979240857974e-12

       15.664062      0.78539816   2.377572298741092e-12
       15.664062       2.3561945   2.377572298730111e-12

       15.742188      0.78539816   2.307650172881593e-12
       15.742188       2.3561945   2.307650172869057e-12

       15.820312      0.78539816   2.240114860466943e-12
       15.820312       2.3561945   2.240114860451118e-12

       15.898438      0.78539816   2.174875140807389e-12
       15.898438       2.3561945   2.174875140786692e-12

       15.976562      0.78539816    2.11184085569073e-12
       15.976562       2.3561945   2.111840855670329e-12

       16.054688      0.78539816   2.050928394292506e-12
       16.054688       2.3561945   2.050928394277125e-12

       16.132812      0.78539816   1.992055550575865e-12
       16.132812       2.3561945    1.99205555056504e-12

       16.210938      0.78539816   1.935144546958179e-12
       16.210938       2.3561945   1.935144546949069e-12

       16.289062      0.78539816   1.880121809592381e-12
       16.289062       2.3561945   1.880121809581688e-12

       16.367188      0.78539816   1.826914892186556e-12
       16.367188       2.3561945   1.826914892173284e-12

       16.445312      0.78539816   1.775456267230007e-12
       16.445312       2.3561945   1.775456267216854e-12

       16.523438      0.78539816   1.725680572418654e-12
       16.523438       2.3561945    1.72568057240947e-12

       16.601562      0.78539816   1.677525295365143e-12
       16.601562       2.3561945   1.677525295359237e-12

       16.679688      0.78539816   1.630929921042473e-12
       16.679688       2.3561945   1.630929921036296e-12

       16.757812      0.78539816   1.585837845176486e-12
       16.757812       2.3561945   1.585837845167881e-12

       16.835938      0.78539816    1.54219276719197e-12
       16.835938       2.3561945   1.542192767182679e-12

       16.914062      0.78539816   1.499943472975303e-12
       16.914062       2.3561945   1.499943472969746e-12

       16.992188      0.78539816   1.459037634846505e-12
       16.992188       2.3561945   1.459037634847581e-12

       17.070312      0.78539816   1.419427585358536e-12
       17.070312       2.3561945   1.419427585365863e-12

       17.148438      0.78539816   1.381066954414766e-12
       17.148438       2.3561945   1.381066954426924e-12

       17.226562      0.78539816   1.343910585745004e-12
       17.226562       2.3561945   1.343910585759557e-12

       17.304688      0.78539816   1.307915025005335e-12
       17.304688       2.3561945   1.307915025016738e-12

       17.382812      0.78539816   1.273039629565328e-12
       17.382812       2.3561945   1.273039629569274e-12

       17.460938      0.78539816   1.239244426239228e-12
       17.460938       2.3561945   1.239244426233284e-12

       17.539062      0.78539816   1.206491827521296e-12
       17.539062       2.3561945   1.206491827506749e-12

       17.617188      0.78539816    1.17474499307526e-12
       17.617188       2.3561945   1.174744993055588e-12

       17.695312      0.78539816    1.14396809549282e-12
       17.695312       2.3561945   1.143968095471366e-12

       17.773438      0.78539816   1.114128011369175e-12
       17.773438       2.3561945   1.114128011349267e-12

       17.851562      0.78539816   1.085192592788443e-12
       17.851562       2.3561945   1.085192592771942e-12

       17.929688      0.78539816   1.057129415361794e-12
       17.929688       2.3561945   1.057129415349925e-12

       18.007812      0.78539816   1.029909845515558e-12
       18.007812       2.3561945   1.029909845508357e-12

       18.085938      0.78539816   1.003504107867758e-12
       18.085938       2.3561945   1.003504107863444e-12

       18.164062      0.78539816   9.778846893954528e-13
       18.164062       2.3561945   9.778846893918068e-13

       18.242188      0.78539816   9.530251251391229e-13
       18.242188       2.3561945   9.530251251354006e-13

       18.320312      0.78539816   9.288989959050883e-13
       18.320312       2.3561945   9.288989958998017e-13

       18.398438      0.78539816   9.054833339446278e-13
       18.398438       2.3561945   9.054833339371154e-13

       18.476562      0.78539816   8.827520023982971e-13
       18.476562       2.3561945   8.827520023893253e-13

       18.554688      0.78539816   8.606847441115931e-13
       18.554688       2.3561945   8.606847441020264e-13

       18.632812      0.78539816    8.39256779860609e-13
       18.632812       2.3561945   8.392567798506983e-13

       18.710938      0.78539816   8.184511051427661e-13
       18.710938       2.3561945   8.184511051329254e-13

       18.789062      0.78539816   7.982389967854546e-13
       18.789062       2.3561945   7.982389967769891e-13

       18.867188      0.78539816   7.786192902376868e-13
       18.867188       2.3561945   7.786192902315329e-13

       18.945312      0.78539816   7.595326693971377e-13
       18.945312       2.3561945   7.595326693944884e-13

       19.023438      0.78539816   7.410492289452598e-13
       19.023438       2.3561945   7.410492289465115e-13

       19.101562      0.78539816   7.229575439643253e-13
       19.101562       2.3561945   7.229575439676834e-13

       19.179688      0.78539816     7.0566784855317e-13
       19.179688       2.3561945   7.056678485558145e-13

       19.257812      0.78539816   6.882224372615989e-13
       19.257812       2.3561945   6.882224372623016e-13

       19.335938      0.78539816   6.726799287582874e-13
       19.335938       2.3561945   6.726799287579389e-13

       19.414062      0.78539816   6.544557933938923e-13
       19.414062       2.3561945   6.544557933934938e-13

       19.492188      0.78539816   6.436126990651778e-13
       19.492188       2.3561945   6.436126990642967e-13

       19.570312      0.78539816   6.179438793237527e-13
       19.570312       2.3561945   6.179438793219282e-13

       19.648438      0.78539816    6.26296399930903e-13
       19.648438       2.3561945   6.262963999269235e-13

       19.726562      0.78539816   5.613020601674224e-13
       19.726562       2.3561945   5.613020601603945e-13

       19.804688      0.78539816   6.665753062396178e-13
       19.804688       2.3561945   6.665753062303719e-13

       19.882812      0.78539816   4.267489307036117e-13
       19.882812       2.3561945   4.267489307002718e-13

       19.960938      0.78539816   8.550167434643924e-13
       19.960938       2.3561945   8.550167434636461e-13

       20.039062      0.78539816                       0
       20.039062       2.3561945                       0

       20.117188      0.78539816                       0
       20.117188       2.3561945                       0

       20.195312      0.78539816                       0
       20.195312       2.3561945                       0

       20.273438      0.78539816                       0
       20.273438       2.3561945                       0

