# File created on Wed Jul  8 11:31:12 2026
# ======================================== 
# = Running code assuming AXISYMMETRY    = 
# ======================================== 
# Data for Inflation GW initial data initial data at coord. time 0.0377973 and proper central time 0.0377973
# Evolved with (264,10,9) gridpoints (including 4 ghosts)
# Evolution with geodesic slicing and constant shift
# using eighth-order spatial differencing with 4 ghost zones 
# data 1 at theta = 0 and phi = 3.14159
# data 2 at theta = 1.5708 and phi = 3.14159
#                      r                    I_Re                    I_Re
#                               (     0,3.14159)        (1.5708,3.14159)
#========================================================================
            -0.210546875       5.997785674743289       5.997785674743289
            -0.150390625       5.998889826707632       5.998889826707632
    -0.09023437500000001       5.999625654624331       5.999625654624332
            -0.030078125       5.999993486574199         5.9999934865742
             0.030078125         5.9999934865742         5.9999934865742
     0.09023437500000001       5.999625654624332       5.999625654624332
             0.150390625       5.998889826707632       5.998889826707632
             0.210546875       5.997785674743289       5.997785674743289
             0.270703125       5.996312706495628       5.996312706495628
             0.330859375       5.994470265444868       5.994470265444868
             0.391015625       5.992257530627999       5.992257530627997
             0.451171875       5.989673516460838       5.989673516460838
             0.511328125       5.986717072555567       5.986717072555567
             0.571484375       5.983386883549791       5.983386883549791
      0.6316406250000001       5.979681468966064       5.979681468966063
             0.691796875       5.975599183123123       5.975599183123121
             0.751953125       5.971138215122063       5.971138215122063
             0.812109375       5.966296588932513       5.966296588932513
             0.872265625       5.961072163606133       5.961072163606133
      0.9324218750000001       5.955462633645765       5.955462633645764
             0.992578125       5.949465529560134       5.949465529560134
             1.052734375       5.943078218635569       5.943078218635568
             1.112890625       5.936297905955936       5.936297905955935
             1.173046875       5.929121635704186       5.929121635704185
             1.233203125       5.921546292778197       5.921546292778197
             1.293359375       5.913568604753491       5.913568604753491
             1.353515625       5.905185144226915       5.905185144226916
             1.413671875       5.896392331572669       5.896392331572669
             1.473828125       5.887186438143805       5.887186438143805
             1.533984375       5.877563589949349        5.87756358994935
             1.594140625       5.867519771836289       5.867519771836291
             1.654296875       5.857050832207531       5.857050832207531
             1.714453125       5.846152488298683       5.846152488298684
             1.774609375       5.834820332040666       5.834820332040668
             1.834765625       5.823049836531306       5.823049836531307
             1.894921875       5.810836363134035       5.810836363134037
             1.955078125       5.798175169222285       5.798175169222285
             2.015234375       5.785061416584006       5.785061416584007
             2.075390625       5.771490180498576       5.771490180498576
             2.135546875       5.757456459494301       5.757456459494303
             2.195703125       5.742955185790041       5.742955185790043
             2.255859375       5.727981236425734       5.727981236425734
             2.316015625       5.712529445077919        5.71252944507792
             2.376171875       5.696594614553817       5.696594614553817
             2.436328125       5.680171529957946       5.680171529957946
             2.496484375       5.663254972514359       5.663254972514361
             2.556640625       5.645839734030442       5.645839734030446
             2.616796875       5.627920631980234       5.627920631980237
             2.676953125       5.609492525181896       5.609492525181897
             2.737109375       5.590550330042941       5.590550330042941
             2.797265625       5.571089037340156       5.571089037340156
             2.857421875       5.551103729496509       5.551103729496509
             2.917578125       5.530589598319474       5.530589598319475
             2.977734375       5.509541963154922       5.509541963154923
             3.037890625       5.487956289410762       5.487956289410763
             3.098046875       5.465828207403868       5.465828207403868
             3.158203125       5.443153531474113       5.443153531474115
             3.218359375       5.419928279313821       5.419928279313822
             3.278515625       5.396148691453346       5.396148691453348
             3.338671875       5.371811250844706       5.371811250844708
             3.398828125       5.346912702478965       5.346912702478965
             3.458984375       5.321450072976763       5.321450072976763
             3.519140625       5.295420690085594       5.295420690085598
             3.579296875       5.268822202016255       5.268822202016258
             3.639453125       5.241652596553834       5.241652596553838
             3.699609375       5.213910219873073       5.213910219873081
             3.759765625       5.185593794992128       5.185593794992139
             3.819921875       5.156702439794763       5.156702439794774
             3.880078125       5.127235684552164       5.127235684552177
             3.940234375       5.097193488882503       5.097193488882517
       4.000390625000001       5.066576258073979       5.066576258073997
             4.060546875        5.03538485871197       5.035384858711991
             4.120703125        5.00362063354616       5.003620633546181
             4.180859375       4.971285415532643       4.971285415532667
             4.241015625       4.938381540994534       4.938381540994561
       4.301171875000001       4.904911861842799       4.904911861842827
             4.361328125       4.870879756803669       4.870879756803697
             4.421484375       4.836289141597855       4.836289141597891
             4.481640625       4.801144478027821       4.801144478027863
             4.541796875       4.765450781925053       4.765450781925101
       4.601953125000001       4.729213629915726       4.729213629915769
             4.662109375        4.69243916497087       4.692439164970912
             4.722265625       4.655134100701267       4.655134100701311
             4.782421875        4.61730572437391       4.617305724373961
             4.842578125       4.578961898623065       4.578961898623116
       4.902734375000001       4.540111061831125       4.540111061831182
             4.962890625       4.500762227171472       4.500762227171538
             5.023046875       4.460924980293147       4.460924980293203
             5.083203125       4.420609475647633       4.420609475647685
             5.143359375       4.379826431450265       4.379826431450307
       5.203515625000001       4.338587123282931       4.338587123282965
             5.263671875       4.296903376344486       4.296903376344527
             5.323828125       4.254787556356805       4.254787556356853
             5.383984375        4.21225255915146       4.212252559151503
             5.444140625       4.169311798949898       4.169311798949952
       5.504296875000001       4.125979195366973       4.125979195367025
             5.564453125       4.082269159170147       4.082269159170194
             5.624609375       4.038196576822212       4.038196576822247
             5.684765625       3.993776793851662         3.9937767938517
             5.744921875       3.949025597092044       3.949025597092104
       5.805078125000001       3.903959195833382       3.903959195833445
             5.865234375       3.858594201939934       3.858594201939995
             5.925390625       3.812947608982127       3.812947608982198
             5.985546875       3.767036770443528       3.767036770443599
             6.045703125       3.720879377061359       3.720879377061438
       6.105859375000001        3.67449343335497       3.674493433355059
             6.166015625       3.627897233419234       3.627897233419293
             6.226171875       3.581109336037271       3.581109336037329
             6.286328125       3.534148539186614       3.534148539186671
             6.346484375       3.487033854007522       3.487033854007587
       6.406640625000001       3.439784478301727       3.439784478301793
             6.466796875        3.39241976964044       3.392419769640497
             6.526953125       3.344959218143355       3.344959218143415
             6.587109375       3.297422419013516       3.297422419013579
             6.647265625       3.249829044894378       3.249829044894422
       6.707421875000001       3.202198818122092       3.202198818122122
             6.767578125       3.154551482951983       3.154551482952008
             6.827734375        3.10690677782503       3.106906777825042
             6.887890625       3.059284407749458       3.059284407749487
             6.948046875       3.011704016867575       3.011704016867614
       7.008203125000001       2.964185161274662       2.964185161274706
             7.068359375       2.916747282162129       2.916747282162142
             7.128515625       2.869409679344927        2.86940967934492
             7.188671875       2.822191485240499       2.822191485240488
             7.248828125       2.775111639361067       2.775111639361044
       7.308984375000001       2.728188863374897       2.728188863374882
             7.369140625       2.681441636797578       2.681441636797555
             7.429296875       2.634888173362793        2.63488817336278
             7.489453125       2.588546398126907       2.588546398126877
             7.549609375       2.542433925352874       2.542433925352817
       7.609765625000001       2.496568037219286       2.496568037219234
             7.669921875       2.450965663396833       2.450965663396788
             7.730078125       2.405643361528108       2.405643361528069
             7.790234375       2.360617298649133       2.360617298649081
             7.850390625       2.315903233579375       2.315903233579331
       7.910546875000001        2.27151650031352       2.271516500313496
             7.970703125        2.22747199243632       2.227471992436264
             8.030859375       2.183784148579802       2.183784148579745
       8.091015625000001       2.140466938946933       2.140466938946895
       8.151171875000001       2.097533852907064       2.097533852907043
             8.211328125       2.054997887682048       2.054997887682055
             8.271484375       2.012871538123786       2.012871538123794
             8.331640625       1.971166787589519       1.971166787589513
       8.391796875000001       1.929895099918556       1.929895099918547
       8.451953125000001       1.889067412500324       1.889067412500288
             8.512109375       1.848694130436458       1.848694130436403
             8.572265625        1.80878512178107       1.808785121781004
             8.632421875       1.769349713851375       1.769349713851275
       8.692578125000001       1.730396690594748       1.730396690594667
       8.752734375000001       1.691934290991231       1.691934290991169
             8.812890625       1.653970208475712       1.653970208475637
             8.873046875       1.616511591355597       1.616511591355518
             8.933203125        1.57956504419972       1.579565044199651
       8.993359375000001       1.543136630173351       1.543136630173289
       9.053515625000001        1.50723187428881        1.50723187428877
             9.113671875        1.47185576754343       1.471855767543415
             9.173828125       1.437012771911162       1.437012771911125
             9.233984375       1.402706826155084       1.402706826154994
       9.294140625000001       1.368941352427258       1.368941352427153
       9.354296875000001       1.335719263617634       1.335719263617531
             9.414453125       1.303042971417016       1.303042971416908
             9.474609375       1.270914395053971       1.270914395053885
             9.534765625       1.239334970669639       1.239334970669569
       9.594921875000001       1.208305661289924       1.208305661289848
       9.655078125000001         1.1778269673538       1.177826967353738
             9.715234375       1.147898937761802       1.147898937761735
             9.775390625       1.118521181399991       1.118521181399915
             9.835546875       1.089692879102327       1.089692879102254
       9.895703125000001       1.061412796011111       1.061412796011039
       9.955859375000001       1.033679294293841       1.033679294293771
            10.016015625       1.006490346179971       1.006490346179899
            10.076171875      0.9798435472753336      0.9798435472752555
            10.136328125      0.9537361301188854      0.9537361301187787
            10.196484375      0.9281649779422951      0.9281649779422028
            10.256640625      0.9031266385957922      0.9031266385957335
            10.316796875      0.8786173386049448      0.8786173386048919
            10.376953125      0.8546329973217525      0.8546329973217216
            10.437109375      0.8311692411380032      0.8311692411379914
            10.497265625      0.8082214177262165      0.8082214177261999
            10.557421875      0.7857846102767916      0.7857846102767969
            10.617578125      0.7638536517018976      0.7638536517019291
            10.677734375      0.7424231387746607      0.7424231387746916
            10.737890625      0.7214874461765935      0.7214874461766188
            10.798046875      0.7010407404280891      0.7010407404280814
            10.858203125      0.6810769936731111      0.6810769936731003
            10.918359375      0.6615899972974046      0.6615899972974051
            10.978515625      0.6425733753559948       0.642573375356007
            11.038671875      0.6240205977882435      0.6240205977882669
            11.098828125      0.6059249934027822      0.6059249934027989
            11.158984375      0.5882797626117126      0.5882797626117287
            11.219140625      0.5710779898986189      0.5710779898986273
            11.279296875       0.554312656003941      0.5543126560039293
            11.339453125      0.5379766498140878      0.5379766498140819
            11.399609375      0.5220627799416019      0.5220627799415942
            11.459765625      0.5065637859841752      0.5065637859841535
            11.519921875      0.4914723494534829      0.4914723494534735
            11.580078125      0.4767811043638009      0.4767811043638039
            11.640234375      0.4624826474738127      0.4624826474738377
            11.700390625      0.4485695481751534      0.4485695481751245
            11.760546875      0.4350343580215205      0.4350343580214535
            11.820703125      0.4218696198958898       0.421869619895847
            11.880859375      0.4090678768117485      0.4090678768117003
            11.941015625      0.3966216803467574       0.396621680346667
            12.001171875      0.3845235987081477       0.384523598708073
            12.061328125      0.3727662244303357      0.3727662244302791
            12.121484375      0.3613421817047991      0.3613421817047059
            12.181640625      0.3502441333446021      0.3502441333445312
            12.241796875      0.3394647873873166      0.3394647873872549
            12.301953125      0.3289969033378641      0.3289969033378092
            12.362109375      0.3188332980568826      0.3188332980568391
            12.422265625      0.3089668512994108      0.3089668512993627
            12.482421875      0.2993905109086727      0.2993905109086108
            12.542578125      0.2900972976716706      0.2900972976716056
            12.602734375      0.2810803098432968      0.2810803098432657
            12.662890625      0.2723327273453665      0.2723327273453271
            12.723046875      0.2638478156485989       0.263847815648539
            12.783203125      0.2556189293454678      0.2556189293454128
            12.843359375      0.2476395154218693      0.2476395154218339
            12.903515625      0.2399031162366655      0.2399031162366403
            12.963671875      0.2324033722171377      0.2324033722171174
            13.023828125       0.225134024280131      0.2251340242801203
            13.083984375      0.2180889159877689      0.2180889159877535
            13.144140625      0.2112619954469913      0.2112619954469748
            13.204296875      0.2046473169626669      0.2046473169626739
            13.264453125      0.1982390424537037      0.1982390424536993
            13.324609375      0.1920314426415823      0.1920314426415667
            13.384765625       0.186018898021105      0.1860188980211033
            13.444921875      0.1801958996230885      0.1801958996230544
            13.505078125      0.1745570495781151      0.1745570495780693
            13.565234375      0.1690970614913911      0.1690970614913732
            13.625390625      0.1638107606372763      0.1638107606372697
            13.685546875       0.158693083985019      0.1586930839849952
            13.745703125       0.153739080058199      0.1537390800581614
            13.805859375      0.1489439086550539      0.1489439086550309
            13.866015625      0.1443028403914945      0.1443028403914808
            13.926171875      0.1398112561966483      0.1398112561966353
            13.986328125      0.1354646464567753      0.1354646464567629
            14.046484375      0.1312586106216996      0.1312586106216671
            14.106640625      0.1271888552098125      0.1271888552097687
            14.166796875      0.1232511955324867      0.1232511955324641
            14.226953125      0.1194415475607965      0.1194415475608061
            14.287109375      0.1157559445787433      0.1157559445787403
            14.347265625      0.1121904905619028      0.1121904905618831
            14.407421875       0.108741473595911      0.1087414735959094
            14.467578125      0.1054050746581214      0.1054050746581429
            14.527734375      0.1021780958731993      0.1021780958732214
            14.587890625     0.09905612620967857     0.09905612620969019
            14.648046875      0.0960381310187184     0.09603813101871989
            14.708203125     0.09311497887791845     0.09311497887791359
            14.768359375     0.09029803139918367     0.09029803139917575
            14.828515625     0.08754805759850109     0.08754805759848033
            14.888671875     0.08495152264087392       0.084951522640864
            14.948828125     0.08228447355639079      0.0822844735563748
            15.008984375     0.08008944066287477     0.08008944066284428
            15.069140625     0.07702312817098714     0.07702312817097848
            15.129296875     0.07636000177256415     0.07636000177256522
            15.189453125     0.05247868758694367      0.0524786875869261
            15.249609375      0.9781058750713005      0.9781058750711717
            15.309765625       37.98598393864724        37.9859839386469
            15.369921875       14492.56869037738       14492.56869037738
            15.430078125                       0                       0
            15.490234375                       0                       0
            15.550390625                       0                       0
            15.610546875                       0                       0
