# File created on Wed Jul  8 11:33:16 2026
# Data for Inflation GW initial data initial data at coord time 0.188986 and central proper time 0.188986
# Evolved with (264,10,9) gridpoints (including 4 ghosts)
# Evolution with geodesic slicing and constant shift shift condition 
# data for phi = 3.14159
#              r           theta                I_Re
#===============================================================
     0.030078125      0.78539816       5.590216845478613
     0.030078125       2.3561945       5.590216845477703

     0.090234375      0.78539816       5.589930493874395
     0.090234375       2.3561945       5.589930493871741

      0.15039062      0.78539816        5.58935756658211
      0.15039062       2.3561945       5.589357566585427

      0.21054687      0.78539816       5.588497615596001
      0.21054687       2.3561945       5.588497615593957

      0.27070312      0.78539816       5.587349969312429
      0.27070312       2.3561945       5.587349969311493

      0.33085938      0.78539816        5.58591373304431
      0.33085938       2.3561945       5.585913733045672

      0.39101563      0.78539816       5.584187789697832
      0.39101563       2.3561945       5.584187789697681

      0.45117188      0.78539816       5.582170800632553
      0.45117188       2.3561945       5.582170800631685

      0.51132813      0.78539816       5.579861206677726
      0.51132813       2.3561945       5.579861206679205

      0.57148438      0.78539816       5.577257229427349
      0.57148438       2.3561945       5.577257229424839

      0.63164063      0.78539816       5.574356872602811
      0.63164063       2.3561945       5.574356872607396

      0.69179687      0.78539816         5.5711579238182
      0.69179687       2.3561945       5.571157923813523

      0.75195312      0.78539816       5.567657956342939
      0.75195312       2.3561945       5.567657956344757

      0.81210938      0.78539816         5.5638543313317
      0.81210938       2.3561945        5.56385433133296

      0.87226563      0.78539816       5.559744200160911
      0.87226563       2.3561945       5.559744200158397

      0.93242188      0.78539816       5.555324507052602
      0.93242188       2.3561945       5.555324507054313

      0.99257812      0.78539816       5.550591992040561
      0.99257812       2.3561945       5.550591992040577

       1.0527344      0.78539816       5.545543194197212
       1.0527344       2.3561945       5.545543194196721

       1.1128906      0.78539816       5.540174455137151
       1.1128906       2.3561945       5.540174455136105

       1.1730469      0.78539816       5.534481922923682
       1.1730469       2.3561945       5.534481922924149

       1.2332031      0.78539816       5.528461556277808
       1.2332031       2.3561945       5.528461556280154

       1.2933594      0.78539816       5.522109129159437
       1.2933594       2.3561945       5.522109129155023

       1.3535156      0.78539816       5.515420235708929
       1.3535156       2.3561945       5.515420235713906

       1.4136719      0.78539816       5.508390295642019
       1.4136719       2.3561945       5.508390295637229

       1.4738281      0.78539816       5.501014559971504
       1.4738281       2.3561945       5.501014559975596

       1.5339844      0.78539816       5.493288117240837
       1.5339844       2.3561945       5.493288117238387

       1.5941406      0.78539816       5.485205900123557
       1.5941406       2.3561945       5.485205900124479

       1.6542969      0.78539816       5.476762692529485
       1.6542969       2.3561945       5.476762692528252

       1.7144531      0.78539816       5.467953137142297
       1.7144531       2.3561945        5.46795313714423

       1.7746094      0.78539816       5.458771743473885
       1.7746094       2.3561945       5.458771743473356

       1.8347656      0.78539816       5.449212896331337
       1.8347656       2.3561945        5.44921289633157

       1.8949219      0.78539816       5.439270864896354
       1.8949219       2.3561945       5.439270864894777

       1.9550781      0.78539816       5.428939812163444
       1.9550781       2.3561945       5.428939812164529

       2.0152344      0.78539816       5.418213805033489
       2.0152344       2.3561945       5.418213805033401

       2.0753906      0.78539816       5.407086824781876
       2.0753906       2.3561945       5.407086824780741

       2.1355469      0.78539816       5.395552778152447
       2.1355469       2.3561945       5.395552778155187

       2.1957031      0.78539816        5.38360550888339
       2.1957031       2.3561945       5.383605508882253

       2.2558594      0.78539816       5.371238809786274
       2.2558594       2.3561945       5.371238809784654

       2.3160156      0.78539816       5.358446435299794
       2.3160156       2.3561945       5.358446435301373

       2.3761719      0.78539816       5.345222114592859
       2.3761719       2.3561945       5.345222114591029

       2.4363281      0.78539816       5.331559565059056
       2.4363281       2.3561945       5.331559565062191

       2.4964844      0.78539816        5.31745250641645
       2.4964844       2.3561945       5.317452506414241

       2.5566406      0.78539816       5.302894675117152
       2.5566406       2.3561945       5.302894675117602

       2.6167969      0.78539816       5.287879839359452
       2.6167969       2.3561945       5.287879839359802

       2.6769531      0.78539816       5.272401814392031
       2.6769531       2.3561945       5.272401814390626

       2.7371094      0.78539816       5.256454478282175
       2.7371094       2.3561945       5.256454478284596

       2.7972656      0.78539816       5.240031788080479
       2.7972656       2.3561945        5.24003178807914

       2.8574219      0.78539816       5.223127796265729
       2.8574219       2.3561945       5.223127796265594

       2.9175781      0.78539816       5.205736667592707
       2.9175781       2.3561945       5.205736667592852

       2.9777344      0.78539816       5.187852696149591
       2.9777344       2.3561945       5.187852696149639

       3.0378906      0.78539816        5.16947032275816
       3.0378906       2.3561945       5.169470322757393

       3.0980469      0.78539816       5.150584152488586
       3.0980469       2.3561945          5.150584152491

       3.1582031      0.78539816       5.131188972445152
       3.1582031       2.3561945        5.13118897244357

       3.2183594      0.78539816       5.111279769635976
       3.2183594       2.3561945       5.111279769635377

       3.2785156      0.78539816       5.090851748942774
       3.2785156       2.3561945       5.090851748942946

       3.3386719      0.78539816       5.069900351182288
       3.3386719       2.3561945       5.069900351182841

       3.3988281      0.78539816        5.04842127109638
       3.3988281       2.3561945       5.048421271094588

       3.4589844      0.78539816       5.026410475359982
       3.4589844       2.3561945       5.026410475362843

       3.5191406      0.78539816       5.003864220479896
       3.5191406       2.3561945       5.003864220477539

       3.5792969      0.78539816       4.980779070503757
       3.5792969       2.3561945        4.98077907050588

       3.6394531      0.78539816       4.957151914620948
       3.6394531       2.3561945       4.957151914619528

       3.6996094      0.78539816       4.932979984389723
       3.6996094       2.3561945       4.932979984389195

       3.7597656      0.78539816       4.908260870781877
       3.7597656       2.3561945       4.908260870784395

       3.8199219      0.78539816        4.88299254078269
       3.8199219       2.3561945       4.882992540778158

       3.8800781      0.78539816        4.85717335360977
       3.8800781       2.3561945       4.857173353614173

       3.9402344      0.78539816       4.830802076478137
       3.9402344       2.3561945       4.830802076476988

       4.0003906      0.78539816        4.80387789978893
       4.0003906       2.3561945       4.803877899787507

       4.0605469      0.78539816       4.776400451820184
       4.0605469       2.3561945       4.776400451821738

       4.1207031      0.78539816       4.748369812699923
       4.1207031       2.3561945        4.74836981269949

       4.1808594      0.78539816       4.719786527790861
       4.1808594       2.3561945       4.719786527792011

       4.2410156      0.78539816       4.690651620246832
       4.2410156       2.3561945       4.690651620244676

       4.3011719      0.78539816       4.660966602863962
       4.3011719       2.3561945       4.660966602865335

       4.3613281      0.78539816       4.630733489043904
       4.3613281       2.3561945       4.630733489042863

       4.4214844      0.78539816       4.599954802946092
       4.4214844       2.3561945       4.599954802948275

       4.4816406      0.78539816       4.568633588600179
       4.4816406       2.3561945       4.568633588597335

       4.5417969      0.78539816       4.536773418207118
       4.5417969       2.3561945       4.536773418208453

       4.6019531      0.78539816       4.504378399315458
       4.6019531       2.3561945       4.504378399316954

       4.6621094      0.78539816       4.471453180992075
       4.6621094       2.3561945       4.471453180991238

       4.7222656      0.78539816        4.43800295894671
       4.7222656       2.3561945       4.438002958946196

       4.7824219      0.78539816       4.404033479502963
       4.7824219       2.3561945       4.404033479503568

       4.8425781      0.78539816        4.36955104247093
       4.8425781       2.3561945       4.369551042471066

       4.9027344      0.78539816       4.334562502838384
       4.9027344       2.3561945       4.334562502839645

       4.9628906      0.78539816        4.29907527129152
       4.9628906       2.3561945       4.299075271290262

       5.0230469      0.78539816       4.263097313523742
       5.0230469       2.3561945       4.263097313523557

       5.0832031      0.78539816       4.226637148362037
       5.0832031       2.3561945       4.226637148363349

       5.1433594      0.78539816       4.189703844647284
       5.1433594       2.3561945       4.189703844648808

       5.2035156      0.78539816       4.152307016863175
       5.2035156       2.3561945       4.152307016860187

       5.2636719      0.78539816       4.114456819620411
       5.2636719       2.3561945       4.114456819622063

       5.3238281      0.78539816       4.076163940803132
       5.3238281       2.3561945       4.076163940801832

       5.3839844      0.78539816       4.037439593589784
       5.3839844       2.3561945       4.037439593591718

       5.4441406      0.78539816       3.998295507196014
       5.4441406       2.3561945       3.998295507193824

       5.5042969      0.78539816       3.958743916456044
       5.5042969       2.3561945       3.958743916457967

       5.5644531      0.78539816       3.918797550230284
       5.5644531       2.3561945       3.918797550229309

       5.6246094      0.78539816       3.878469618611055
       5.6246094       2.3561945       3.878469618612528

       5.6847656      0.78539816       3.837773799075186
       5.6847656       2.3561945       3.837773799073699

       5.7449219      0.78539816       3.796724221454562
       5.7449219       2.3561945       3.796724221453867

       5.8050781      0.78539816       3.755335451893558
       5.8050781       2.3561945       3.755335451894408

       5.8652344      0.78539816       3.713622475778509
       5.8652344       2.3561945       3.713622475778683

       5.9253906      0.78539816       3.671600679640117
       5.9253906       2.3561945       3.671600679641112

       5.9855469      0.78539816       3.629285832164734
       5.9855469       2.3561945       3.629285832164987

       6.0457031      0.78539816       3.586694064248604
       6.0457031       2.3561945       3.586694064248982

       6.1058594      0.78539816       3.543841848281319
       6.1058594       2.3561945       3.543841848279235

       6.1660156      0.78539816       3.500745976556027
       6.1660156       2.3561945       3.500745976558147

       6.2261719      0.78539816       3.457423539022097
       6.2261719       2.3561945       3.457423539024001

       6.2863281      0.78539816       3.413891900285138
       6.2863281       2.3561945       3.413891900281318

       6.3464844      0.78539816       3.370168676030853
       6.3464844       2.3561945       3.370168676034242

       6.4066406      0.78539816       3.326271708911778
       6.4066406       2.3561945       3.326271708909859

       6.4667969      0.78539816       3.282219043861526
       6.4667969       2.3561945       3.282219043863764

       6.5269531      0.78539816       3.238028903074358
       6.5269531       2.3561945       3.238028903073076

       6.5871094      0.78539816       3.193719660561948
       6.5871094       2.3561945       3.193719660559803

       6.6472656      0.78539816       3.149309816420183
       6.6472656       2.3561945       3.149309816423269

       6.7074219      0.78539816       3.104817970910275
       6.7074219       2.3561945       3.104817970909806

       6.7675781      0.78539816       3.060262798305907
       6.7675781       2.3561945       3.060262798305966

       6.8277344      0.78539816       3.015663020738367
       6.8277344       2.3561945       3.015663020737094

       6.8878906      0.78539816       2.971037381924126
       6.8878906       2.3561945       2.971037381926371

       6.9480469      0.78539816       2.926404621029383
       6.9480469       2.3561945       2.926404621028285

       7.0082031      0.78539816       2.881783446544892
       7.0082031       2.3561945       2.881783446543698

       7.0683594      0.78539816        2.83719251042709
       7.0683594       2.3561945       2.837192510429777

       7.1285156      0.78539816       2.792650382430491
       7.1285156       2.3561945       2.792650382430035

       7.1886719      0.78539816       2.748175524734169
       7.1886719       2.3561945       2.748175524731939

       7.2488281      0.78539816       2.703786266980284
       7.2488281       2.3561945       2.703786266981783

       7.3089844      0.78539816       2.659500781688829
       7.3089844       2.3561945       2.659500781688739

       7.3691406      0.78539816        2.61533706017683
       7.3691406       2.3561945       2.615337060176309

       7.4292969      0.78539816       2.571312889033512
       7.4292969       2.3561945       2.571312889034591

       7.4894531      0.78539816       2.527445827137652
       7.4894531       2.3561945       2.527445827136702

       7.5496094      0.78539816       2.483753183369096
       7.5496094       2.3561945       2.483753183368955

       7.6097656      0.78539816       2.440251994977737
       7.6097656       2.3561945       2.440251994977944

       7.6699219      0.78539816       2.396959006717026
       7.6699219       2.3561945        2.39695900671606

       7.7300781      0.78539816       2.353890650699005
       7.7300781       2.3561945       2.353890650699868

       7.7902344      0.78539816       2.311063027148859
       7.7902344       2.3561945       2.311063027147684

       7.8503906      0.78539816       2.268491885940196
       7.8503906       2.3561945       2.268491885939616

       7.9105469      0.78539816       2.226192609049816
       7.9105469       2.3561945       2.226192609053127

       7.9707031      0.78539816       2.184180193941795
       7.9707031       2.3561945       2.184180193938144

       8.0308594      0.78539816       2.142469237842779
       8.0308594       2.3561945       2.142469237843525

       8.0910156      0.78539816       2.101073923046062
       8.0910156       2.3561945       2.101073923045312

       8.1511719      0.78539816       2.060008003166767
       8.1511719       2.3561945       2.060008003168323

       8.2113281      0.78539816       2.019284790383399
       8.2113281       2.3561945       2.019284790381965

       8.2714844      0.78539816       1.978917143749977
       8.2714844       2.3561945        1.97891714375144

       8.3316406      0.78539816       1.938917458464802
       8.3316406       2.3561945       1.938917458465566

       8.3917969      0.78539816       1.899297656229348
       8.3917969       2.3561945        1.89929765622836

       8.4519531      0.78539816       1.860069176605502
       8.4519531       2.3561945       1.860069176606509

       8.5121094      0.78539816       1.821242969428168
       8.5121094       2.3561945       1.821242969426544

       8.5722656      0.78539816       1.782829488240355
       8.5722656       2.3561945       1.782829488240281

       8.6324219      0.78539816       1.744838684769745
       8.6324219       2.3561945       1.744838684770728

       8.6925781      0.78539816       1.707280004392432
       8.6925781       2.3561945       1.707280004392888

       8.7527344      0.78539816       1.670162382652976
       8.7527344       2.3561945       1.670162382650025

       8.8128906      0.78539816       1.633494242729787
       8.8128906       2.3561945       1.633494242732465

       8.8730469      0.78539816       1.597283493920833
       8.8730469       2.3561945       1.597283493917715

       8.9332031      0.78539816        1.56153753103182
       8.9332031       2.3561945       1.561537531033138

       8.9933594      0.78539816       1.526263234784609
       8.9933594       2.3561945       1.526263234784805

       9.0535156      0.78539816       1.491466973049334
       9.0535156       2.3561945       1.491466973048835

       9.1136719      0.78539816       1.457154603027955
       9.1136719       2.3561945        1.45715460302857

       9.1738281      0.78539816       1.423331474276619
       9.1738281       2.3561945       1.423331474276641

       9.2339844      0.78539816       1.390002432560909
       9.2339844       2.3561945       1.390002432560645

       9.2941406      0.78539816        1.35717182452054
       9.2941406       2.3561945       1.357171824520193

       9.3542969      0.78539816       1.324843503096866
       9.3542969       2.3561945       1.324843503098255

       9.4144531      0.78539816       1.293020833715522
       9.4144531       2.3561945       1.293020833712841

       9.4746094      0.78539816         1.2617067011241
       9.4746094       2.3561945       1.261706701125109

       9.5347656      0.78539816       1.230903517006608
       9.5347656       2.3561945       1.230903517006573

       9.5949219      0.78539816       1.200613228063883
       9.5949219       2.3561945       1.200613228062138

       9.6550781      0.78539816       1.170837324882615
       9.6550781       2.3561945         1.1708373248835

       9.7152344      0.78539816       1.141576851193463
       9.7152344       2.3561945        1.14157685119423

       9.7753906      0.78539816       1.112832413782969
       9.7753906       2.3561945        1.11283241378149

       9.8355469      0.78539816       1.084604192782129
       9.8355469       2.3561945       1.084604192783364

       9.8957031      0.78539816       1.056891952505759
       9.8957031       2.3561945       1.056891952505932

       9.9558594      0.78539816       1.029695052612966
       9.9558594       2.3561945       1.029695052611578

       10.016016      0.78539816       1.003012459690828
       10.016016       2.3561945       1.003012459691274

       10.076172      0.78539816      0.9768427591585237
       10.076172       2.3561945      0.9768427591586266

       10.136328      0.78539816      0.9511841674723013
       10.136328       2.3561945      0.9511841674709257

       10.196484      0.78539816      0.9260345445833602
       10.196484       2.3561945      0.9260345445830345

       10.256641      0.78539816      0.9013914066275861
       10.256641       2.3561945       0.901391406629754

       10.316797      0.78539816      0.8772519388227299
       10.316797       2.3561945      0.8772519388198338

       10.376953      0.78539816      0.8536130084710052
       10.376953       2.3561945      0.8536130084703704

       10.437109      0.78539816      0.8304711781549041
       10.437109       2.3561945      0.8304711781573154

       10.497266      0.78539816      0.8078227189699452
       10.497266       2.3561945      0.8078227189686272

       10.557422      0.78539816      0.7856636238165743
       10.557422       2.3561945      0.7856636238181256

       10.617578      0.78539816      0.7639896207723644
       10.617578       2.3561945      0.7639896207717088

       10.677734      0.78539816      0.7427961863841732
       10.677734       2.3561945      0.7427961863839627

       10.737891      0.78539816      0.7220785589966181
       10.737891       2.3561945      0.7220785589971763

       10.798047      0.78539816      0.7018317519917481
       10.798047       2.3561945      0.7018317519912147

       10.858203      0.78539816      0.6820505669353205
       10.858203       2.3561945      0.6820505669360848

       10.918359      0.78539816      0.6627296066495236
       10.918359       2.3561945      0.6627296066482603

       10.978516      0.78539816      0.6438632881176821
       10.978516       2.3561945      0.6438632881191053

       11.038672      0.78539816      0.6254458552542428
       11.038672       2.3561945      0.6254458552539144

       11.098828      0.78539816      0.6074713914916543
       11.098828       2.3561945      0.6074713914911679

       11.158984      0.78539816      0.5899338321822809
       11.158984       2.3561945      0.5899338321832143

       11.219141      0.78539816      0.5728269767660226
       11.219141       2.3561945      0.5728269767654107

       11.279297      0.78539816      0.5561445007403565
       11.279297       2.3561945      0.5561445007399077

       11.339453      0.78539816      0.5398799673417539
       11.339453       2.3561945       0.539879967343361

       11.399609      0.78539816      0.5240268390141429
       11.399609       2.3561945      0.5240268390125821

       11.459766      0.78539816      0.5085784885520684
       11.459766       2.3561945      0.5085784885518969

       11.519922      0.78539816      0.4935282100146287
       11.519922       2.3561945      0.4935282100166233

       11.580078      0.78539816      0.4788692292941766
       11.580078       2.3561945      0.4788692292927146

       11.640234      0.78539816      0.4645947143951558
       11.640234       2.3561945      0.4645947143954769

       11.700391      0.78539816      0.4506977854270839
       11.700391       2.3561945      0.4506977854268568

       11.760547      0.78539816      0.4371715242248012
       11.760547       2.3561945      0.4371715242265983

       11.820703      0.78539816      0.4240089836911979
       11.820703       2.3561945      0.4240089836887075

       11.880859      0.78539816      0.4112031967629926
       11.880859       2.3561945      0.4112031967639826

       11.941016      0.78539816       0.398747185094737
       11.941016       2.3561945      0.3987471850944285

       12.001172      0.78539816      0.3866339673375234
       12.001172       2.3561945      0.3866339673368666

       12.061328      0.78539816      0.3748565671426931
       12.061328       2.3561945      0.3748565671432288

       12.121484      0.78539816      0.3634080207779506
       12.121484       2.3561945       0.363408020776138

       12.181641      0.78539816       0.352281384421122
       12.181641       2.3561945      0.3522813844227466

       12.241797      0.78539816      0.3414697411183852
       12.241797       2.3561945      0.3414697411177092

       12.301953      0.78539816      0.3309662073821608
       12.301953       2.3561945      0.3309662073822366

       12.362109      0.78539816      0.3207639394788857
       12.362109       2.3561945      0.3207639394784371

       12.422266      0.78539816      0.3108561393570947
       12.422266       2.3561945      0.3108561393566492

       12.482422      0.78539816      0.3012360602747467
       12.482422       2.3561945      0.3012360602755744

       12.542578      0.78539816      0.2918970120644187
       12.542578       2.3561945       0.291897012064408

       12.602734      0.78539816       0.282832366114898
       12.602734       2.3561945      0.2828323661145714

       12.662891      0.78539816      0.2740355600118745
       12.662891       2.3561945      0.2740355600108607

       12.723047      0.78539816      0.2655001018719776
       12.723047       2.3561945      0.2655001018728981

       12.783203      0.78539816      0.2572195744009642
       12.783203       2.3561945      0.2572195744004874

       12.843359      0.78539816      0.2491876386018974
       12.843359       2.3561945      0.2491876386020553

       12.903516      0.78539816      0.2413980372581068
       12.903516       2.3561945      0.2413980372576503

       12.963672      0.78539816       0.233844598076927
       12.963672       2.3561945      0.2338445980769331

       13.023828      0.78539816      0.2265212366038389
       13.023828       2.3561945      0.2265212366044371

       13.083984      0.78539816      0.2194219588407978
       13.083984       2.3561945      0.2194219588404518

       13.144141      0.78539816      0.2125408636230422
       13.144141       2.3561945      0.2125408636225083

       13.204297      0.78539816      0.2058721447351455
       13.204297       2.3561945      0.2058721447362825

       13.264453      0.78539816      0.1994100928077323
       13.264453       2.3561945      0.1994100928070799

       13.324609      0.78539816      0.1931490969411513
       13.324609       2.3561945      0.1931490969416922

       13.384766      0.78539816      0.1870836461611963
       13.384766       2.3561945      0.1870836461608908

       13.444922      0.78539816      0.1812083306048504
       13.444922       2.3561945      0.1812083306047222

       13.505078      0.78539816      0.1755178425404921
       13.505078       2.3561945      0.1755178425410481

       13.565234      0.78539816      0.1700069771687584
       13.565234       2.3561945      0.1700069771681171

       13.625391      0.78539816      0.1646706332497021
       13.625391       2.3561945       0.164670633249376

       13.685547      0.78539816      0.1595038135227075
       13.685547       2.3561945      0.1595038135228877

       13.745703      0.78539816      0.1545016250289623
       13.745703       2.3561945      0.1545016250286786

       13.805859      0.78539816      0.1496592790862581
       13.805859       2.3561945      0.1496592790872891

       13.866016      0.78539816      0.1449720915635292
       13.866016       2.3561945      0.1449720915625857

       13.926172      0.78539816      0.1404354818977373
       13.926172       2.3561945      0.1404354818981206

       13.986328      0.78539816      0.1360449747268078
       13.986328       2.3561945      0.1360449747261436

       14.046484      0.78539816      0.1317961945057524
       14.046484       2.3561945      0.1317961945059525

       14.106641      0.78539816      0.1276848773842872
       14.106641       2.3561945       0.127684877384535

       14.166797      0.78539816      0.1237068386604088
       14.166797       2.3561945      0.1237068386605256

       14.226953      0.78539816      0.1198580535340839
       14.226953       2.3561945      0.1198580535330228

       14.287109      0.78539816      0.1161344577760878
       14.287109       2.3561945       0.116134457776289

       14.347266      0.78539816      0.1125323579069843
       14.347266       2.3561945      0.1125323579075438

       14.407422      0.78539816      0.1090477366071046
       14.407422       2.3561945      0.1090477366071919

       14.467578      0.78539816      0.1056784105571229
       14.467578       2.3561945      0.1056784105569862

       14.527734      0.78539816      0.1024078974570826
       14.527734       2.3561945      0.1024078974573967

       14.587891      0.78539816     0.09929055997778691
       14.587891       2.3561945     0.09929055997755924

       14.648047      0.78539816      0.0962338036632424
       14.648047       2.3561945     0.09623380366356397

       14.708203      0.78539816     0.09459902107120291
       14.708203       2.3561945     0.09459902107099882

       14.768359      0.78539816     0.06759265803670995
       14.768359       2.3561945     0.06759265803711259

       14.828516      0.78539816       51.12440410787408
       14.828516       2.3561945       51.12440410767112

       14.888672      0.78539816  3.966218257348456e+131
       14.888672       2.3561945  3.966218257114368e+131

       14.948828      0.78539816                    -nan
       14.948828       2.3561945                    -nan

       15.008984      0.78539816                    -nan
       15.008984       2.3561945                    -nan

       15.069141      0.78539816                    -nan
       15.069141       2.3561945                    -nan

       15.129297      0.78539816                    -nan
       15.129297       2.3561945                    -nan

       15.189453      0.78539816                    -nan
       15.189453       2.3561945                    -nan

       15.249609      0.78539816                    -nan
       15.249609       2.3561945                    -nan

       15.309766      0.78539816                    -nan
       15.309766       2.3561945                    -nan

       15.369922      0.78539816                    -nan
       15.369922       2.3561945                    -nan

       15.430078      0.78539816                       0
       15.430078       2.3561945                       0

       15.490234      0.78539816                       0
       15.490234       2.3561945                       0

       15.550391      0.78539816                       0
       15.550391       2.3561945                       0

       15.610547      0.78539816                       0
       15.610547       2.3561945                       0

