# File created on Wed Jul  8 11:31:18 2026
# ======================================== 
# = Running code assuming AXISYMMETRY    = 
# ======================================== 
# Data for Inflation GW initial data initial data at coord. time 1.12447 and proper central time 1.12447
# Evolved with (264,10,9) gridpoints (including 4 ghosts)
# Evolution with geodesic slicing and constant shift
# using eighth-order spatial differencing with 4 ghost zones 
# data 1 at theta = 0 and phi = 3.14159
# data 2 at theta = 1.5708 and phi = 3.14159
#                      r                    I_Re                    I_Re
#                               (     0,3.14159)        (1.5708,3.14159)
#========================================================================
     -0.1754557291666667      0.8447918224338617      0.8447918224344501
     -0.1253255208333333      0.8444857928525485      0.8444857928530918
           -0.0751953125      0.8442689172825907      0.8442689172816104
    -0.02506510416666667      0.8441730537909715       0.844173053790747
     0.02506510416666667      0.8441730537905227       0.844173053790747
            0.0751953125        0.84426891728063      0.8442689172816104
      0.1253255208333333       0.844485792853635      0.8444857928530918
      0.1754557291666667      0.8447918224350384      0.8447918224344501
            0.2255859375      0.8452039025093373      0.8452039025098231
      0.2757161458333334      0.8457205880642453      0.8457205880646463
      0.3258463541666667       0.846337032859645      0.8463370328592632
            0.3759765625      0.8470552953242384       0.847055295324548
      0.4261067708333334      0.8478746802372176      0.8478746802374949
      0.4762369791666667      0.8487941931856244      0.8487941931855147
            0.5263671875      0.8498138124203031      0.8498138124189603
      0.5764973958333334      0.8509323948117865      0.8509323948138543
      0.6266276041666667       0.852150327764425      0.8521503277623944
            0.6767578125      0.8534662119493309      0.8534662119512768
      0.7268880208333334      0.8548795587966178      0.8548795587954088
      0.7770182291666667      0.8563915094280388      0.8563915094285954
            0.8271484375      0.8579987380823976      0.8579987380821892
      0.8772786458333334      0.8597004617479351      0.8597004617477877
      0.9274088541666667       0.861497715187703      0.8614977151875909
            0.9775390625      0.8633959193306159      0.8633959193315484
       1.027669270833333      0.8653941132554954      0.8653941132543463
       1.077799479166667      0.8674908674364756      0.8674908674367359
            1.1279296875      0.8696870086022536      0.8696870086023611
       1.178059895833333      0.8719825598760619      0.8719825598762522
       1.228190104166667      0.8743774515708957       0.874377451570568
            1.2783203125      0.8768717650991878       0.876871765099615
       1.328450520833333      0.8794654876657672      0.8794654876653278
       1.378580729166667      0.8821585435893032      0.8821585435901258
            1.4287109375      0.8849508355751985      0.8849508355742759
       1.478841145833333      0.8878422308412557      0.8878422308413518
       1.528971354166667      0.8908325587213095      0.8908325587217174
            1.5791015625      0.8939216122772141      0.8939216122768656
       1.629231770833333      0.8971091464425172      0.8971091464436057
       1.679361979166667      0.9003948759975824      0.9003948759967579
            1.7294921875      0.9037784735670404      0.9037784735663433
       1.779622395833333      0.9072595673430104       0.907259567343658
       1.829752604166667      0.9108377386094472      0.9108377386097375
            1.8798828125      0.9145125191615593       0.914512519161357
       1.930013020833333      0.9182833886152849      0.9182833886150994
       1.980143229166667      0.9221497716259484      0.9221497716258975
            2.0302734375      0.9261110350345544      0.9261110350360306
       2.080403645833333      0.9301664849415533      0.9301664849393986
       2.130533854166667      0.9343153637280995      0.9343153637296172
            2.1806640625        0.93855684705235      0.9385568470526059
       2.230794270833333       0.942890040791755      0.9428900407903346
       2.280924479166667      0.9473139779420393      0.9473139779435411
            2.3310546875      0.9518276155597848       0.951827615558152
       2.381184895833333      0.9564298315892772      0.9564298315907629
       2.431315104166667      0.9611194218045902      0.9611194218038838
            2.4814453125      0.9658950966448467      0.9658950966445299
       2.531575520833333      0.9707554781518376      0.9707554781522929
       2.581705729166667      0.9756990968700076      0.9756990968698197
            2.6318359375      0.9807243887966347      0.9807243887968271
       2.681966145833333      0.9858296923876707      0.9858296923880914
       2.732096354166667      0.9910132455686894       0.991013245568335
            2.7822265625      0.9962731828517216      0.9962731828519551
       2.832356770833333       1.001607532503136       1.001607532502779
       2.882486979166667       1.007014213778574       1.007014213778697
            2.9326171875       1.012491034270818       1.012491034270534
       2.982747395833333       1.018035687342567       1.018035687343105
       3.032877604166667       1.023645749694344       1.023645749693917
            3.0830078125       1.029318679025693       1.029318679025987
       3.133138020833333       1.035051811883071       1.035051811882791
       3.183268229166667       1.040842361612499       1.040842361612753
            3.2333984375       1.046687416510852       1.046687416510789
       3.283528645833333       1.052583938137755       1.052583938137891
       3.333658854166667       1.058528759822053       1.058528759821723
            3.3837890625       1.064518585376564       1.064518585376277
       3.433919270833333        1.07054998803715       1.070549988037345
       3.484049479166667       1.076619409615549       1.076619409615351
            3.5341796875       1.082723159915803        1.08272315991607
       3.584309895833333       1.088857416402331       1.088857416402096
       3.634440104166667       1.095018224137087       1.095018224136942
            3.6845703125       1.101201496001198       1.101201496001354
       3.734700520833333       1.107403013224838       1.107403013224463
       3.784830729166667       1.113618426213735       1.113618426214317
            3.8349609375       1.119843255695492       1.119843255694705
       3.885091145833333       1.126072894209909       1.126072894210305
       3.935221354166667       1.132302607924705        1.13230260792482
            3.9853515625       1.138527538814523       1.138527538814115
       4.035481770833334       1.144742707186101       1.144742707186105
       4.085611979166667       1.150943014584222       1.150943014584311
            4.1357421875       1.157123247064369       1.157123247064104
       4.185872395833334       1.163278078817668       1.163278078818466
       4.236002604166667       1.169402076233341       1.169402076232451
            4.2861328125       1.175489702278919       1.175489702279176
       4.336263020833334       1.181535321308663       1.181535321308553
       4.386393229166667       1.187533204241868       1.187533204241662
            4.4365234375       1.193477534112988       1.193477534113279
       4.486653645833334       1.199362412012495       1.199362412011441
       4.536783854166667       1.205181863384357        1.20518186338606
            4.5869140625       1.210929844708885       1.210929844707753
       4.637044270833334       1.216600250500617       1.216600250500458
       4.687174479166667       1.222186920695742       1.222186920696402
            4.7373046875       1.227683648346274       1.227683648346039
       4.787434895833334       1.233084187605356       1.233084187605284
       4.837565104166667       1.238382262070015       1.238382262070473
            4.8876953125       1.243571573355887       1.243571573354969
       4.937825520833334       1.248645809946433        1.24864580994714
       4.987955729166667        1.25359865629723       1.253598656297042
            5.0380859375       1.258423802141509        1.25842380214127
       5.088216145833334       1.263114951988355       1.263114951989306
       5.138346354166667       1.267665834811275       1.267665834810262
            5.1884765625        1.27207021384991       1.272070213849532
       5.238606770833334        1.27632189654991       1.276321896550561
       5.288736979166667       1.280414744582395       1.280414744582387
            5.3388671875       1.284342683907222       1.284342683906843
       5.388997395833334       1.288099714895039       1.288099714895023
       5.439127604166667       1.291679922438079       1.291679922438327
            5.4892578125        1.29507748601594       1.295077486016305
       5.539388020833334       1.298286689734961       1.298286689734823
       5.589518229166667       1.301301932244972       1.301301932244075
            5.6396484375       1.304117736589839         1.3041177365915
       5.689778645833334       1.306728759860282       1.306728759859495
       5.739908854166667       1.309129802739468        1.30912980273892
            5.7900390625       1.311315818804331         1.3113158188054
       5.840169270833334       1.313281923648404       1.313281923647366
       5.890299479166667       1.315023403718898       1.315023403719003
            5.9404296875       1.316535724970181       1.316535724970446
       5.990559895833334       1.317814541138524       1.317814541137894
       6.040690104166667       1.318855701804766       1.318855701805222
            6.0908203125       1.319655260095828       1.319655260096176
       6.140950520833334        1.32020948006529       1.320209480065284
       6.191080729166667       1.320514843716089        1.32051484371558
            6.2412109375       1.320568057707197       1.320568057707242
       6.291341145833334       1.320366059656248       1.320366059656956
       6.341471354166667       1.319906024091659       1.319906024091756
            6.3916015625       1.319185368012636       1.319185368012322
       6.441731770833334       1.318201756047798       1.318201756048148
       6.491861979166667       1.316953105272268       1.316953105272388
            6.5419921875       1.315437589558396        1.31543758955764
       6.592122395833334       1.313653643580469       1.313653643580589
       6.642252604166667       1.311599966412121       1.311599966413324
            6.6923828125       1.309275524694579       1.309275524694125
       6.742513020833334       1.306679555414411       1.306679555414021
       6.792643229166667       1.303811568271991       1.303811568273388
            6.8427734375       1.300671347669334       1.300671347667971
       6.892903645833334       1.297258954205677        1.29725895420704
       6.943033854166667       1.293574725894564        1.29357472589358
            6.9931640625       1.289619278829275        1.28961927883004
       7.043294270833334       1.285393507530554       1.285393507530376
       7.093424479166667       1.280898584802879       1.280898584803001
            7.1435546875       1.276135961230322       1.276135961230024
       7.193684895833334       1.271107364195905       1.271107364196626
       7.243815104166667       1.265814796510662       1.265814796508979
            7.2939453125        1.26026053455706       1.260260534558214
       7.344075520833334       1.254447126051076       1.254447126051303
       7.394205729166667       1.248377387276785       1.248377387276324
            7.4443359375       1.242054399950761       1.242054399950286
       7.494466145833334       1.235481507568797       1.235481507570046
       7.544596354166667       1.228662311340258       1.228662311339112
            7.5947265625        1.22160066559582       1.221600665597038
       7.644856770833334       1.214300672781653       1.214300672779801
       7.694986979166667       1.206766677926479       1.206766677928569
            7.7451171875       1.199003262685741       1.199003262685059
       7.795247395833334       1.191015238876795       1.191015238876158
       7.845377604166667       1.182807641559302       1.182807641560335
            7.8955078125       1.174385721650567       1.174385721649259
       7.945638020833334       1.165754938032045       1.165754938033047
       7.995768229166667       1.156920949280821       1.156920949280738
            8.0458984375       1.147889604881507       1.147889604880648
       8.096028645833334       1.138666936040427       1.138666936040639
       8.146158854166668       1.129259146107921       1.129259146108551
            8.1962890625       1.119672600561575       1.119672600561126
       8.246419270833334        1.10991381661074       1.109913816610481
       8.296549479166668       1.099989452480016       1.099989452480392
            8.3466796875       1.089906296344687       1.089906296344989
       8.396809895833334       1.079671254970159       1.079671254970411
       8.446940104166668       1.069291342085985        1.06929134208468
            8.4970703125       1.058773666517877       1.058773666517817
       8.547200520833334        1.04812542012946       1.048125420130512
       8.597330729166668       1.037353865569376       1.037353865569547
            8.6474609375       1.026466323935007        1.02646632393466
       8.697591145833334       1.015470162332381       1.015470162331449
       8.747721354166668       1.004372781372997       1.004372781373603
            8.7978515625      0.9931816027047067      0.9931816027047615
       8.847981770833334      0.9819040565388498      0.9819040565392998
       8.898111979166668      0.9705475692731566      0.9705475692715917
            8.9482421875      0.9591195512399999      0.9591195512411312
       8.998372395833334      0.9476273846299063      0.9476273846297518
       9.048502604166668      0.9360784115682587      0.9360784115691174
            9.0986328125      0.9244799225146838      0.9244799225133815
       9.148763020833334      0.9128391448360474      0.9128391448366495
       9.198893229166668      0.9011632317970703      0.9011632317980405
            9.2490234375      0.8894592518227625      0.8894592518216693
       9.299153645833334      0.8777341781906263        0.87773417819065
       9.349283854166668        0.86599487913268      0.8659948791315856
            9.3994140625      0.8542481083365081      0.8542481083364197
       9.449544270833334      0.8425004959652485      0.8425004959669513
       9.499674479166668      0.8307585401155292      0.8307585401136146
            9.5498046875      0.8190285987956473      0.8190285987950519
       9.599934895833334      0.8073168824680481      0.8073168824679212
       9.650065104166668      0.7956294470733172      0.7956294470741856
            9.7001953125      0.7839721876212681      0.7839721876218119
       9.750325520833334      0.7723508323553482      0.7723508323546269
       9.800455729166668      0.7607709374182634      0.7607709374179059
            9.8505859375      0.7492378821814599      0.7492378821816448
       9.900716145833334      0.7377568650522068      0.7377568650524824
       9.950846354166668      0.7263328998504222      0.7263328998503427
           10.0009765625      0.7149708128005728      0.7149708128000563
       10.05110677083333      0.7036752399953468      0.7036752399948487
       10.10123697916667      0.6924506254413632      0.6924506254418595
           10.1513671875      0.6813012196247757      0.6813012196253857
       10.20149739583333      0.6702310785708854      0.6702310785698654
       10.25162760416667      0.6592440634285988      0.6592440634298531
           10.3017578125      0.6483438405074172      0.6483438405059236
       10.35188802083333      0.6375338818007634      0.6375338818009604
       10.40201822916667       0.626817465914893      0.6268174659157084
           10.4521484375      0.6161976794702962      0.6161976794698685
       10.50227864583333      0.6056774187891307      0.6056774187885891
       10.55240885416667        0.59525939235579      0.5952593923563638
           10.6025390625      0.5849461229739132      0.5849461229750358
       10.65266927083333      0.5747399484446154      0.5747399484420691
       10.70279947916667      0.5646430352114143      0.5646430352130523
           10.7529296875       0.554657372554188      0.5546573725549386
       10.80305989583333      0.5447846967770462      0.5447846967759764
       10.85319010416667       0.535026809649764      0.5350268096496409
           10.9033203125      0.5253854874002395      0.5253854874007393
       10.95345052083333      0.5158598344636168      0.5158598344640588
       11.00358072916667      0.5064537533517914      0.5064537533503941
           11.0537109375      0.4971809515315261      0.4971809515325287
       11.10384114583333      0.4879915988390679      0.4879915988388733
       11.15397135416667      0.4788906421240301      0.4788906421243275
           11.2041015625      0.4702602955264034      0.4702602955260271
       11.25423177083333      0.4613662954130784      0.4613662954122637
       11.30436197916667      0.4507623015431157      0.4507623015441553
           11.3544921875      0.4456145857678752      0.4456145857680871
       11.40462239583333      0.4451047300209667      0.4451047300200591
       11.45475260416667      0.4081011282919325      0.4081011282922474
           11.5048828125      0.3900780891837353       0.390078089183959
       11.55501302083333       0.657630364357961      0.6576303643566479
       11.60514322916667      0.8060838305858874      0.8060838305875029
           11.6552734375      0.3561643445064233      0.3561643445054396
       11.70540364583333      0.9505350954836337      0.9505350954772827
       11.75553385416667       22.68847640250108       22.68847640248034
           11.8056640625       27.68567030518847       27.68567030520804
       11.85579427083333       6.039316515229079       6.039316515235688
       11.90592447916667       3.312388899046153       3.312388899044198
           11.9560546875       6.958906231909253       6.958906231907564
       12.00618489583333        8.58544166181067       8.585441661806707
       12.05631510416667       6.458090927790138       6.458090927792792
           12.1064453125       5.914251728732813       5.914251728733626
       12.15657552083333       7.277866185907233       7.277866185905468
       12.20670572916667       9.070935355079646       9.070935355080476
           12.2568359375       10.24311856580228       10.24311856580176
       12.30696614583333        12.4266255820664       12.42662558206124
       12.35709635416667       14.12233364879962        14.1223336487984
           12.4072265625       21.22927155095536       21.22927155094998
       12.45735677083333       24.81523395085274       24.81523395085146
       12.50748697916667       46.59328173674118       46.59328173674447
           12.5576171875       47.72001358667815        47.7200135866649
       12.60774739583333       249.4415338943295       249.4415338944962
       12.65787760416667       176.2068036246584       176.2068036258857
           12.7080078125       776.8912385534454        776.891238558463
       12.75813802083333       40659.07141878506       40659.07141896833
       12.80826822916667        5191662.47515699       5191662.475169218
           12.8583984375                       0                       0
       12.90852864583333                       0                       0
       12.95865885416667                       0                       0
           13.0087890625                       0                       0
