# File created on Tue Jul  7 15:36:44 2026
# Data for Inflation GW initial data initial data at coord time 0 and central proper time 0
# Evolved with (136,10,9) gridpoints (including 4 ghosts)
# Evolution with geodesic slicing and constant shift shift condition 
# data for phi = 3.14159
#              r           theta                J_Re
#===============================================================
        0.078125      0.78539816  -1.624056027554682e-12
        0.078125       2.3561945  -1.624056027554681e-12

        0.234375      0.78539816   9.330258363178667e-13
        0.234375       2.3561945   9.330258363178684e-13

        0.390625      0.78539816   4.396800303574258e-11
        0.390625       2.3561945   4.396800303574261e-11

        0.546875      0.78539816   1.811057050711093e-10
        0.546875       2.3561945   1.811057050711094e-10

        0.703125      0.78539816   2.834006317054719e-10
        0.703125       2.3561945   2.834006317054719e-10

        0.859375      0.78539816   2.381677641642184e-10
        0.859375       2.3561945   2.381677641642182e-10

        1.015625      0.78539816   1.281213973115909e-10
        1.015625       2.3561945    1.28121397311591e-10

        1.171875      0.78539816   5.033279013888619e-11
        1.171875       2.3561945   5.033279013888606e-11

        1.328125      0.78539816   1.636466972837699e-11
        1.328125       2.3561945   1.636466972837679e-11

        1.484375      0.78539816   4.985302152051428e-12
        1.484375       2.3561945   4.985302152051419e-12

        1.640625      0.78539816   1.586010081223874e-12
        1.640625       2.3561945   1.586010081223869e-12

        1.796875      0.78539816   5.654615696677099e-13
        1.796875       2.3561945      5.654615696677e-13

        1.953125      0.78539816   2.310438898134639e-13
        1.953125       2.3561945   2.310438898134752e-13

        2.109375      0.78539816   1.066120228186807e-13
        2.109375       2.3561945   1.066120228186853e-13

        2.265625      0.78539816   5.395251198739389e-14
        2.265625       2.3561945   5.395251198739154e-14

        2.421875      0.78539816   2.915459582678583e-14
        2.421875       2.3561945   2.915459582678646e-14

        2.578125      0.78539816   1.652060963262078e-14
        2.578125       2.3561945     1.6520609632623e-14

        2.734375      0.78539816   9.712598387020728e-15
        2.734375       2.3561945   9.712598387022157e-15

        2.890625      0.78539816   5.887679097961089e-15
        2.890625       2.3561945   5.887679097961409e-15

        3.046875      0.78539816   3.665508847643099e-15
        3.046875       2.3561945   3.665508847643038e-15

        3.203125      0.78539816   2.336967261246595e-15
        3.203125       2.3561945   2.336967261246535e-15

        3.359375      0.78539816    1.52226603817592e-15
        3.359375       2.3561945     1.5222660381759e-15

        3.515625      0.78539816   1.011101598427781e-15
        3.515625       2.3561945   1.011101598427846e-15

        3.671875      0.78539816   6.836402708617497e-16
        3.671875       2.3561945   6.836402708618166e-16

        3.828125      0.78539816   4.698341137675152e-16
        3.828125       2.3561945   4.698341137675493e-16

        3.984375      0.78539816   3.277770264028029e-16
        3.984375       2.3561945   3.277770264028285e-16

        4.140625      0.78539816   2.318611757582619e-16
        4.140625       2.3561945   2.318611757582665e-16

        4.296875      0.78539816   1.661297303179972e-16
        4.296875       2.3561945   1.661297303179616e-16

        4.453125      0.78539816   1.204587970026742e-16
        4.453125       2.3561945   1.204587970026181e-16

        4.609375      0.78539816   8.831708483784224e-17
        4.609375       2.3561945   8.831708483781155e-17

        4.765625      0.78539816   6.542517233764375e-17
        4.765625       2.3561945   6.542517233764139e-17

        4.921875      0.78539816   4.893831143892057e-17
        4.921875       2.3561945   4.893831143892757e-17

        5.078125      0.78539816   3.693977098900492e-17
        5.078125       2.3561945   3.693977098901401e-17

        5.234375      0.78539816    2.81217058913552e-17
        5.234375       2.3561945   2.812170589135981e-17

        5.390625      0.78539816   2.158109583432268e-17
        5.390625       2.3561945   2.158109583432401e-17

        5.546875      0.78539816   1.668747331248942e-17
        5.546875       2.3561945   1.668747331249317e-17

        5.703125      0.78539816    1.29960202779313e-17
        5.703125       2.3561945   1.299602027793516e-17

        5.859375      0.78539816   1.018978677136988e-17
        5.859375       2.3561945   1.018978677136959e-17

        6.015625      0.78539816   8.040819433647151e-18
        6.015625       2.3561945   8.040819433644732e-18

        6.171875      0.78539816   6.383712649257868e-18
        6.171875       2.3561945   6.383712649256338e-18

        6.328125      0.78539816    5.09744199875082e-18
        6.328125       2.3561945   5.097441998751205e-18

        6.484375      0.78539816   4.092747274098661e-18
        6.484375       2.3561945   4.092747274099494e-18

        6.640625      0.78539816   3.303297690299384e-18
        6.640625       2.3561945   3.303297690299277e-18

        6.796875      0.78539816   2.679446201579951e-18
        6.796875       2.3561945   2.679446201578612e-18

        6.953125      0.78539816   2.183778060644647e-18
        6.953125       2.3561945   2.183778060643288e-18

        7.109375      0.78539816   1.787912656689005e-18
        7.109375       2.3561945   1.787912656688714e-18

        7.265625      0.78539816   1.470186743132442e-18
        7.265625       2.3561945   1.470186743132479e-18

        7.421875      0.78539816    1.21396691680617e-18
        7.421875       2.3561945   1.213966916805779e-18

        7.578125      0.78539816   1.006407516414455e-18
        7.578125       2.3561945   1.006407516413988e-18

        7.734375      0.78539816   8.375349685180091e-19
        7.734375       2.3561945   8.375349685178154e-19

        7.890625      0.78539816   6.995641109981981e-19
        7.890625       2.3561945   6.995641109981715e-19

        8.046875      0.78539816   5.863880114925057e-19
        8.046875       2.3561945   5.863880114925377e-19

        8.203125      0.78539816   4.931926400017381e-19
        8.203125       2.3561945   4.931926400018852e-19

        8.359375      0.78539816   4.161658230378789e-19
        8.359375       2.3561945   4.161658230382395e-19

        8.515625      0.78539816   3.522752783355345e-19
        8.515625       2.3561945   3.522752783359401e-19

        8.671875      0.78539816   2.990983165705929e-19
        8.671875       2.3561945   2.990983165708761e-19

        8.828125      0.78539816   2.546917953038302e-19
        8.828125       2.3561945   2.546917953039748e-19

        8.984375      0.78539816   2.174906066527536e-19
        8.984375       2.3561945   2.174906066527839e-19

        9.140625      0.78539816   1.862294965594153e-19
        9.140625       2.3561945   1.862294965593981e-19

        9.296875      0.78539816   1.598816938625528e-19
        9.296875       2.3561945    1.59881693862557e-19

        9.453125      0.78539816   1.376110108952298e-19
        9.453125       2.3561945   1.376110108952553e-19

        9.609375      0.78539816   1.187341405703357e-19
        9.609375       2.3561945   1.187341405703777e-19

        9.765625      0.78539816   1.026908312533992e-19
        9.765625       2.3561945   1.026908312534776e-19

        9.921875      0.78539816   8.902017533399519e-20
        9.921875       2.3561945   8.902017533407948e-20

       10.078125      0.78539816    7.73418659718357e-20
       10.078125       2.3561945   7.734186597187805e-20

       10.234375      0.78539816    6.73411406398518e-20
       10.234375       2.3561945   6.734114063985548e-20

       10.390625      0.78539816   5.875670684172731e-20
       10.390625       2.3561945   5.875670684172889e-20

       10.546875      0.78539816   5.137105291486465e-20
       10.546875       2.3561945   5.137105291489819e-20

       10.703125      0.78539816   4.500257079202212e-20
       10.703125       2.3561945   4.500257079209164e-20

       10.859375      0.78539816   3.949929710933901e-20
       10.859375       2.3561945   3.949929710940188e-20

       11.015625      0.78539816   3.473367066807383e-20
       11.015625       2.3561945   3.473367066809227e-20

       11.171875      0.78539816   3.059838392917013e-20
       11.171875       2.3561945   3.059838392915526e-20

       11.328125      0.78539816   2.700292462722674e-20
       11.328125       2.3561945   2.700292462720857e-20

       11.484375      0.78539816   2.387080306804769e-20
       11.484375       2.3561945   2.387080306803287e-20

       11.640625      0.78539816   2.113716313760321e-20
       11.640625       2.3561945   2.113716313757424e-20

       11.796875      0.78539816   1.874694825123496e-20
       11.796875       2.3561945   1.874694825118795e-20

       11.953125      0.78539816    1.66533029048188e-20
       11.953125       2.3561945   1.665330290476737e-20

       12.109375      0.78539816   1.481623338313977e-20
       12.109375       2.3561945   1.481623338310169e-20

       12.265625      0.78539816   1.320159378957045e-20
       12.265625       2.3561945   1.320159378955222e-20

       12.421875      0.78539816   1.178010588600892e-20
       12.421875       2.3561945    1.17801058859973e-20

       12.578125      0.78539816   1.052665789920269e-20
       12.578125       2.3561945   1.052665789919202e-20

       12.734375      0.78539816   9.419663506421227e-21
       12.734375       2.3561945   9.419663506416875e-21

       12.890625      0.78539816   8.440508809034514e-21
       12.890625       2.3561945   8.440508809041264e-21

       13.046875      0.78539816   7.573143239396602e-21
       13.046875       2.3561945   7.573143239410646e-21

       13.203125      0.78539816   6.803681802533047e-21
       13.203125       2.3561945   6.803681802544619e-21

       13.359375      0.78539816   6.120111034866986e-21
       13.359375       2.3561945   6.120111034872151e-21

       13.515625      0.78539816   5.511992246400665e-21
       13.515625       2.3561945   5.511992246397773e-21

       13.671875      0.78539816   4.970275943590578e-21
       13.671875       2.3561945   4.970275943582478e-21

       13.828125      0.78539816   4.487071751836211e-21
       13.828125       2.3561945   4.487071751827722e-21

       13.984375      0.78539816   4.055509292427677e-21
       13.984375       2.3561945   4.055509292420942e-21

       14.140625      0.78539816   3.669575407757307e-21
       14.140625       2.3561945    3.66957540775484e-21

       14.296875      0.78539816   3.324029398888415e-21
       14.296875       2.3561945   3.324029398892561e-21

       14.453125      0.78539816   3.014258750708434e-21
       14.453125       2.3561945   3.014258750717716e-21

       14.609375      0.78539816   2.736231863546339e-21
       14.609375       2.3561945   2.736231863556312e-21

       14.765625      0.78539816   2.486406390083935e-21
       14.765625       2.3561945   2.486406390092487e-21

       14.921875      0.78539816   2.261661932646276e-21
       14.921875       2.3561945   2.261661932654534e-21

       15.078125      0.78539816   2.059256731542825e-21
       15.078125       2.3561945   2.059256731550392e-21

       15.234375      0.78539816   1.876775959015602e-21
       15.234375       2.3561945   1.876775959021168e-21

       15.390625      0.78539816   1.712083006616506e-21
       15.390625       2.3561945   1.712083006619764e-21

       15.546875      0.78539816   1.563295300182878e-21
       15.546875       2.3561945   1.563295300184348e-21

       15.703125      0.78539816   1.428738393044753e-21
       15.703125       2.3561945   1.428738393045929e-21

       15.859375      0.78539816   1.306934288433877e-21
       15.859375       2.3561945   1.306934288435993e-21

       16.015625      0.78539816   1.196562923263275e-21
       16.015625       2.3561945   1.196562923265493e-21

       16.171875      0.78539816   1.096456315852521e-21
       16.171875       2.3561945   1.096456315853339e-21

       16.328125      0.78539816   1.005569525122307e-21
       16.328125       2.3561945   1.005569525121577e-21

       16.484375      0.78539816   9.229784766341302e-22
       16.484375       2.3561945   9.229784766320347e-22

       16.640625      0.78539816   8.478520051837307e-22
       16.640625       2.3561945   8.478520051812231e-22

       16.796875      0.78539816   7.794558772143617e-22
       16.796875       2.3561945   7.794558772126935e-22

       16.953125      0.78539816   7.171315339373781e-22
       16.953125       2.3561945   7.171315339374013e-22

       17.109375      0.78539816   6.602913459827178e-22
       17.109375       2.3561945    6.60291345984354e-22

       17.265625      0.78539816   6.084094272321773e-22
       17.265625       2.3561945   6.084094272342924e-22

       17.421875      0.78539816   5.610182767557683e-22
       17.421875       2.3561945   5.610182767571952e-22

       17.578125      0.78539816    5.17689155404732e-22
       17.578125       2.3561945    5.17689155405205e-22

       17.734375      0.78539816    4.78057652725102e-22
       17.734375       2.3561945   4.780576527251439e-22

       17.890625      0.78539816   4.417503623589197e-22
       17.890625       2.3561945   4.417503623586496e-22

       18.046875      0.78539816   4.085271034217725e-22
       18.046875       2.3561945   4.085271034213061e-22

       18.203125      0.78539816   3.779679500943179e-22
       18.203125       2.3561945   3.779679500939456e-22

       18.359375      0.78539816   3.501247093775099e-22
       18.359375       2.3561945   3.501247093773891e-22

       18.515625      0.78539816   3.241318087244076e-22
       18.515625       2.3561945   3.241318087243598e-22

       18.671875      0.78539816   3.011329644909344e-22
       18.671875       2.3561945   3.011329644908975e-22

       18.828125      0.78539816   2.781070879733978e-22
       18.828125       2.3561945   2.781070879734395e-22

       18.984375      0.78539816   2.608697547570217e-22
       18.984375       2.3561945   2.608697547569209e-22

       19.140625      0.78539816   2.366633310954686e-22
       19.140625       2.3561945   2.366633310950585e-22

       19.296875      0.78539816   2.319735555496059e-22
       19.296875       2.3561945   2.319735555488605e-22

       19.453125      0.78539816   1.907925958962007e-22
       19.453125       2.3561945   1.907925958955097e-22

       19.609375      0.78539816   2.354348877633272e-22
       19.609375       2.3561945   2.354348877627564e-22

       19.765625      0.78539816   1.187863605991795e-22
       19.765625       2.3561945     1.1878636059897e-22

       19.921875      0.78539816   3.164217147238304e-22
       19.921875       2.3561945   3.164217147234111e-22

       20.078125      0.78539816                       0
       20.078125       2.3561945                       0

       20.234375      0.78539816                       0
       20.234375       2.3561945                       0

       20.390625      0.78539816                       0
       20.390625       2.3561945                       0

       20.546875      0.78539816                       0
       20.546875       2.3561945                       0

