# File created on Wed Jul  8 11:33:15 2026
# Data for Inflation GW initial data initial data at coord time 0 and central proper time 0
# Evolved with (264,10,9) gridpoints (including 4 ghosts)
# Evolution with geodesic slicing and constant shift shift condition 
# data for phi = 3.14159
#              r           theta                J_Re
#===============================================================
     0.030078125      0.78539816       3.999993487186222
     0.030078125       2.3561945       3.999993487186222

     0.090234375      0.78539816        3.99962570988014
     0.090234375       2.3561945       3.999625709880139

      0.15039062      0.78539816       3.998890259150687
      0.15039062       2.3561945       3.998890259150687

      0.21054687      0.78539816       3.997787341808653
      0.21054687       2.3561945       3.997787341808652

      0.27070312      0.78539816         3.9963172656892
      0.27070312       2.3561945         3.9963172656892

      0.33085938      0.78539816       3.994480436810611
      0.33085938       2.3561945        3.99448043681061

      0.39101563      0.78539816       3.992277355612254
      0.39101563       2.3561945       3.992277355612252

      0.45117188      0.78539816       3.989708612294143
      0.45117188       2.3561945       3.989708612294143

      0.51132813      0.78539816       3.986774881286413
      0.51132813       2.3561945       3.986774881286413

      0.57148438      0.78539816       3.983476914881766
      0.57148438       2.3561945       3.983476914881768

      0.63164063      0.78539816       3.979815536069609
      0.63164063       2.3561945       3.979815536069608

      0.69179687      0.78539816       3.975791630615795
      0.69179687       2.3561945       3.975791630615792

      0.75195312      0.78539816       3.971406138436762
      0.75195312       2.3561945       3.971406138436762

      0.81210938      0.78539816       3.966660044321542
      0.81210938       2.3561945       3.966660044321543

      0.87226563      0.78539816       3.961554368060268
      0.87226563       2.3561945       3.961554368060266

      0.93242188      0.78539816       3.956090154041672
      0.93242188       2.3561945        3.95609015404167

      0.99257812      0.78539816        3.95026846038647
      0.99257812       2.3561945       3.950268460386468

       1.0527344      0.78539816        3.94409034768792
       1.0527344       2.3561945       3.944090347687919

       1.1128906      0.78539816        3.93755686743332
       1.1128906       2.3561945       3.937556867433319

       1.1730469      0.78539816       3.930669050185143
       1.1730469       2.3561945       3.930669050185141

       1.2332031      0.78539816       3.923427893602385
       1.2332031       2.3561945       3.923427893602382

       1.2933594      0.78539816        3.91583435038517
       1.2933594       2.3561945        3.91583435038517

       1.3535156      0.78539816       3.907889316229578
       1.3535156       2.3561945        3.90788931622958

       1.4136719      0.78539816       3.899593617879225
       1.4136719       2.3561945       3.899593617879225

       1.4738281      0.78539816       3.890948001364043
       1.4738281       2.3561945       3.890948001364043

       1.5339844      0.78539816       3.881953120515655
       1.5339844       2.3561945       3.881953120515657

       1.5941406      0.78539816       3.872609525849644
       1.5941406       2.3561945       3.872609525849646

       1.6542969      0.78539816       3.862917653908346
       1.6542969       2.3561945       3.862917653908346

       1.7144531      0.78539816        3.85287781715095
       1.7144531       2.3561945       3.852877817150952

       1.7746094      0.78539816        3.84249019448275
       1.7746094       2.3561945       3.842490194482753

       1.8347656      0.78539816        3.83175482251241
       1.8347656       2.3561945       3.831754822512412

       1.8949219      0.78539816       3.820671587621445
       1.8949219       2.3561945       3.820671587621448

       1.9550781      0.78539816       3.809240218930698
       1.9550781       2.3561945       3.809240218930698

       2.0152344      0.78539816       3.797460282244258
       2.0152344       2.3561945        3.79746028224426

       2.0753906      0.78539816       3.785331175048498
       2.0753906       2.3561945       3.785331175048498

       2.1355469      0.78539816       3.772852122638854
       2.1355469       2.3561945       3.772852122638858

       2.1957031      0.78539816       3.760022175441008
       2.1957031       2.3561945        3.76002217544101

       2.2558594      0.78539816       3.746840207592662
       2.2558594       2.3561945       3.746840207592662

       2.3160156      0.78539816       3.733304916841252
       2.3160156       2.3561945       3.733304916841254

       2.3761719      0.78539816        3.71941482580792
       2.3761719       2.3561945        3.71941482580792

       2.4363281      0.78539816       3.705168284665602
       2.4363281       2.3561945       3.705168284665602

       2.4964844      0.78539816       3.690563475264872
       2.4964844       2.3561945       3.690563475264876

       2.5566406      0.78539816       3.675598416740332
       2.5566406       2.3561945       3.675598416740336

       2.6167969      0.78539816       3.660270972618433
       2.6167969       2.3561945       3.660270972618437

       2.6769531      0.78539816       3.644578859439731
       2.6769531       2.3561945       3.644578859439732

       2.7371094      0.78539816       3.628519656902988
       2.7371094       2.3561945       3.628519656902989

       2.7972656      0.78539816       3.612090819526751
       2.7972656       2.3561945       3.612090819526751

       2.8574219      0.78539816       3.595289689814061
       2.8574219       2.3561945       3.595289689814061

       2.9175781      0.78539816       3.578113512902664
       2.9175781       2.3561945       3.578113512902664

       2.9777344      0.78539816       3.560559452666868
       2.9777344       2.3561945       3.560559452666871

       3.0378906      0.78539816       3.542624609231385
       3.0378906       2.3561945       3.542624609231387

       3.0980469      0.78539816       3.524306037850754
       3.0980469       2.3561945       3.524306037850756

       3.1582031      0.78539816       3.505600769091959
       3.1582031       2.3561945       3.505600769091961

       3.2183594      0.78539816        3.48650583025616
       3.2183594       2.3561945       3.486505830256163

       3.2785156      0.78539816       3.467018267961586
       3.2785156       2.3561945       3.467018267961589

       3.3386719      0.78539816       3.447135171804572
       3.3386719       2.3561945       3.447135171804574

       3.3988281      0.78539816       3.426853699003418
       3.3988281       2.3561945       3.426853699003417

       3.4589844      0.78539816       3.406171099927348
       3.4589844       2.3561945       3.406171099927349

       3.5191406      0.78539816       3.385084744401308
       3.5191406       2.3561945       3.385084744401313

       3.5792969      0.78539816       3.363592148670351
       3.5792969       2.3561945       3.363592148670356

       3.6394531      0.78539816         3.3416910029052
       3.6394531       2.3561945       3.341691002905206

       3.6996094      0.78539816       3.319379199119726
       3.6996094       2.3561945       3.319379199119739

       3.7597656      0.78539816       3.296654859370766
       3.7597656       2.3561945       3.296654859370783

       3.8199219      0.78539816       3.273516364102328
       3.8199219       2.3561945       3.273516364102344

       3.8800781      0.78539816       3.249962380493422
       3.8800781       2.3561945       3.249962380493441

       3.9402344      0.78539816       3.225991890672538
       3.9402344       2.3561945       3.225991890672562

       4.0003906      0.78539816       3.201604219646121
       4.0003906       2.3561945       3.201604219646148

       4.0605469      0.78539816       3.176799062801182
       4.0605469       2.3561945       3.176799062801215

       4.1207031      0.78539816       3.151576512835478
       4.1207031       2.3561945       3.151576512835509

       4.1808594      0.78539816       3.125937085966435
       4.1808594       2.3561945        3.12593708596647

       4.2410156      0.78539816       3.099881747277977
       4.2410156       2.3561945       3.099881747278017

       4.3011719      0.78539816       3.073411935062354
       4.3011719       2.3561945       3.073411935062394

       4.3613281      0.78539816       3.046529584019272
       4.3613281       2.3561945       3.046529584019316

       4.4214844      0.78539816       3.019237147174432
       4.4214844       2.3561945       3.019237147174484

       4.4816406      0.78539816       2.991537616392412
       4.4816406       2.3561945       2.991537616392479

       4.5417969      0.78539816       2.963434541356668
       4.5417969       2.3561945       2.963434541356741

       4.6019531      0.78539816       2.934932046898613
       4.6019531       2.3561945       2.934932046898677

       4.6621094      0.78539816       2.906034848568982
       4.6621094       2.3561945       2.906034848569044

       4.7222656      0.78539816       2.876748266342407
       4.7222656       2.3561945       2.876748266342473

       4.7824219      0.78539816       2.847078236367343
       4.7824219       2.3561945       2.847078236367417

       4.8425781      0.78539816       2.817031320674325
       4.8425781       2.3561945         2.8170313206744

       4.9027344      0.78539816       2.786614714763045
       4.9027344       2.3561945        2.78661471476313

       4.9628906      0.78539816         2.7558362530113
       4.9628906       2.3561945       2.755836253011397

       5.0230469      0.78539816        2.72470441184251
       5.0230469       2.3561945       2.724704411842595

       5.0832031      0.78539816       2.693228310615238
       5.0832031       2.3561945       2.693228310615316

       5.1433594      0.78539816       2.661417710196855
       5.1433594       2.3561945       2.661417710196917

       5.2035156      0.78539816       2.629283009204425
       5.2035156       2.3561945       2.629283009204473

       5.2636719      0.78539816       2.596835237902471
       5.2636719       2.3561945       2.596835237902534

       5.3238281      0.78539816       2.564086049755834
       5.3238281       2.3561945       2.564086049755906

       5.3839844      0.78539816       2.531047710659795
       5.3839844       2.3561945       2.531047710659859

       5.4441406      0.78539816       2.497733085864704
       5.4441406       2.3561945       2.497733085864783

       5.5042969      0.78539816       2.464155624636155
       5.5042969       2.3561945       2.464155624636231

       5.5644531      0.78539816       2.430329342701079
       5.5644531       2.3561945       2.430329342701147

       5.6246094      0.78539816       2.396268802532501
       5.6246094       2.3561945       2.396268802532551

       5.6847656      0.78539816       2.361989091548227
       5.6847656       2.3561945       2.361989091548283

       5.7449219      0.78539816        2.32750579830227
       5.7449219       2.3561945       2.327505798302357

       5.8050781      0.78539816       2.292834986755604
       5.8050781       2.3561945       2.292834986755694

       5.8652344      0.78539816       2.257993168729372
       5.8652344       2.3561945       2.257993168729458

       5.9253906      0.78539816       2.222997274642676
       5.9253906       2.3561945       2.222997274642777

       5.9855469      0.78539816       2.187864622654658
       5.9855469       2.3561945       2.187864622654757

       6.0457031      0.78539816       2.152612886332639
       6.0457031       2.3561945       2.152612886332751

       6.1058594      0.78539816       2.117260060968259
       6.1058594       2.3561945       2.117260060968384

       6.1660156      0.78539816       2.081824428688464
       6.1660156       2.3561945       2.081824428688546

       6.2261719      0.78539816       2.046324522489748
       6.2261719       2.3561945       2.046324522489829

       6.2863281      0.78539816        2.01077908934504
       6.2863281       2.3561945        2.01077908934512

       6.3464844      0.78539816       1.975207052529577
       6.3464844       2.3561945       1.975207052529668

       6.4066406      0.78539816       1.939627473312821
       6.4066406       2.3561945       1.939627473312912

       6.4667969      0.78539816       1.904059512174162
       6.4667969       2.3561945       1.904059512174238

       6.5269531      0.78539816       1.868522389684433
       6.5269531       2.3561945       1.868522389684512

       6.5871094      0.78539816       1.833035347216277
       6.5871094       2.3561945       1.833035347216363

       6.6472656      0.78539816       1.797617607628396
       6.6472656       2.3561945       1.797617607628456

       6.7074219      0.78539816       1.762288336073403
       6.7074219       2.3561945       1.762288336073442

       6.7675781      0.78539816       1.727066601082411
       6.7675781       2.3561945       1.727066601082444

       6.8277344      0.78539816       1.691971336065029
       6.8277344       2.3561945       1.691971336065045

       6.8878906      0.78539816       1.657021301368944
       6.8878906       2.3561945       1.657021301368981

       6.9480469      0.78539816       1.622235047035221
       6.9480469       2.3561945       1.622235047035272

       7.0082031      0.78539816       1.587630876378871
       7.0082031       2.3561945       1.587630876378929

       7.0683594      0.78539816       1.553226810524502
       7.0683594       2.3561945       1.553226810524518

       7.1285156      0.78539816       1.519040554011729
       7.1285156       2.3561945        1.51904055401172

       7.1886719      0.78539816       1.485089461586307
       7.1886719       2.3561945       1.485089461586293

       7.2488281      0.78539816        1.45139050628312
       7.2488281       2.3561945       1.451390506283091

       7.3089844      0.78539816        1.41796024889623
       7.3089844       2.3561945       1.417960248896212

       7.3691406      0.78539816       1.384814808930214
       7.3691406       2.3561945       1.384814808930185

       7.4292969      0.78539816       1.351969837111368
       7.4292969       2.3561945       1.351969837111352

       7.4894531      0.78539816       1.319440489535339
       7.4894531       2.3561945       1.319440489535302

       7.5496094      0.78539816       1.287241403514482
       7.5496094       2.3561945       1.287241403514413

       7.6097656      0.78539816       1.255386675182201
       7.6097656       2.3561945       1.255386675182138

       7.6699219      0.78539816       1.223889838902542
       7.6699219       2.3561945       1.223889838902488

       7.7300781      0.78539816       1.192763848522117
       7.7300781       2.3561945        1.19276384852207

       7.7902344      0.78539816       1.162021060497196
       7.7902344       2.3561945       1.162021060497135

       7.8503906      0.78539816       1.131673218913696
       7.8503906       2.3561945       1.131673218913645

       7.9105469      0.78539816       1.101731442417073
       7.9105469       2.3561945       1.101731442417044

       7.9707031      0.78539816       1.072206213054074
       7.9707031       2.3561945        1.07220621305401

       8.0308594      0.78539816       1.043107367021341
       8.0308594       2.3561945       1.043107367021275

       8.0910156      0.78539816       1.014444087314219
       8.0910156       2.3561945       1.014444087314176

       8.1511719      0.78539816      0.9862248982498839
       8.1511719       2.3561945      0.9862248982498603

       8.2113281      0.78539816      0.9584576618445247
       8.2113281       2.3561945      0.9584576618445331

       8.2714844      0.78539816      0.9311495760060913
       8.2714844       2.3561945      0.9311495760061005

       8.3316406      0.78539816       0.904307174504452
       8.3316406       2.3561945      0.9043071745044459

       8.3917969      0.78539816      0.8779363286749314
       8.3917969       2.3561945      0.8779363286749217

       8.4519531      0.78539816      0.8520422507976032
       8.4519531       2.3561945      0.8520422507975641

       8.5121094      0.78539816      0.8266294991013511
       8.5121094       2.3561945      0.8266294991012925

       8.5722656      0.78539816      0.8017019843251424
       8.5722656       2.3561945      0.8017019843250729

       8.6324219      0.78539816      0.7772629777728564
       8.6324219       2.3561945      0.7772629777727511

       8.6925781      0.78539816      0.7533151207914875
       8.6925781       2.3561945      0.7533151207914033

       8.7527344      0.78539816      0.7298604355959529
       8.7527344       2.3561945      0.7298604355958886

       8.8128906      0.78539816      0.7069003373665065
       8.8128906       2.3561945      0.7069003373664299

       8.8730469      0.78539816      0.6844356475377628
       8.8730469       2.3561945      0.6844356475376835

       8.9332031      0.78539816      0.6624666081979788
       8.9332031       2.3561945      0.6624666081979094

       8.9933594      0.78539816      0.6409928975165382
       8.9933594       2.3561945       0.640992897516477

       9.0535156      0.78539816      0.6200136461141335
       9.0535156       2.3561945      0.6200136461140945

       9.1136719      0.78539816      0.5995274542921725
       9.1136719       2.3561945      0.5995274542921581

       9.1738281      0.78539816      0.5795324100352194
       9.1738281       2.3561945       0.579532410035184

       9.2339844      0.78539816      0.5600261077020859
       9.2339844       2.3561945      0.5600261077020002

       9.2941406      0.78539816      0.5410056673219676
       9.2941406       2.3561945      0.5410056673218689

       9.3542969      0.78539816      0.5224677544107209
       9.3542969       2.3561945      0.5224677544106245

       9.4144531      0.78539816      0.5044086002264739
       9.4144531       2.3561945      0.5044086002263743

       9.4746094      0.78539816       0.486824022382577
       9.4746094       2.3561945      0.4868240223824989

       9.5347656      0.78539816      0.4697094457408046
       9.5347656       2.3561945       0.469709445740742

       9.5949219      0.78539816      0.4530599235075246
       9.5949219       2.3561945      0.4530599235074572

       9.6550781      0.78539816      0.4368701584577396
       9.6550781       2.3561945      0.4368701584576847

       9.7152344      0.78539816       0.421134524217959
       9.7152344       2.3561945      0.4211345242179008

       9.7753906      0.78539816      0.4058470865365975
       9.7753906       2.3561945      0.4058470865365327

       9.8355469      0.78539816      0.3910016244781127
       9.8355469       2.3561945      0.3910016244780513

       9.8957031      0.78539816        0.37659165147831
       9.8957031       2.3561945      0.3765916514782497

       9.9558594      0.78539816      0.3626104362006918
       9.9558594       2.3561945      0.3626104362006335

       10.016016      0.78539816      0.3490510231398513
       10.016016       2.3561945      0.3490510231397916

       10.076172      0.78539816      0.3359062529179422
       10.076172       2.3561945      0.3359062529178791

       10.136328      0.78539816      0.3231687822273635
       10.136328       2.3561945      0.3231687822272781

       10.196484      0.78539816      0.3108311033737209
       10.196484       2.3561945       0.310831103373648

       10.256641      0.78539816      0.2988855633778961
       10.256641       2.3561945      0.2988855633778502

       10.316797      0.78539816      0.2873243825999816
       10.316797       2.3561945      0.2873243825999407

       10.376953      0.78539816      0.2761396728501813
       10.376953       2.3561945      0.2761396728501579

       10.437109      0.78539816      0.2653234549572002
       10.437109       2.3561945      0.2653234549571914

       10.497266      0.78539816      0.2548676757663166
       10.497266       2.3561945      0.2548676757663043

       10.557422      0.78539816      0.2447642245438366
       10.557422       2.3561945      0.2447642245438405

       10.617578      0.78539816      0.2350049487683191
       10.617578       2.3561945       0.235004948768342

       10.677734      0.78539816      0.2255816692907179
       10.677734       2.3561945        0.22558166929074

       10.737891      0.78539816      0.2164861948502387
       10.737891       2.3561945      0.2164861948502563

       10.798047      0.78539816      0.2077103359359865
       10.798047       2.3561945      0.2077103359359812

       10.858203      0.78539816      0.1992459179850713
       10.858203       2.3561945      0.1992459179850638

       10.918359      0.78539816      0.1910847939138018
       10.918359       2.3561945       0.191084793913802

       10.978516      0.78539816      0.1832188559790037
       10.978516       2.3561945      0.1832188559790118

       11.038672      0.78539816      0.1756400469694846
       11.038672       2.3561945      0.1756400469695001

       11.098828      0.78539816      0.1683403707312609
       11.098828       2.3561945      0.1683403707312717

       11.158984      0.78539816       0.161311902030428
       11.158984       2.3561945      0.1613119020304382

       11.219141      0.78539816      0.1545467957612936
       11.219141       2.3561945      0.1545467957612989

       11.279297      0.78539816      0.1480372955082915
       11.279297       2.3561945      0.1480372955082842

       11.339453      0.78539816      0.1417757414725665
       11.339453       2.3561945      0.1417757414725628

       11.399609      0.78539816      0.1357545777755332
       11.399609       2.3561945      0.1357545777755286

       11.459766      0.78539816      0.1299663591528931
       11.459766       2.3561945      0.1299663591528802

       11.519922      0.78539816      0.1244037570546084
       11.519922       2.3561945      0.1244037570546028

       11.580078      0.78539816      0.1190595651665984
       11.580078       2.3561945      0.1190595651666002

       11.640234      0.78539816      0.1139267043718932
       11.640234       2.3561945      0.1139267043719075

       11.700391      0.78539816      0.1089982271693487
       11.700391       2.3561945      0.1089982271693323

       11.760547      0.78539816      0.1042673215685728
       11.760547       2.3561945      0.1042673215685355

       11.820703      0.78539816      0.0997273144811941
       11.820703       2.3561945      0.0997273144811706

       11.880859      0.78539816     0.09537167462821601
       11.880859       2.3561945     0.09537167462818996

       11.941016      0.78539816     0.09119401498412853
       11.941016       2.3561945     0.09119401498408032

       12.001172      0.78539816     0.08718809477862217
       12.001172       2.3561945      0.0871880947785829

       12.061328      0.78539816       0.083347821077056
       12.061328       2.3561945      0.0833478210770266

       12.121484      0.78539816     0.07966724996050979
       12.121484       2.3561945     0.07966724996046222

       12.181641      0.78539816     0.07614058732669331
       12.181641       2.3561945     0.07614058732665767

       12.241797      0.78539816     0.07276218933305122
       12.241797       2.3561945     0.07276218933302066

       12.301953      0.78539816     0.06952656250236819
       12.301953       2.3561945     0.06952656250234139

       12.362109      0.78539816     0.06642836351191754
       12.362109       2.3561945     0.06642836351189658

       12.422266      0.78539816     0.06346239868649443
       12.422266       2.3561945     0.06346239868647159

       12.482422      0.78539816     0.06062362321508152
       12.482422       2.3561945     0.06062362321505255

       12.542578      0.78539816     0.05790714011091268
       12.542578       2.3561945     0.05790714011088276

       12.602734      0.78539816      0.0553081989340729
       12.602734       2.3561945     0.05530819893405874

       12.662891      0.78539816     0.05282219429500924
       12.662891       2.3561945     0.05282219429499165

       12.723047      0.78539816     0.05044466415720741
       12.723047       2.3561945     0.05044466415718096

       12.783203      0.78539816     0.04817128795646228
       12.783203       2.3561945      0.0481712879564384

       12.843359      0.78539816     0.04599788455356042
       12.843359       2.3561945     0.04599788455354525

       12.903516      0.78539816     0.04392041003677787
       12.903516       2.3561945     0.04392041003676724

       12.963672      0.78539816     0.04193495538957138
       12.963672       2.3561945     0.04193495538956297

       13.023828      0.78539816     0.04003774403863084
       13.023828       2.3561945     0.04003774403862647

       13.083984      0.78539816     0.03822512929648636
       13.083984       2.3561945     0.03822512929648017

       13.144141      0.78539816     0.03649359171226815
       13.144141       2.3561945     0.03649359171226162

       13.204297      0.78539816     0.03483973634362552
       13.204297       2.3561945     0.03483973634362828

       13.264453      0.78539816     0.03326028996204473
       13.264453       2.3561945     0.03326028996204306

       13.324609      0.78539816     0.03175209820314352
       13.324609       2.3561945     0.03175209820313758

       13.384766      0.78539816     0.03031212267289554
       13.384766       2.3561945     0.03031212267289493

       13.444922      0.78539816     0.02893743802012244
       13.444922       2.3561945     0.02893743802010991

       13.505078      0.78539816     0.02762522898480149
       13.505078       2.3561945     0.02762522898478488

       13.565234      0.78539816     0.02637278743129499
       13.565234       2.3561945     0.02637278743128857

       13.625391      0.78539816     0.02517750937472987
       13.625391       2.3561945     0.02517750937472757

       13.685547      0.78539816     0.02403689200885884
       13.685547       2.3561945     0.02403689200885062

       13.745703      0.78539816     0.02294853074103395
       13.745703       2.3561945     0.02294853074102114

       13.805859      0.78539816     0.02191011624517198
       13.805859       2.3561945     0.02191011624516424

       13.866016      0.78539816     0.02091943152804402
       13.866016       2.3561945     0.02091943152803949

       13.926172      0.78539816      0.0199743490418319
       13.926172       2.3561945     0.01997434904182764

       13.986328      0.78539816     0.01907282777851374
       13.986328       2.3561945     0.01907282777850975

       14.046484      0.78539816     0.01821291052718836
       14.046484       2.3561945     0.01821291052717806

       14.106641      0.78539816     0.01739272085142177
       14.106641       2.3561945     0.01739272085140811

       14.166797      0.78539816     0.01661046091966669
       14.166797       2.3561945     0.01661046091965973

       14.226953      0.78539816      0.0158644073472178
       14.226953       2.3561945     0.01586440734722072

       14.287109      0.78539816     0.01515291219866425
       14.287109       2.3561945     0.01515291219866338

       14.347266      0.78539816     0.01447439125238882
       14.347266       2.3561945     0.01447439125238303

       14.407422      0.78539816     0.01382734424889375
       14.407422       2.3561945     0.01382734424889328

       14.467578      0.78539816     0.01321029570935353
       14.467578       2.3561945     0.01321029570935965

       14.527734      0.78539816     0.01262193317135738
       14.527734       2.3561945     0.01262193317136359

       14.587891      0.78539816     0.01206075673777525
       14.587891       2.3561945     0.01206075673777847

       14.648047      0.78539816     0.01152593592290947
       14.648047       2.3561945     0.01152593592290987

       14.708203      0.78539816     0.01101519216931938
       14.708203       2.3561945     0.01101519216931807

       14.768359      0.78539816     0.01052999152392365
       14.768359       2.3561945     0.01052999152392155

       14.828516      0.78539816     0.01006281572811233
       14.828516       2.3561945     0.01006281572810691

       14.888672      0.78539816    0.009628263428083724
       14.888672       2.3561945    0.009628263428081171

       14.948828      0.78539816    0.009187224554569466
       14.948828       2.3561945    0.009187224554565419

       15.008984      0.78539816    0.008831405140182194
       15.008984       2.3561945    0.008831405140174574

       15.069141      0.78539816    0.008335498538783162
       15.069141       2.3561945    0.008335498538781043

       15.129297      0.78539816     0.00823989490509029
       15.129297       2.3561945    0.008239894905090552

       15.189453      0.78539816    0.004660804159437695
       15.189453       2.3561945    0.004660804159434152

       15.249609      0.78539816      0.3899201375795401
       15.249609       2.3561945      0.3899201375794252

       15.309766      0.78539816       95.22585158459991
       15.309766       2.3561945       95.22585158459799

       15.369922      0.78539816       710742.1099375755
       15.369922       2.3561945       710742.1099375747

       15.430078      0.78539816                       0
       15.430078       2.3561945                       0

       15.490234      0.78539816                       0
       15.490234       2.3561945                       0

       15.550391      0.78539816                       0
       15.550391       2.3561945                       0

       15.610547      0.78539816                       0
       15.610547       2.3561945                       0

