# File created on Wed Jul  8 11:31:18 2026
# ======================================== 
# = Running code assuming AXISYMMETRY    = 
# ======================================== 
# Data for Inflation GW initial data initial data at coord. time 1.12447 and proper central time 1.12447
# Evolved with (264,10,9) gridpoints (including 4 ghosts)
# Evolution with geodesic slicing and constant shift
# using eighth-order spatial differencing with 4 ghost zones 
# data 1 at theta = 0 and phi = 3.14159
# data 2 at theta = 1.5708 and phi = 3.14159
#                      r                    J_Re                    J_Re
#                               (     0,3.14159)        (1.5708,3.14159)
#========================================================================
     -0.1754557291666667      0.2113283043013363       0.211328304301557
     -0.1253255208333333      0.2112134825438417      0.2112134825440455
           -0.0751953125      0.2111321255666722      0.2111321255663045
    -0.02506510416666667      0.2110962829802834      0.2110962829801996
     0.02506510416666667      0.2110962829801157      0.2110962829801996
            0.0751953125      0.2111321255659368      0.2111321255663045
      0.1253255208333333      0.2112134825442493      0.2112134825440455
      0.1754557291666667      0.2113283043017777       0.211328304301557
            0.2255859375      0.2114829512754133      0.2114829512755956
      0.2757161458333334      0.2116769047961558      0.2116769047963064
      0.3258463541666667      0.2119083904993062      0.2119083904991628
            0.3759765625      0.2121782097860463      0.2121782097861626
      0.4261067708333334      0.2124861722384874      0.2124861722385917
      0.4762369791666667      0.2128319200041171      0.2128319200040758
            0.5263671875      0.2132155763352561      0.2132155763347507
      0.5764973958333334      0.2136366641802409      0.2136366641810196
      0.6266276041666667      0.2140955541889809      0.2140955541882157
            0.6767578125      0.2145916452251263      0.2145916452258602
      0.7268880208333334      0.2151248877523095       0.215124887751853
      0.7770182291666667      0.2156959790844357       0.215695979084646
            0.8271484375      0.2163032929346411      0.2163032929345622
      0.8772786458333334      0.2169471548069828      0.2169471548069272
      0.9274088541666667       0.217627818198447      0.2176278181984045
            0.9775390625      0.2183483966458309      0.2183483966461849
       1.027669270833333      0.2191078087303698      0.2191078087299337
       1.077799479166667      0.2199051425478125      0.2199051425479114
            1.1279296875      0.2207412732392575       0.220741273239299
       1.178059895833333      0.2216163534249502      0.2216163534250226
       1.228190104166667      0.2225304490125739      0.2225304490124482
            1.2783203125      0.2234837876895309      0.2234837876896946
       1.328450520833333      0.2244765447250373      0.2244765447248692
       1.378580729166667      0.2255088584507959       0.225508858451111
            1.4287109375      0.2265808687385524      0.2265808687381979
       1.478841145833333       0.227692706404503      0.2276927064045407
       1.528971354166667      0.2288444906408484      0.2288444906410051
            1.5791015625      0.2300363310396392      0.2300363310395051
       1.629231770833333      0.2312683267712674      0.2312683267716881
       1.679361979166667      0.2325405655497741      0.2325405655494546
            1.7294921875       0.233853122746625      0.2338531227463544
       1.779622395833333      0.2352060603049512       0.235206060305203
       1.829752604166667      0.2365994255250976      0.2365994255252107
            1.8798828125      0.2380332497833521      0.2380332497832733
       1.930013020833333      0.2395075471760313      0.2395075471759581
       1.980143229166667      0.2410223130990085      0.2410223130989897
            2.0302734375      0.2425775227723696      0.2425775227729483
       2.080403645833333      0.2441731297108814      0.2441731297100345
       2.130533854166667      0.2458090641489676      0.2458090641495662
            2.1806640625      0.2474852314316331      0.2474852314317338
       2.230794270833333      0.2492015103606681      0.2492015103601053
       2.280924479166667      0.2509577515007161      0.2509577515013126
            2.3310546875      0.2527537754804109      0.2527537754797614
       2.381184895833333      0.2545893712261135      0.2545893712267058
       2.431315104166667      0.2564642942207677      0.2564642942204853
            2.4814453125      0.2583782647006186       0.258378264700491
       2.531575520833333      0.2603309658741855      0.2603309658743693
       2.581705729166667      0.2623220421090376      0.2623220421089613
            2.6318359375      0.2643510971227644      0.2643510971228427
       2.681966145833333      0.2664176921822583      0.2664176921824287
       2.732096354166667      0.2685213442925651      0.2685213442924213
            2.7822265625      0.2706615244180932      0.2706615244181884
       2.832356770833333      0.2728376557162883      0.2728376557161428
       2.882486979166667      0.2750491117925793      0.2750491117926303
            2.9326171875      0.2772952149978526      0.2772952149977356
       2.982747395833333        0.27957523475991      0.2795752347601314
       3.032877604166667      0.2818883859723711      0.2818883859721956
            3.0830078125       0.284233827426996      0.2842338274271169
       3.133138020833333      0.2866106603312126      0.2866106603310964
       3.183268229166667      0.2890179268805415      0.2890179268806471
            3.2333984375       0.291454608928243      0.2914546089282173
       3.283528645833333      0.2939196267402884      0.2939196267403453
       3.333658854166667      0.2964118378534337      0.2964118378532947
            3.3837890625      0.2989300360461319       0.298930036046011
       3.433919270833333      0.3014729504328844      0.3014729504329667
       3.484049479166667      0.3040392446815259      0.3040392446814421
            3.5341796875      0.3066275163783172      0.3066275163784309
       3.584309895833333      0.3092362965397149      0.3092362965396146
       3.634440104166667      0.3118640492819098      0.3118640492818479
            3.6845703125      0.3145091716582856      0.3145091716583525
       3.734700520833333      0.3171699936783717      0.3171699936782103
       3.784830729166667      0.3198447785065482      0.3198447785067988
            3.8349609375       0.322531722853286      0.3225317228529457
       3.885091145833333      0.3252289575719315      0.3252289575721028
       3.935221354166667      0.3279345484552377      0.3279345484552884
            3.9853515625      0.3306464972497516       0.330646497249573
       4.035481770833334      0.3333627428819148      0.3333627428819166
       4.085611979166667      0.3360811629116957      0.3360811629117357
            4.1357421875      0.3387995752078187      0.3387995752077029
       4.185872395833334      0.3415157398377348      0.3415157398380857
       4.236002604166667      0.3442273612085883      0.3442273612081957
            4.2861328125      0.3469320904048809      0.3469320904049961
       4.336263020833334      0.3496275277686419      0.3496275277685912
       4.386393229166667      0.3523112256932577      0.3523112256931655
            4.4365234375      0.3549806916276427      0.3549806916277743
       4.486653645833334      0.3576333912942203      0.3576333912937469
       4.536783854166667      0.3602667520998659       0.360266752100629
            4.5869140625      0.3628781667463074      0.3628781667457989
       4.637044270833334      0.3654649970011929      0.3654649970011256
       4.687174479166667      0.3680245776553239      0.3680245776556222
            4.7373046875       0.370554220620442      0.3705542206203402
       4.787434895833334      0.3730512191512582      0.3730512191512215
       4.837565104166667      0.3755128522117891      0.3755128522119944
            4.8876953125      0.3779363889195863       0.377936388919167
       4.937825520833334      0.3803190930761524      0.3803190930764835
       4.987955729166667      0.3826582277643559      0.3826582277642642
            5.0380859375      0.3849510599773776      0.3849510599772643
       5.088216145833334      0.3871948652649954      0.3871948652654407
       5.138346354166667      0.3893869323851148      0.3893869323846428
            5.1884765625      0.3915245679154775      0.3915245679153043
       5.238606770833334      0.3936051008274649      0.3936051008277719
       5.288736979166667      0.3956258869860471      0.3956258869860519
            5.3388671875      0.3975843135517262      0.3975843135515494
       5.388997395833334      0.3994778032843892      0.3994778032843959
       5.439127604166667      0.4013038187115762      0.4013038187116817
            5.4892578125      0.4030598661407607      0.4030598661409309
       5.539388020833334      0.4047434995228187      0.4047434995227501
       5.589518229166667      0.4063523241200053      0.4063523241195917
            5.6396484375      0.4078840000071162      0.4078840000079071
       5.689778645833334      0.4093362453473134      0.4093362453469458
       5.739908854166667      0.4107068394897508      0.4107068394894957
            5.7900390625      0.4119936258332332      0.4119936258337517
       5.840169270833334      0.4131945144962951      0.4131945144958181
       5.890299479166667      0.4143074847544398      0.4143074847544826
            5.9404296875      0.4153305873080936      0.4153305873082076
       5.990559895833334      0.4162619463050115      0.4162619463046927
       6.040690104166667      0.4170997612139685      0.4170997612141751
            6.0908203125      0.4178423084994956      0.4178423084996691
       6.140950520833334       0.418487943139316      0.4184879431393413
       6.191080729166667      0.4190350999890409       0.419035099988796
            6.2412109375      0.4194822950396364       0.419482295039679
       6.291341145833334      0.4198281265514126      0.4198281265517344
       6.341471354166667      0.4200712761145726      0.4200712761146305
            6.3916015625      0.4202105096453162      0.4202105096451518
       6.441731770833334      0.4202446783365577      0.4202446783367296
       6.491861979166667      0.4201727196196595      0.4201727196196975
            6.5419921875      0.4199936581010545      0.4199936581006825
       6.592122395833334      0.4197066065555763      0.4197066065556733
       6.642252604166667      0.4193107669681699      0.4193107669687672
            6.6923828125      0.4188054316330632      0.4188054316328288
       6.742513020833334      0.4181899843472885      0.4181899843470938
       6.792643229166667      0.4174639017019446      0.4174639017026389
            6.8427734375      0.4166267544975631      0.4166267544968899
       6.892903645833334      0.4156782092372919      0.4156782092379355
       6.943033854166667       0.414618029803927      0.4146180298034983
            6.9931640625      0.4134460791908808      0.4134460791912449
       7.043294270833334       0.412162321394375      0.4121623213942691
       7.093424479166667       0.410766823376888      0.4107668233769494
            7.1435546875      0.4092597571528334      0.4092597571526497
       7.193684895833334      0.4076414019234383       0.407641401923782
       7.243815104166667      0.4059121462849907      0.4059121462841545
            7.2939453125      0.4040724904386396      0.4040724904392307
       7.344075520833334      0.4021230484282851      0.4021230484283824
       7.394205729166667      0.4000645503031605      0.4000645503029516
            7.4443359375      0.3978978442518739      0.3978978442516657
       7.494466145833334      0.3956238985994075      0.3956238986000713
       7.544596354166667      0.3932438036820357      0.3932438036814541
            7.5947265625        0.39075877350765      0.3907587735082158
       7.644856770833334      0.3881701472165957      0.3881701472158016
       7.694986979166667      0.3854793902492986      0.3854793902501911
            7.7451171875      0.3826880952312828      0.3826880952309539
       7.795247395833334      0.3797979824985319      0.3797979824982278
       7.845377604166667      0.3768109002468389       0.376810900247352
            7.8955078125      0.3737288242711822      0.3737288242705713
       7.945638020833334      0.3705538572375126      0.3705538572379702
       7.995768229166667       0.367288227519695       0.367288227519612
            8.0458984375      0.3639342875100388       0.363934287509582
       8.096028645833334      0.3604945114318737      0.3604945114319412
       8.146158854166668       0.356971492640642      0.3569714926409311
            8.1962890625      0.3533679403726604      0.3533679403725491
       8.246419270833334      0.3496866759600793      0.3496866759600028
       8.296549479166668      0.3459306285276034      0.3459306285277107
            8.3466796875      0.3421028301595184      0.3421028301596951
       8.396809895833334      0.3382064105579427      0.3382064105580725
       8.446940104166668      0.3342445912113219      0.3342445912106594
            8.4970703125      0.3302206790965013      0.3302206790964396
       8.547200520833334      0.3261380599446631      0.3261380599451118
       8.597330729166668      0.3220001910923486      0.3220001910923868
            8.6474609375      0.3178105939821442      0.3178105939820233
       8.697591145833334      0.3135728463284464      0.3135728463281104
       8.747721354166668      0.3092905739928946      0.3092905739930925
            8.7978515625      0.3049674426383943       0.304967442638411
       8.847981770833334      0.3006071491765416      0.3006071491767559
       8.898111979166668       0.296213413080521      0.2962134130798268
            8.9482421875      0.2917899676120421       0.291789967612529
       8.998372395833334      0.2873405510137564      0.2873405510136861
       9.048502604166668      0.2828688976922211      0.2828688976926351
            9.0986328125      0.2783787294947151      0.2783787294941539
       9.148763020833334      0.2738737470533061      0.2738737470535377
       9.198893229166668      0.2693576213257362       0.269357621326167
            9.2490234375      0.2648339853045227      0.2648339853040722
       9.299153645833334      0.2603064259908897      0.2603064259908618
       9.349283854166668      0.2557784766474204      0.2557784766469204
            9.3994140625      0.2512536093537283      0.2512536093536649
       9.449544270833334      0.2467352279391047      0.2467352279398264
       9.499674479166668      0.2422266612725298       0.242226661271636
            9.5498046875      0.2377311569674542      0.2377311569672085
       9.599934895833334      0.2332518755363685      0.2332518755362463
       9.650065104166668       0.228791884965566      0.2287918849659879
            9.7001953125      0.2243541557657949      0.2243541557659405
       9.750325520833334      0.2199415565017162      0.2199415565015619
       9.800455729166668      0.2155568497815811      0.2155568497814088
            9.8505859375      0.2112026887688518      0.2112026887688147
       9.900716145833334      0.2068816141479813      0.2068816141481563
       9.950846354166668      0.2025960515790221      0.2025960515789895
           10.0009765625       0.198348309649068      0.1983483096488166
       10.05110677083333      0.1941405782665906      0.1941405782664798
       10.10123697916667      0.1899749275304489      0.1899749275306254
           10.1513671875      0.1858533070390055      0.1858533070393423
       10.20149739583333      0.1817775456228976      0.1817775456225137
       10.25162760416667      0.1777493514978667      0.1777493514983057
           10.3017578125      0.1737703128012612      0.1737703128005496
       10.35188802083333       0.169841898507267      0.1698418985074305
       10.40201822916667      0.1659654596836948       0.165965459683907
           10.4521484375       0.162142231086155       0.162142231085925
       10.50227864583333        0.15837333300648      0.1583733330063568
       10.55240885416667      0.1546597736437142      0.1546597736440409
           10.6025390625       0.151002451288437      0.1510024512888783
       10.65266927083333      0.1474021556690211      0.1474021556680991
       10.70279947916667      0.1438595774984749       0.143859577498995
           10.7529296875      0.1403753051083799       0.140375305108768
       10.80305989583333      0.1369497795300482      0.1369497795295893
       10.85319010416667      0.1335834943374325      0.1335834943374299
           10.9033203125      0.1302769228954116      0.1302769228955382
       10.95345052083333      0.1270289351442861      0.1270289351444676
       11.00358072916667      0.1238413981441535      0.1238413981436914
           11.0537109375      0.1207217516727168      0.1207217516729649
       11.10384114583333      0.1176396536096723      0.1176396536096075
       11.15397135416667      0.1145995245874513      0.1145995245875489
           11.2041015625      0.1118217523301835       0.111821752330042
       11.25423177083333      0.1088703886747897       0.108870388674484
       11.30436197916667        0.10494849104903      0.1049484910494051
           11.3544921875      0.1041485413629801      0.1041485413630569
       11.40462239583333      0.1058106229228485      0.1058106229225061
       11.45475260416667     0.08713644734181784     0.08713644734195766
           11.5048828125     0.07995038484867996     0.07995038484875647
       11.55501302083333      0.2401106597981477       0.240110659797518
       11.60514322916667      0.3365994372904307      0.3365994372912668
           11.6552734375     0.06151372894436086     0.06151372894406919
       11.70540364583333      0.4368441551252381      0.4368441551208657
       11.75553385416667        32.1754172224321       32.17541722241835
           11.8056640625       47.03682870399631       47.03682870401872
       11.85579427083333       6.767256313858532       6.767256313867798
       11.90592447916667       2.810621568862811       2.810621568860135
           11.9560546875       8.464984793242564        8.46498479324088
       12.00618489583333        11.6481985525961       11.64819855258624
       12.05631510416667       7.701041675027591       7.701041675032352
           12.1064453125       6.567335359530366       6.567335359531345
       12.15657552083333       9.076607260125991       9.076607260123616
       12.20670572916667       12.67972698772386       12.67972698772485
           12.2568359375       15.09039318042262        15.0903931804215
       12.30696614583333       19.81399408754482       19.81399408753353
       12.35709635416667       24.39140194168806        24.3914019416849
           12.4072265625        44.0911394784676       44.09113947845015
       12.45735677083333       57.62340235345555       57.62340235345124
       12.50748697916667       140.1137358340312         140.11373583404
           12.5576171875       136.2028711061637       136.2028711061119
       12.60774739583333       1772.941743120801       1772.941743122713
       12.65787760416667      -1101.753807811069      -1101.753807822566
           12.7080078125      -5934.127498005777      -5934.127498058015
       12.75813802083333      -3858168.511168494      -3858168.511194531
       12.80826822916667       2365857193.812891       2365857193.820819
           12.8583984375                       0                       0
       12.90852864583333                       0                       0
       12.95865885416667                       0                       0
           13.0087890625                       0                       0
