# File created on Wed Jul  8 11:33:16 2026
# ======================================== 
# = Running code assuming AXISYMMETRY    = 
# ======================================== 
# Data for Inflation GW initial data initial data at coord. time 0.188986 and proper central time 0.188986
# Evolved with (264,10,9) gridpoints (including 4 ghosts)
# Evolution with geodesic slicing and constant shift
# using eighth-order spatial differencing with 4 ghost zones 
# data 1 at theta = 0 and phi = 3.14159
# data 2 at theta = 1.5708 and phi = 3.14159
#                      r                    J_Re                    J_Re
#                               (     0,3.14159)        (1.5708,3.14159)
#========================================================================
            -0.210546875       3.595637153971956       3.595637153973298
            -0.150390625       3.596466274830758         3.5964662748286
    -0.09023437500000001       3.597019002860449       3.597019002862168
            -0.030078125       3.597295361204935       3.597295361205525
             0.030078125       3.597295361206115       3.597295361205525
     0.09023437500000001       3.597019002863887       3.597019002862168
             0.150390625       3.596466274826442         3.5964662748286
             0.210546875        3.59563715397464       3.595637153973298
             0.270703125       3.594531604574524       3.594531604573906
             0.330859375       3.593149577061159       3.593149577062038
             0.391015625       3.591491006396161       3.591491006396057
             0.451171875       3.589555810040399       3.589555810039831
             0.511328125       3.587343885522772       3.587343885523729
             0.571484375       3.584855107726335         3.5848551077247
      0.6316406250000001       3.582089325688987       3.582089325691956
             0.691796875       3.579046359278172        3.57904635927514
             0.751953125       3.575725995311971        3.57572599531314
             0.812109375       3.572127983658334       3.572127983659152
             0.872265625       3.568252032909625       3.568252032907988
      0.9324218750000001       3.564097805871753       3.564097805872862
             0.992578125       3.559664914923747       3.559664914923754
             1.052734375       3.554952917172467       3.554952917172137
             1.112890625       3.549961309464199       3.549961309463525
             1.173046875       3.544689523377894       3.544689523378183
             1.233203125       3.539136920136561       3.539136920138078
             1.293359375       3.533302785527059       3.533302785524218
             1.353515625        3.52718632483671       3.527186324839901
             1.413671875       3.520786657955591       3.520786657952499
             1.473828125       3.514102814494501        3.51410281449716
             1.533984375       3.507133729211894       3.507133729210296
             1.594140625       3.499878237552983       3.499878237553606
             1.654296875       3.492335071556804       3.492335071555991
             1.714453125       3.484502856028597       3.484502856029855
             1.774609375       3.476380105148537       3.476380105148194
             1.834765625       3.467965219419586       3.467965219419735
             1.894921875       3.459256483218604       3.459256483217566
             1.955078125        3.45025206272432       3.450252062725024
             2.015234375       3.440950004571821       3.440950004571772
             2.075390625       3.431348234988449       3.431348234987699
             2.135546875       3.421444559712492       3.421444559714275
             2.195703125       3.411236664549966       3.411236664549265
             2.255859375       3.400722116716845       3.400722116715766
             2.316015625       3.389898366960602       3.389898366961607
             2.376171875       3.378762752558485       3.378762752557312
             2.436328125        3.36731250108306       3.367312501085102
             2.496484375       3.355544735205124        3.35554473520368
             2.556640625       3.343456478254505       3.343456478254823
             2.616796875       3.331044660902313       3.331044660902561
             2.676953125       3.318306128665158       3.318306128664256
             2.737109375       3.305237650456652       3.305237650458209
             2.797265625       3.291835928148483       3.291835928147552
             2.857421875       3.278097607048196       3.278097607048105
             2.917578125        3.26401928746005       3.264019287460112
             2.977734375       3.249597537146629        3.24959753714665
             3.037890625       3.234828904851082       3.234828904850647
             3.098046875       3.219709934674079        3.21970993467556
             3.158203125       3.204237181471419         3.2042371814705
             3.218359375       3.188407227090693       3.188407227090273
             3.278515625       3.172216697485449        3.17221669748555
             3.338671875       3.155662280678191       3.155662280678534
             3.398828125        3.13874074542585       3.138740745424708
             3.458984375       3.121448960652416        3.12144896065414
             3.519140625       3.103783915530586       3.103783915529038
             3.579296875       3.085742740083815        3.08574274008514
             3.639453125       3.067322726410228       3.067322726409374
             3.699609375       3.048521350193048       3.048521350192682
             3.759765625       3.029336292695658       3.029336292697212
             3.819921875       3.009765462922469       3.009765462919647
             3.880078125       2.989807019968949        2.98980701997171
             3.940234375       2.969459395475068       2.969459395474366
       4.000390625000001       2.948721315961638        2.94872131596085
             4.060546875       2.927591825131239       2.927591825132047
             4.120703125       2.906070305828179       2.906070305828165
             4.180859375       2.884156501735408       2.884156501735893
             4.241015625       2.861850538523643       2.861850538522381
       4.301171875000001       2.839152944498832       2.839152944499483
             4.361328125        2.81606467051795       2.816064670517518
             4.421484375       2.792587109168563       2.792587109169975
             4.481640625       2.768722112948312       2.768722112946455
             4.541796875       2.744472011564166       2.744472011565105
       4.601953125000001       2.719839628030738       2.719839628031691
             4.662109375       2.694828293567398       2.694828293567043
             4.722265625       2.669441861227675       2.669441861227167
             4.782421875       2.643684718079153       2.643684718079596
             4.842578125       2.617561795935162       2.617561795935277
       4.902734375000001       2.591078580485899       2.591078580486796
             4.962890625       2.564241118807462       2.564241118807012
             5.023046875       2.537056025135574       2.537056025135344
             5.083203125       2.509530484901167       2.509530484901936
             5.143359375       2.481672256918182       2.481672256919277
       5.203515625000001       2.453489673677414       2.453489673675421
             5.263671875       2.424991639808297       2.424991639809167
             5.323828125       2.396187628529423       2.396187628528625
             5.383984375       2.367087676210477       2.367087676211601
             5.444140625       2.337702374938282       2.337702374937365
       5.504296875000001       2.308042863148187       2.308042863149022
             5.564453125       2.278120814322109       2.278120814321452
             5.624609375       2.247948423721136       2.247948423722133
             5.684765625       2.217538393297248       2.217538393296321
             5.744921875        2.18690391467161       2.186903914671047
       5.805078125000001       2.156058650371364       2.156058650371771
             5.865234375       2.125016713310738       2.125016713310846
             5.925390625       2.093792644563996       2.093792644564939
             5.985546875       2.062401389587825       2.062401389587958
             6.045703125       2.030858272861434       2.030858272861789
       6.105859375000001       1.999178971177298       1.999178971176137
             6.166015625       1.967379485520393       1.967379485521556
             6.226171875        1.93547611180488       1.935476111806069
             6.286328125       1.903485410418319        1.90348541041623
             6.346484375       1.871424174809904       1.871424174811619
       6.406640625000001       1.839309399222193       1.839309399221057
             6.466796875       1.807158245585315       1.807158245586794
             6.526953125       1.774988009878338       1.774988009877775
             6.587109375       1.742816087923303       1.742816087922137
             6.647265625        1.71065994082892       1.710659940830546
       6.707421875000001       1.678537060228401        1.67853706022807
             6.767578125       1.646464933347374       1.646464933347361
             6.827734375       1.614461008181405       1.614461008180671
             6.887890625       1.582542658747544       1.582542658748881
             6.948046875       1.550727150708693       1.550727150708086
       7.008203125000001        1.51903160731861       1.519031607318048
             7.068359375       1.487472975986553       1.487472975987993
             7.128515625       1.456067995456636       1.456067995456503
             7.188671875       1.424833163741559       1.424833163740474
             7.248828125       1.393784706983649       1.393784706984007
       7.308984375000001       1.362938549260643       1.362938549260798
             7.369140625       1.332310283487347       1.332310283487202
             7.429296875       1.301915143509132       1.301915143509447
             7.489453125       1.271767977419254       1.271767977418691
             7.549609375       1.241883222254611       1.241883222254763
       7.609765625000001       1.212274880082127       1.212274880082205
             7.669921875       1.182956495571694       1.182956495570825
             7.730078125       1.153941135068903       1.153941135069459
             7.790234375       1.125241367307131       1.125241367306665
             7.850390625       1.096869245678118       1.096869245677849
       7.910546875000001        1.06883629219139        1.06883629219268
             7.970703125        1.04115348311366       1.041153483111962
             8.030859375       1.013831236268997       1.013831236269233
       8.091015625000001      0.9868794000907466      0.9868794000906362
       8.151171875000001      0.9603072443520797      0.9603072443525298
             8.211328125      0.9341234525915225      0.9341234525910449
             8.271484375      0.9083361162611487      0.9083361162619812
             8.331640625      0.8829527305047717      0.8829527305051914
       8.391796875000001      0.8579801916127399      0.8579801916125571
       8.451953125000001      0.8334247960709212      0.8334247960713552
             8.512109375      0.8092922411954986      0.8092922411945919
             8.572265625      0.7855876272909748      0.7855876272910076
             8.632421875      0.7623154613089921      0.7623154613092608
       8.692578125000001      0.7394796619074328      0.7394796619075523
       8.752734375000001      0.7170835659255816      0.7170835659242696
             8.812890625      0.6951299361322127       0.695129936133247
             8.873046875      0.6736209702627689      0.6736209702612903
             8.933203125      0.6525583111873388      0.6525583111880757
       8.993359375000001      0.6319430582620889      0.6319430582622507
       9.053515625000001      0.6117757796461678      0.6117757796460537
             9.113671875      0.5920565256398507      0.5920565256401067
             9.173828125      0.5727848428927743       0.572784842892829
             9.233984375      0.5539597894318357      0.5539597894317649
       9.294140625000001      0.5355799504348582      0.5355799504346925
       9.354296875000001      0.5176434546608506      0.5176434546612463
             9.414453125      0.5001479914850649      0.5001479914839656
             9.474609375      0.4830908284135961      0.4830908284139153
             9.534765625      0.4664688291025925      0.4664688291025703
       9.594921875000001      0.4502784716496568      0.4502784716490866
       9.655078125000001      0.4345158672835641      0.4345158672838823
             9.715234375      0.4191767791915906      0.4191767791918586
             9.775390625      0.4042566415680137      0.4042566415675488
             9.835546875      0.3897505787030411      0.3897505787034489
       9.895703125000001      0.3756534241541092      0.3756534241542256
       9.955859375000001      0.3619597398362299      0.3619597398357858
            10.016015625      0.3486638350549948      0.3486638350549838
            10.076171875      0.3357597853855853      0.3357597853856227
            10.136328125      0.3232414513597368      0.3232414513592957
            10.196484375      0.3111024969026224      0.3111024969024329
            10.256640625      0.2993364074857735      0.2993364074863577
            10.316796875      0.2879365079570164       0.287936507956111
            10.376953125       0.276895979972009      0.2768959799717836
            10.437109375      0.2662078790585728      0.2662078790593103
            10.497265625      0.2558651512143729      0.2558651512140331
            10.557421875      0.2458606490357078      0.2458606490362446
            10.617578125       0.236187147381332      0.2361871473812259
            10.677734375      0.2268373584783349      0.2268373584782085
            10.737890625      0.2178039465250589      0.2178039465252526
            10.798046875      0.2090795417241568      0.2090795417240384
            10.858203125      0.2006567537436417       0.200656753743829
            10.918359375      0.1925281846127408       0.192528184612415
            10.978515625      0.1846864410163218      0.1846864410166048
            11.038671875      0.1771241460010655      0.1771241460010867
            11.098828125      0.1698339500817023      0.1698339500815434
            11.158984375      0.1628085417506044      0.1628085417508879
            11.219140625      0.1560406573834011      0.1560406573832618
            11.279296875      0.1495230905574824      0.1495230905574054
            11.339453125      0.1432487007680673      0.1432487007683635
            11.399609375      0.1372104215753789       0.137210421574981
            11.459765625        0.13140126815637      0.1314012681563669
            11.519921875       0.125814344314722       0.125814344315286
            11.580078125      0.1204428489149016      0.1204428489145106
            11.640234375      0.1152800817801986      0.1152800817802551
            11.700390625       0.110319449075116      0.1103194490751444
            11.760546875      0.1055544681527589      0.1055544681531858
            11.820703125      0.1009787719227511      0.1009787719221904
            11.880859375     0.09658611271980766     0.09658611271993744
            11.941015625     0.09237036572999444     0.09237036572994273
            12.001171875     0.08832553194196854     0.08832553194181333
            12.061328125     0.08444574069399249     0.08444574069407659
            12.121484375     0.08072525179382314     0.08072525179340065
            12.181640625     0.07715845725074481     0.07715845725108018
            12.241796875      0.0737398826390081      0.0737398826389041
            12.301953125     0.07046418809420196     0.07046418809419325
            12.362109375     0.06732616898635425     0.06732616898625429
            12.422265625     0.06432075626500977     0.06432075626492656
            12.482421875     0.06144301651382182     0.06144301651401655
            12.542578125     0.05868815171534249      0.0586881517153354
            12.602734375      0.0560514987611245     0.05605149876103682
            12.662890625     0.05352852871171924     0.05352852871151829
            12.723046875     0.05111484582900661     0.05111484582916482
            12.783203125     0.04880618640522717      0.0488061864051617
            12.843359375      0.0465984173823368     0.04659841738233583
            12.903515625     0.04448753481176576     0.04448753481169765
            12.963671875      0.0424696621348771     0.04246966213485375
            13.023828125     0.04054104832786115     0.04054104832796909
            13.083984375     0.03869806590550785     0.03869806590548262
            13.144140625      0.0369372088089683     0.03693720880888028
            13.204296875     0.03525509018526462     0.03525509018546148
            13.264453125     0.03364844007808254     0.03364844007800082
            13.324609375     0.03211410302697805      0.0321141030270475
            13.384765625     0.03064903561053983     0.03064903561047946
            13.444921875     0.02925030391654069     0.02925030391652569
            13.505078125     0.02791508097390169     0.02791508097400015
            13.565234375     0.02664064413928107     0.02664064413918303
            13.625390625     0.02542437245863654     0.02542437245855344
            13.685546875      0.0242637439982323     0.02426374399825354
            13.745703125     0.02315633318713449     0.02315633318712293
            13.805859375      0.0220998080913016      0.0220998080914431
            13.866015625     0.02109192784356458     0.02109192784344632
            13.926171875     0.02013053970024431     0.02013053970027278
            13.986328125     0.01921357705271373     0.01921357705261995
            14.046484375     0.01833905512440374     0.01833905512442068
            14.106640625     0.01750507250318535     0.01750507250324441
            14.166796875     0.01670979814852611     0.01670979814852829
            14.226953125     0.01595149486857439     0.01595149486841375
            14.287109375     0.01522845452028497     0.01522845452029923
            14.347265625     0.01453912854662158     0.01453912854671135
            14.407421875      0.0138818571168807     0.01388185711691349
            14.467578125     0.01325577227508247     0.01325577227505502
            14.527734375     0.01265573157582648     0.01265573157586367
            14.587890625     0.01209308340025757     0.01209308340025134
            14.648046875     0.01156624770052625     0.01156624770056694
            14.708203125     0.01123002073911562     0.01123002073909648
            14.768359375    0.006405559260531065    0.006405559260566686
            14.828515625       172.2963987141585       172.2963987134689
            14.888671875 -1.177493876146675e+197 -1.177493876076636e+197
            14.948828125                    -nan                    -nan
            15.008984375                    -nan                    -nan
            15.069140625                    -nan                    -nan
            15.129296875                    -nan                    -nan
            15.189453125                    -nan                    -nan
            15.249609375                    -nan                    -nan
            15.309765625                    -nan                    -nan
            15.369921875                    -nan                    -nan
            15.430078125                       0                       0
            15.490234375                       0                       0
            15.550390625                       0                       0
            15.610546875                       0                       0
