# File created on Wed Jul  8 11:31:13 2026
# ======================================== 
# = Running code assuming AXISYMMETRY    = 
# ======================================== 
# Data for Inflation GW initial data initial data at coord. time 0.0377973 and proper central time 0.0377973
# Evolved with (264,10,9) gridpoints (including 4 ghosts)
# Evolution with geodesic slicing and constant shift
# using eighth-order spatial differencing with 4 ghost zones 
# data 1 at theta = 0 and phi = 3.14159
# data 2 at theta = 1.5708 and phi = 3.14159
#                      r                    J_Re                    J_Re
#                               (     0,3.14159)        (1.5708,3.14159)
#========================================================================
     -0.1754557291666667       3.997787341808652       3.997787341808652
     -0.1253255208333333       3.998890259150687       3.998890259150687
           -0.0751953125       3.999625709880139        3.99962570988014
    -0.02506510416666667       3.999993487186222       3.999993487186222
     0.02506510416666667       3.999993487186222       3.999993487186222
            0.0751953125        3.99962570988014        3.99962570988014
      0.1253255208333333       3.998890259150687       3.998890259150687
      0.1754557291666667       3.997787341808653       3.997787341808652
            0.2255859375         3.9963172656892         3.9963172656892
      0.2757161458333334       3.994480436810611        3.99448043681061
      0.3258463541666667       3.992277355612254       3.992277355612253
            0.3759765625       3.989708612294143       3.989708612294143
      0.4261067708333334       3.986774881286413       3.986774881286413
      0.4762369791666667       3.983476914881766       3.983476914881767
            0.5263671875       3.979815536069609       3.979815536069609
      0.5764973958333334       3.975791630615796       3.975791630615793
      0.6266276041666667       3.971406138436762       3.971406138436762
            0.6767578125       3.966660044321542       3.966660044321542
      0.7268880208333334       3.961554368060268       3.961554368060267
      0.7770182291666667       3.956090154041672       3.956090154041671
            0.8271484375        3.95026846038647       3.950268460386469
      0.8772786458333334        3.94409034768792       3.944090347687919
      0.9274088541666667        3.93755686743332        3.93755686743332
            0.9775390625       3.930669050185143       3.930669050185142
       1.027669270833333       3.923427893602386       3.923427893602383
       1.077799479166667        3.91583435038517        3.91583435038517
            1.1279296875       3.907889316229578       3.907889316229579
       1.178059895833333       3.899593617879225       3.899593617879225
       1.228190104166667       3.890948001364043       3.890948001364043
            1.2783203125       3.881953120515655       3.881953120515656
       1.328450520833333       3.872609525849643       3.872609525849644
       1.378580729166667       3.862917653908346       3.862917653908346
            1.4287109375        3.85287781715095       3.852877817150951
       1.478841145833333        3.84249019448275       3.842490194482752
       1.528971354166667       3.831754822512409        3.83175482251241
            1.5791015625       3.820671587621445       3.820671587621447
       1.629231770833333       3.809240218930698       3.809240218930698
       1.679361979166667       3.797460282244257       3.797460282244259
            1.7294921875       3.785331175048498       3.785331175048498
       1.779622395833333       3.772852122638854       3.772852122638856
       1.829752604166667       3.760022175441008       3.760022175441009
            1.8798828125       3.746840207592662       3.746840207592662
       1.930013020833333       3.733304916841252       3.733304916841253
       1.980143229166667        3.71941482580792        3.71941482580792
            2.0302734375       3.705168284665602       3.705168284665602
       2.080403645833333       3.690563475264871       3.690563475264874
       2.130533854166667       3.675598416740331       3.675598416740334
            2.1806640625       3.660270972618433       3.660270972618435
       2.230794270833333        3.64457885943973       3.644578859439731
       2.280924479166667       3.628519656902988       3.628519656902989
            2.3310546875       3.612090819526751       3.612090819526751
       2.381184895833333       3.595289689814061       3.595289689814061
       2.431315104166667       3.578113512902664       3.578113512902664
            2.4814453125       3.560559452666868        3.56055945266687
       2.531575520833333       3.542624609231385       3.542624609231386
       2.581705729166667       3.524306037850754       3.524306037850756
            2.6318359375       3.505600769091958        3.50560076909196
       2.681966145833333        3.48650583025616       3.486505830256162
       2.732096354166667       3.467018267961586       3.467018267961588
            2.7822265625       3.447135171804572       3.447135171804573
       2.832356770833333       3.426853699003418       3.426853699003417
       2.882486979166667       3.406171099927348       3.406171099927349
            2.9326171875       3.385084744401308        3.38508474440131
       2.982747395833333        3.36359214867035       3.363592148670354
       3.032877604166667       3.341691002905199       3.341691002905203
            3.0830078125       3.319379199119724       3.319379199119732
       3.133138020833333       3.296654859370763       3.296654859370775
       3.183268229166667       3.273516364102325       3.273516364102336
            3.2333984375       3.249962380493419       3.249962380493431
       3.283528645833333       3.225991890672533        3.22599189067255
       3.333658854166667       3.201604219646116       3.201604219646135
            3.3837890625       3.176799062801177       3.176799062801199
       3.433919270833333       3.151576512835472       3.151576512835494
       3.484049479166667       3.125937085966429       3.125937085966453
            3.5341796875        3.09988174727797       3.099881747277997
       3.584309895833333       3.073411935062348       3.073411935062374
       3.634440104166667       3.046529584019265       3.046529584019294
            3.6845703125       3.019237147174422       3.019237147174458
       3.734700520833333       2.991537616392401       2.991537616392446
       3.784830729166667       2.963434541356655       2.963434541356704
            3.8349609375       2.934932046898602       2.934932046898645
       3.885091145833333       2.906034848568971       2.906034848569013
       3.935221354166667       2.876748266342396        2.87674826634244
            3.9853515625        2.84707823636733       2.847078236367381
       4.035481770833334       2.817031320674312       2.817031320674363
       4.085611979166667       2.786614714763031       2.786614714763088
            4.1357421875       2.755836253011283       2.755836253011348
       4.185872395833334       2.724704411842495       2.724704411842552
       4.236002604166667       2.693228310615225       2.693228310615277
            4.2861328125       2.661417710196844       2.661417710196885
       4.336263020833334       2.629283009204417       2.629283009204449
       4.386393229166667        2.59683523790246       2.596835237902503
            4.4365234375       2.564086049755822        2.56408604975587
       4.486653645833334       2.531047710659784       2.531047710659827
       4.536783854166667       2.497733085864691       2.497733085864744
            4.5869140625       2.464155624636142       2.464155624636192
       4.637044270833334       2.430329342701068       2.430329342701113
       4.687174479166667       2.396268802532492       2.396268802532526
            4.7373046875       2.361989091548217       2.361989091548255
       4.787434895833334       2.327505798302256       2.327505798302314
       4.837565104166667       2.292834986755589       2.292834986755649
            4.8876953125       2.257993168729358       2.257993168729415
       4.937825520833334       2.222997274642659       2.222997274642727
       4.987955729166667       2.187864622654641       2.187864622654708
            5.0380859375       2.152612886332619       2.152612886332695
       5.088216145833334       2.117260060968238       2.117260060968321
       5.138346354166667        2.08182442868845       2.081824428688505
            5.1884765625       2.046324522489734       2.046324522489789
       5.238606770833334       2.010779089345027        2.01077908934508
       5.288736979166667       1.975207052529562       1.975207052529623
            5.3388671875       1.939627473312805       1.939627473312866
       5.388997395833334       1.904059512174149         1.9040595121742
       5.439127604166667       1.868522389684419       1.868522389684472
            5.4892578125       1.833035347216263        1.83303534721632
       5.539388020833334       1.797617607628385       1.797617607628426
       5.589518229166667       1.762288336073396       1.762288336073422
            5.6396484375       1.727066601082405       1.727066601082428
       5.689778645833334       1.691971336065027       1.691971336065037
       5.739908854166667       1.657021301368937       1.657021301368962
            5.7900390625       1.622235047035212       1.622235047035246
       5.840169270833334       1.587630876378862         1.5876308763789
       5.890299479166667         1.5532268105245        1.55322681052451
            5.9404296875        1.51904055401173       1.519040554011724
       5.990559895833334        1.48508946158631         1.4850894615863
       6.040690104166667       1.451390506283126       1.451390506283106
            6.0908203125       1.417960248896233       1.417960248896221
       6.140950520833334       1.384814808930219         1.3848148089302
       6.191080729166667       1.351969837111371        1.35196983711136
            6.2412109375       1.319440489535345       1.319440489535321
       6.291341145833334       1.287241403514494       1.287241403514448
       6.341471354166667       1.255386675182211       1.255386675182169
            6.3916015625       1.223889838902551       1.223889838902515
       6.441731770833334       1.192763848522125       1.192763848522093
       6.491861979166667       1.162021060497206       1.162021060497166
            6.5419921875       1.131673218913705        1.13167321891367
       6.592122395833334       1.101731442417077       1.101731442417059
       6.642252604166667       1.072206213054085       1.072206213054042
            6.6923828125       1.043107367021352       1.043107367021308
       6.742513020833334       1.014444087314226       1.014444087314198
       6.792643229166667       0.986224898249888       0.986224898249872
            6.8427734375      0.9584576618445233      0.9584576618445289
       6.892903645833334      0.9311495760060897      0.9311495760060959
       6.943033854166667      0.9043071745044531       0.904307174504449
            6.9931640625      0.8779363286749331      0.8779363286749265
       7.043294270833334        0.85204225079761      0.8520422507975838
       7.093424479166667      0.8266294991013612      0.8266294991013218
            7.1435546875      0.8017019843251543      0.8017019843251076
       7.193684895833334      0.7772629777728743      0.7772629777728036
       7.243815104166667      0.7533151207915021      0.7533151207914455
            7.2939453125      0.7298604355959639      0.7298604355959208
       7.344075520833334      0.7069003373665196      0.7069003373664682
       7.394205729166667      0.6844356475377763      0.6844356475377231
            7.4443359375      0.6624666081979906       0.662466608197944
       7.494466145833334      0.6409928975165488      0.6409928975165076
       7.544596354166667      0.6200136461141401      0.6200136461141139
            7.5947265625      0.5995274542921749      0.5995274542921654
       7.644856770833334      0.5795324100352255      0.5795324100352017
       7.694986979166667      0.5600261077021007      0.5600261077020432
            7.7451171875      0.5410056673219846      0.5410056673219182
       7.795247395833334      0.5224677544107376      0.5224677544106728
       7.845377604166667       0.504408600226491      0.5044086002264241
            7.8955078125      0.4868240223825905       0.486824022382538
       7.945638020833334      0.4697094457408154      0.4697094457407733
       7.995768229166667      0.4530599235075362      0.4530599235074909
            8.0458984375      0.4368701584577491      0.4368701584577122
       8.096028645833334       0.421134524217969      0.4211345242179299
       8.146158854166668      0.4058470865366087      0.4058470865365651
            8.1962890625      0.3910016244781233       0.391001624478082
       8.246419270833334      0.3765916514783204      0.3765916514782799
       8.296549479166668      0.3626104362007018      0.3626104362006627
            8.3466796875      0.3490510231398615      0.3490510231398215
       8.396809895833334      0.3359062529179531      0.3359062529179107
       8.446940104166668      0.3231687822273782      0.3231687822273208
            8.4970703125      0.3108311033737334      0.3108311033736845
       8.547200520833334       0.298885563377904      0.2988855633778731
       8.597330729166668      0.2873243825999886      0.2873243825999612
            8.6474609375      0.2761396728501854      0.2761396728501696
       8.697591145833334      0.2653234549572017      0.2653234549571958
       8.747721354166668      0.2548676757663187      0.2548676757663104
            8.7978515625      0.2447642245438359      0.2447642245438386
       8.847981770833334      0.2350049487683152      0.2350049487683306
       8.898111979166668      0.2255816692907141      0.2255816692907289
            8.9482421875      0.2164861948502356      0.2164861948502475
       8.998372395833334      0.2077103359359874      0.2077103359359838
       9.048502604166668      0.1992459179850726      0.1992459179850675
            9.0986328125      0.1910847939138017      0.1910847939138019
       9.148763020833334      0.1832188559790023      0.1832188559790077
       9.198893229166668       0.175640046969482      0.1756400469694924
            9.2490234375      0.1683403707312591      0.1683403707312663
       9.299153645833334      0.1613119020304263      0.1613119020304331
       9.349283854166668      0.1545467957612927      0.1545467957612962
            9.3994140625      0.1480372955082927      0.1480372955082879
       9.449544270833334      0.1417757414725671      0.1417757414725647
       9.499674479166668       0.135754577775534      0.1357545777755309
            9.5498046875      0.1299663591528953      0.1299663591528867
       9.599934895833334      0.1244037570546093      0.1244037570546056
       9.650065104166668      0.1190595651665981      0.1190595651665993
            9.7001953125      0.1139267043718908      0.1139267043719004
       9.750325520833334      0.1089982271693515      0.1089982271693405
       9.800455729166668      0.1042673215685792      0.1042673215685541
            9.8505859375     0.09972731448119813     0.09972731448118236
       9.900716145833334     0.09537167462822049     0.09537167462820298
       9.950846354166668     0.09119401498413682     0.09119401498410443
           10.0009765625     0.08718809477862893     0.08718809477860254
       10.05110677083333     0.08334782107706105     0.08334782107704131
       10.10123697916667     0.07966724996051798     0.07966724996048601
           10.1513671875     0.07614058732669943     0.07614058732667549
       10.20149739583333     0.07276218933305646     0.07276218933303594
       10.25162760416667      0.0695265625023728      0.0695265625023548
           10.3017578125     0.06642836351192115     0.06642836351190706
       10.35188802083333     0.06346239868649836     0.06346239868648301
       10.40201822916667      0.0606236232150865     0.06062362321506704
           10.4521484375     0.05790714011091783     0.05790714011089772
       10.50227864583333     0.05530819893407533     0.05530819893406582
       10.55240885416667     0.05282219429501226     0.05282219429500044
           10.6025390625     0.05044466415721195     0.05044466415719419
       10.65266927083333     0.04817128795646639     0.04817128795645034
       10.70279947916667     0.04599788455356302     0.04599788455355283
           10.7529296875      0.0439204100367797     0.04392041003677255
       10.80305989583333     0.04193495538957282     0.04193495538956717
       10.85319010416667      0.0400377440386316     0.04003774403862866
           10.9033203125     0.03822512929648743     0.03822512929648327
       10.95345052083333     0.03649359171226926     0.03649359171226488
       11.00358072916667     0.03483973634362504      0.0348397363436269
           11.0537109375     0.03326028996204501     0.03326028996204389
       11.10384114583333     0.03175209820314454     0.03175209820314055
       11.15397135416667     0.03031212267289564     0.03031212267289524
           11.2041015625      0.0289374380201246     0.02893743802011618
       11.25423177083333     0.02762522898480434     0.02762522898479319
       11.30436197916667      0.0263727874312961     0.02637278743129178
           11.3544921875     0.02517750937473026     0.02517750937472872
       11.40462239583333     0.02403689200886025     0.02403689200885473
       11.45475260416667     0.02294853074103616     0.02294853074102755
           11.5048828125     0.02191011624517331     0.02191011624516811
       11.55501302083333     0.02091943152804479     0.02091943152804175
       11.60514322916667     0.01997434904183263     0.01997434904182977
           11.6552734375     0.01907282777851442     0.01907282777851174
       11.70540364583333     0.01821291052719013     0.01821291052718321
       11.75553385416667     0.01739272085142412     0.01739272085141494
           11.8056640625     0.01661046091966789     0.01661046091966321
       11.85579427083333      0.0158644073472173     0.01586440734721926
       11.90592447916667      0.0151529121986644     0.01515291219866381
           11.9560546875     0.01447439125238981     0.01447439125238592
       12.00618489583333     0.01382734424889383     0.01382734424889352
       12.05631510416667     0.01321029570935248     0.01321029570935659
           12.1064453125     0.01262193317135632     0.01262193317136049
       12.15657552083333      0.0120607567377747     0.01206075673777686
       12.20670572916667      0.0115259359229094     0.01152593592290967
           12.2568359375     0.01101519216931961     0.01101519216931873
       12.30696614583333     0.01052999152392401      0.0105299915239226
       12.35709635416667     0.01006281572811326     0.01006281572810962
           12.4072265625    0.009628263428084163    0.009628263428082448
       12.45735677083333    0.009187224554570161    0.009187224554567441
       12.50748697916667    0.008831405140183504    0.008831405140178383
           12.5576171875    0.008335498538783527    0.008335498538782102
       12.60774739583333    0.008239894905090245     0.00823989490509042
       12.65787760416667    0.004660804159438304    0.004660804159435924
           12.7080078125      0.3899201375795598      0.3899201375794826
       12.75813802083333       95.22585158460024       95.22585158459896
       12.80826822916667       710742.1099375756       710742.1099375751
           12.8583984375                       0                       0
       12.90852864583333                       0                       0
       12.95865885416667                       0                       0
           13.0087890625                       0                       0
