# File created on Wed Jul  8 11:31:14 2026
# ======================================== 
# = Running code assuming AXISYMMETRY    = 
# ======================================== 
# Data for Inflation GW initial data initial data at coord. time 0.163788 and proper central time 0.163788
# Evolved with (264,10,9) gridpoints (including 4 ghosts)
# Evolution with geodesic slicing and constant shift
# using eighth-order spatial differencing with 4 ghost zones 
# data 1 at theta = 0 and phi = 3.14159
# data 2 at theta = 1.5708 and phi = 3.14159
#                      r                    J_Re                    J_Re
#                               (     0,3.14159)        (1.5708,3.14159)
#========================================================================
     -0.1754557291666667       3.692710220284703       3.692710220287234
     -0.1253255208333333       3.692222385508271       3.692222385505623
           -0.0751953125       3.693253028388115       3.693253028389158
    -0.02506510416666667       3.696268097026091       3.696268097017708
     0.02506510416666667       3.696268097009327       3.696268097017709
            0.0751953125       3.693253028390201       3.693253028389158
      0.1253255208333333       3.692222385502975       3.692222385505623
      0.1754557291666667       3.692710220289765       3.692710220287234
            0.2255859375       3.691631857719789       3.691631857723198
      0.2757161458333334       3.690098465765312       3.690098465762219
      0.3258463541666667       3.688647860984233       3.688647860987856
            0.3759765625       3.687086202771163       3.687086202767132
      0.4261067708333334       3.685371350316837       3.685371350319565
      0.4762369791666667       3.683478310174467       3.683478310173858
            0.5263671875       3.681394280412255       3.681394280413675
      0.5764973958333334       3.679112937607358       3.679112937603827
      0.6266276041666667        3.67663087313579       3.676630873139474
            0.6767578125       3.673946179126486       3.673946179124634
      0.7268880208333334       3.671057737795237       3.671057737796473
      0.7770182291666667       3.667964867404312       3.667964867402331
            0.8271484375        3.66466713147321       3.664667131474407
      0.8772786458333334       3.661164233378382       3.661164233378219
      0.9274088541666667       3.657455955235042       3.657455955234466
            0.9775390625       3.653542120868494       3.653542120870557
       1.027669270833333         3.6494225724832       3.649422572480207
       1.077799479166667       3.645097155029166       3.645097155031367
            1.1279296875       3.640565705454742       3.640565705454882
       1.178059895833333       3.635828044633768       3.635828044631299
       1.228190104166667       3.630883971258392       3.630883971261359
            1.2783203125       3.625733256763895       3.625733256761204
       1.328450520833333       3.620375641107492        3.62037564110938
       1.378580729166667       3.614810829060845       3.614810829059096
            1.4287109375       3.609038486811083       3.609038486813346
       1.478841145833333       3.603058238976848       3.603058238976096
       1.528971354166667        3.59686966572439       3.596869665723586
            1.5791015625       3.590472300168212       3.590472300168585
       1.629231770833333       3.583865625976781       3.583865625976959
       1.679361979166667       3.577049075058813       3.577049075058675
            1.7294921875       3.570022025550832       3.570022025551959
       1.779622395833333       3.562783799863327       3.562783799860683
       1.829752604166667       3.555333663025507       3.555333663028701
            1.8798828125        3.54767082117039       3.547670821167924
       1.930013020833333        3.53979442023749       3.539794420237838
       1.980143229166667       3.531703544984238       3.531703544983911
            2.0302734375       3.523397218059003       3.523397218062204
       2.080403645833333       3.514874399562844       3.514874399558941
       2.130533854166667       3.506133986618685       3.506133986620895
            2.1806640625       3.497174813428579       3.497174813429134
       2.230794270833333       3.487995651534709        3.48799565153127
       2.280924479166667       3.478595210352189        3.47859521035556
            2.3310546875         3.4689721381113       3.468972138109818
       2.381184895833333       3.459125022977009       3.459125022976412
       2.431315104166667       3.449052394655922       3.449052394657063
            2.4814453125        3.43875272622946       3.438752726230154
       2.531575520833333       3.428224436416215       3.428224436414661
       2.581705729166667       3.417465892126136       3.417465892127893
            2.6318359375       3.406475411441483       3.406475411440672
       2.681966145833333       3.395251266893321       3.395251266891087
       2.732096354166667       3.383791689116332       3.383791689120339
            2.7822265625       3.372094870982923       3.372094870979099
       2.832356770833333       3.360158971893721       3.360158971895483
       2.882486979166667       3.347982122732209       3.347982122731951
            2.9326171875       3.335562430822982       3.335562430823128
       2.982747395833333       3.322897985618303       3.322897985619149
       3.032877604166667       3.309986864461482       3.309986864459186
            3.0830078125       3.296827138805853       3.296827138808807
       3.133138020833333       3.283416880861914       3.283416880859923
       3.183268229166667       3.269754170377434       3.269754170378484
            3.2333984375       3.255837101927206       3.255837101925237
       3.283528645833333       3.241663792339189       3.241663792341187
       3.333658854166667        3.22723238857611       3.227232388576421
            3.3837890625       3.212541075712176       3.212541075710953
       3.433919270833333       3.197588085307328       3.197588085307256
       3.484049479166667       3.182371703970351       3.182371703970779
            3.5341796875       3.166890282041562       3.166890282042389
       3.584309895833333       3.151142242657176         3.1511422426549
       3.634440104166667       3.135126090734865       3.135126090736188
            3.6845703125       3.118840422327382       3.118840422326899
       3.734700520833333       3.102283933943678       3.102283933942836
       3.784830729166667       3.085455431987521       3.085455431990688
            3.8349609375       3.068353842311605       3.068353842308121
       3.885091145833333       3.050978219671148       3.050978219673048
       3.935221354166667       3.033327757326053       3.033327757327069
            3.9853515625       3.015401796485351       3.015401796483048
       4.035481770833334       2.997199835730578       2.997199835731318
       4.085611979166667       2.978721540360788       2.978721540361702
            4.1357421875       2.959966751586121       2.959966751583907
       4.185872395833334       2.940935495509581        2.94093549551211
       4.236002604166667        2.92162799199861       2.921627991998417
            4.2861328125       2.902044663271801       2.902044663271835
       4.336263020833334       2.882186142192884       2.882186142191186
       4.386393229166667       2.862053280367131       2.862053280367231
            4.4365234375       2.841647155792861       2.841647155794482
       4.486653645833334       2.820969080245538       2.820969080244781
       4.536783854166667        2.80002060619559       2.800020606195451
            4.5869140625       2.778803533384634       2.778803533385109
       4.637044270833334       2.757319914876847       2.757319914876782
       4.687174479166667       2.735572062695638       2.735572062696853
            4.7373046875       2.713562552895237       2.713562552892992
       4.787434895833334       2.691294230173217       2.691294230175878
       4.837565104166667       2.668770211865912       2.668770211864023
            4.8876953125       2.645993891428958       2.645993891430446
       4.937825520833334       2.622968941267783       2.622968941267973
       4.987955729166667       2.599699314989858       2.599699314988969
            5.0380859375       2.576189249025832       2.576189249029257
       5.088216145833334       2.552443263623796       2.552443263619181
       5.138346354166667       2.528466163078305       2.528466163081142
            5.1884765625       2.504263035538967       2.504263035538926
       5.238606770833334       2.479839251833396       2.479839251831993
       5.288736979166667       2.455200463844712       2.455200463844968
            5.3388671875       2.430352602121038       2.430352602121006
       5.388997395833334       2.405301872795661       2.405301872797323
       5.439127604166667       2.380054753844864       2.380054753841974
            5.4892578125       2.354617990659194       2.354617990663394
       5.539388020833334       2.328998590948443       2.328998590944841
       5.589518229166667       2.303203818936101       2.303203818939298
            5.6396484375       2.277241189016436       2.277241189012901
       5.689778645833334        2.25111845858234       2.251118458583695
       5.739908854166667       2.224843620469948       2.224843620470708
            5.7900390625       2.198424894549055       2.198424894547701
       5.840169270833334       2.171870718895253        2.17187071889595
       5.890299479166667       2.145189740322163       2.145189740321609
            5.9404296875       2.118390804366589       2.118390804368493
       5.990559895833334       2.091482944791654       2.091482944791653
       6.040690104166667       2.064475372568048       2.064475372566754
            6.0908203125       2.037377464392967       2.037377464394144
       6.140950520833334       2.010198750785607       2.010198750785785
       6.191080729166667       1.982948903751515       1.982948903751637
            6.2412109375       1.955637724131935       1.955637724132278
       6.291341145833334       1.928275128566016       1.928275128564806
       6.341471354166667       1.900871136149806       1.900871136151537
            6.3916015625        1.87343585492598       1.873435854924407
       6.441731770833334       1.845979467954489       1.845979467955444
       6.491861979166667       1.818512219411069       1.818512219411709
            6.5419921875       1.791044400358994       1.791044400358313
       6.592122395833334       1.763586334501228       1.763586334501526
       6.642252604166667       1.736148363824196       1.736148363824893
            6.6923828125       1.708740834207322       1.708740834206514
       6.742513020833334        1.68137408102021       1.681374081020217
       6.792643229166667       1.654058414737323       1.654058414738501
            6.8427734375       1.626804106720338       1.626804106717679
       6.892903645833334       1.599621374931683       1.599621374935103
       6.943033854166667       1.572520370024104       1.572520370020881
            6.9931640625       1.545511161398926       1.545511161400765
       7.043294270833334       1.518603723624769       1.518603723625293
       7.093424479166667       1.491807922994244       1.491807922994048
            7.1435546875       1.465133504470824       1.465133504470536
       7.193684895833334       1.438590078867856       1.438590078868285
       7.243815104166667       1.412187110389024       1.412187110388124
            7.2939453125       1.385933904575275       1.385933904574226
       7.344075520833334       1.359839596578627       1.359839596581495
       7.394205729166667       1.333913139915479       1.333913139913072
            7.4443359375       1.308163295630865        1.30816329563173
       7.494466145833334       1.282598621945257       1.282598621945272
       7.544596354166667       1.257227464400058       1.257227464399985
            7.5947265625       1.232057946475001       1.232057946475158
       7.644856770833334       1.207097960738451       1.207097960736987
       7.694986979166667       1.182355160540845       1.182355160541767
            7.7451171875       1.157836952254902       1.157836952253974
       7.795247395833334       1.133550488062418       1.133550488063142
       7.845377604166667       1.109502659324767       1.109502659325856
            7.8955078125        1.08570009053595       1.085700090534027
       7.945638020833334        1.06214913379295       1.062149133793236
       7.995768229166667       1.038855863932265       1.038855863932729
            8.0458984375       1.015826074226974       1.015826074225822
       8.096028645833334      0.9930652725909925      0.9930652725909515
       8.146158854166668      0.9705786785077408      0.9705786785085708
            8.1962890625      0.9483712204365039      0.9483712204355034
       8.246419270833334       0.926447533775331      0.9264475337770834
       8.296549479166668      0.9048119594918673      0.9048119594909154
            8.3466796875      0.8834685432143429       0.883468543216066
       8.396809895833334      0.8624210349376533      0.8624210349372743
       8.446940104166668      0.8416728892209362      0.8416728892206404
            8.4970703125      0.8212272659612685       0.821227265960909
       8.547200520833334      0.8010870316237189      0.8010870316232819
       8.597330729166668      0.7812547610061079      0.7812547610070628
            8.6474609375      0.7617327394961925      0.7617327394953302
       8.697591145833334      0.7425229657397162      0.7425229657398036
       8.747721354166668      0.7236271548350545      0.7236271548340099
            8.7978515625      0.7050467418980342      0.7050467418982294
       8.847981770833334       0.686782886046555      0.6867828860465615
       8.898111979166668      0.6688364748112847      0.6688364748111845
            8.9482421875      0.6512081288709086      0.6512081288711427
       8.998372395833334      0.6338982071799469       0.633898207179164
       9.048502604166668      0.6169068123889695      0.6169068123903466
            9.0986328125      0.6002337966342075      0.6002337966339377
       9.148763020833334        0.58387876751394      0.5838787675133977
       9.198893229166668      0.5678410944344982      0.5678410944356245
            9.2490234375      0.5521199151445305      0.5521199151442866
       9.299153645833334       0.536714142491411      0.5367141424906209
       9.349283854166668      0.5216224714054118       0.521622471405117
            9.3994140625      0.5068433860504185      0.5068433860506982
       9.449544270833334       0.492375167112674       0.492375167111922
       9.499674479166668      0.4782158992591343      0.4782158992595658
            9.5498046875       0.464363478697602      0.4643634786971351
       9.599934895833334      0.4508156208245813      0.4508156208247029
       9.650065104166668      0.4375698679767972      0.4375698679767998
            9.7001953125      0.4246235972115012       0.424623597212307
       9.750325520833334      0.4119740281364644      0.4119740281358181
       9.800455729166668      0.3996182307633787      0.3996182307637811
            9.8505859375      0.3875531333690706       0.387553133367935
       9.900716145833334      0.3757755303233228      0.3757755303243024
       9.950846354166668       0.364282089911149      0.3642820899110939
           10.0009765625      0.3530693620913117      0.3530693620910808
       10.05110677083333      0.3421337861990756      0.3421337861981052
       10.10123697916667      0.3314716985690128        0.33147169857003
           10.1513671875      0.3210793401015014      0.3210793401007596
       10.20149739583333      0.3109528636539242      0.3109528636541734
       10.25162760416667      0.3010883414162367      0.3010883414160064
           10.3017578125      0.2914817720849918      0.2914817720841038
       10.35188802083333      0.2821290879294291      0.2821290879304884
       10.40201822916667      0.2730261617316095      0.2730261617310735
           10.4521484375      0.2641688135342065      0.2641688135341754
       10.50227864583333       0.255552817265297      0.2555528172655753
       10.55240885416667      0.2471739071718714      0.2471739071719796
           10.6025390625      0.2390277840856208      0.2390277840857886
       10.65266927083333      0.2311101215020848      0.2311101215017665
       10.70279947916667      0.2234165714785616      0.2234165714789871
           10.7529296875      0.2159427703491859      0.2159427703492117
       10.80305989583333      0.2086843442191493      0.2086843442190923
       10.85319010416667      0.2016369142922171      0.2016369142920364
           10.9033203125      0.1947961019757635      0.1947961019757438
       10.95345052083333       0.188157533796413      0.1881575337966266
       11.00358072916667      0.1817168460990756      0.1817168460984524
           11.0537109375      0.1754696895520646       0.175469689552964
       11.10384114583333      0.1694117334515975      0.1694117334512147
       11.15397135416667      0.1635386697993925      0.1635386697997951
           11.2041015625      0.1578462172063579      0.1578462172060378
       11.25423177083333       0.152330124567107      0.1523301245672092
       11.30436197916667      0.1469861745542319      0.1469861745543816
           11.3544921875      0.1418101869001986      0.1418101868999355
       11.40462239583333      0.1367980214865137      0.1367980214863619
       11.45475260416667      0.1319455812454562      0.1319455812453237
           11.5048828125      0.1272488148632894      0.1272488148636389
       11.55501302083333       0.122703719301923      0.1227037193020621
       11.60514322916667       0.118306342130503       0.118306342130255
           11.6552734375      0.1140527836915778      0.1140527836919251
       11.70540364583333      0.1099391990741382      0.1099391990738834
       11.75553385416667      0.1059617999363516      0.1059617999368016
           11.8056640625      0.1021168561166513      0.1021168561164754
       11.85579427083333     0.09840069721876246     0.09840069721828858
       11.90592447916667     0.09480971442068457       0.094809714420792
           11.9560546875     0.09134035509893006      0.0913403550990339
       12.00618489583333     0.08798915266028083     0.08798915266029125
       12.05631510416667     0.08475272534815922      0.0847527253477868
           12.1064453125     0.08162705406331228     0.08162705406359028
       12.15657552083333     0.07861181460536096       0.078611814604792
       12.20670572916667     0.07570151189733185     0.07570151189770118
           12.2568359375      0.0728469007016342     0.07284690070152897
       12.30696614583333     0.07032420296173789     0.07032420296187497
       12.35709635416667     0.06747358304485657     0.06747358304469336
           12.4072265625     0.06335954688583303     0.06335954688579329
       12.45735677083333     0.07139619552789059     0.07139619552774706
       12.50748697916667     0.04304576496810422     0.04304576496838192
           12.5576171875     0.05880510295333304     0.05880510295324751
       12.60774739583333       0.537765225297223      0.5377652252961156
       12.65787760416667      -7.446380079530731      -7.446380079526021
           12.7080078125       268.5687937610976       268.5687937610388
       12.75813802083333      -2500.496975084267      -2500.496975083975
       12.80826822916667       3670.264781163401       3670.264781162899
           12.8583984375                       0                       0
       12.90852864583333                       0                       0
       12.95865885416667                       0                       0
           13.0087890625                       0                       0
