# File created on Tue Jul  7 15:36:44 2026
# ======================================== 
# = Running code assuming AXISYMMETRY    = 
# ======================================== 
# Data for Inflation GW initial data initial data at coord. time 0 and proper central time 0
# Evolved with (136,10,9) gridpoints (including 4 ghosts)
# Evolution with geodesic slicing and constant shift
# using eighth-order spatial differencing with 4 ghost zones 
# data 1 at theta = 0 and phi = 3.14159
# data 2 at theta = 1.5708 and phi = 3.14159
#                      r                    J_Re                    J_Re
#                               (     0,3.14159)        (1.5708,3.14159)
#========================================================================
               -0.546875   1.811057050711095e-10   1.811057050711094e-10
               -0.390625   4.396800303574261e-11    4.39680030357426e-11
               -0.234375   9.330258363178686e-13   9.330258363178676e-13
               -0.078125  -1.624056027554681e-12  -1.624056027554681e-12
                0.078125  -1.624056027554682e-12  -1.624056027554681e-12
                0.234375   9.330258363178665e-13   9.330258363178676e-13
                0.390625   4.396800303574257e-11   4.396800303574259e-11
                0.546875   1.811057050711093e-10   1.811057050711094e-10
                0.703125   2.834006317054719e-10   2.834006317054719e-10
                0.859375   2.381677641642184e-10   2.381677641642183e-10
                1.015625   1.281213973115908e-10   1.281213973115909e-10
                1.171875   5.033279013888622e-11   5.033279013888614e-11
                1.328125   1.636466972837703e-11   1.636466972837689e-11
                1.484375   4.985302152051431e-12   4.985302152051423e-12
                1.640625   1.586010081223875e-12   1.586010081223872e-12
                1.796875   5.654615696677116e-13    5.65461569667705e-13
                1.953125    2.31043889813462e-13   2.310438898134696e-13
                2.109375   1.066120228186799e-13    1.06612022818683e-13
                2.265625   5.395251198739429e-14   5.395251198739272e-14
                2.421875   2.915459582678572e-14   2.915459582678614e-14
                2.578125   1.652060963262039e-14   1.652060963262189e-14
                2.734375   9.712598387020483e-15   9.712598387021442e-15
                2.890625   5.887679097961034e-15   5.887679097961249e-15
                3.046875    3.66550884764311e-15   3.665508847643069e-15
                3.203125   2.336967261246605e-15   2.336967261246565e-15
                3.359375   1.522266038175924e-15    1.52226603817591e-15
                3.515625    1.01110159842777e-15   1.011101598427814e-15
                3.671875   6.836402708617382e-16   6.836402708617832e-16
                3.828125   4.698341137675094e-16   4.698341137675323e-16
                3.984375   3.277770264027985e-16   3.277770264028157e-16
                4.140625   2.318611757582612e-16   2.318611757582642e-16
                4.296875   1.661297303180033e-16   1.661297303179794e-16
                4.453125   1.204587970026838e-16   1.204587970026461e-16
                4.609375   8.831708483784751e-17   8.831708483782689e-17
                4.765625   6.542517233764416e-17   6.542517233764257e-17
                4.921875   4.893831143891937e-17   4.893831143892407e-17
                5.078125   3.693977098900336e-17   3.693977098900947e-17
                5.234375   2.812170589135441e-17   2.812170589135751e-17
                5.390625   2.158109583432245e-17   2.158109583432335e-17
                5.546875   1.668747331248878e-17    1.66874733124913e-17
                5.703125   1.299602027793064e-17   1.299602027793323e-17
                5.859375   1.018978677136993e-17   1.018978677136973e-17
                6.015625   8.040819433647567e-18   8.040819433645942e-18
                6.171875   6.383712649258131e-18   6.383712649257103e-18
                6.328125   5.097441998750755e-18   5.097441998751013e-18
                6.484375   4.092747274098518e-18   4.092747274099077e-18
                6.640625   3.303297690299403e-18   3.303297690299331e-18
                6.796875   2.679446201580181e-18   2.679446201579281e-18
                6.953125    2.18377806064488e-18   2.183778060643967e-18
                7.109375   1.787912656689055e-18    1.78791265668886e-18
                7.265625   1.470186743132436e-18    1.47018674313246e-18
                7.421875   1.213966916806238e-18   1.213966916805975e-18
                7.578125   1.006407516414535e-18   1.006407516414221e-18
                7.734375   8.375349685180424e-19   8.375349685179122e-19
                7.890625   6.995641109982027e-19   6.995641109981849e-19
                8.046875   5.863880114925001e-19   5.863880114925217e-19
                8.203125   4.931926400017128e-19   4.931926400018117e-19
                8.359375    4.16165823037817e-19   4.161658230380592e-19
                8.515625   3.522752783354648e-19   3.522752783357373e-19
                8.671875   2.990983165705442e-19   2.990983165707345e-19
                8.828125   2.546917953038053e-19   2.546917953039025e-19
                8.984375   2.174906066527483e-19   2.174906066527687e-19
                9.140625   1.862294965594183e-19   1.862294965594067e-19
                9.296875   1.598816938625521e-19   1.598816938625549e-19
                9.453125   1.376110108952253e-19   1.376110108952425e-19
                9.609375   1.187341405703285e-19   1.187341405703567e-19
                9.765625   1.026908312533857e-19   1.026908312534384e-19
                9.921875    8.90201753339807e-20   8.902017533403734e-20
               10.078125   7.734186597182842e-20   7.734186597185687e-20
               10.234375   6.734114063985117e-20   6.734114063985364e-20
               10.390625   5.875670684172704e-20    5.87567068417281e-20
               10.546875   5.137105291485889e-20   5.137105291488142e-20
               10.703125   4.500257079201018e-20   4.500257079205688e-20
               10.859375    3.94992971093282e-20   3.949929710937044e-20
               11.015625   3.473367066807066e-20   3.473367066808305e-20
               11.171875   3.059838392917269e-20    3.05983839291627e-20
               11.328125   2.700292462722986e-20   2.700292462721765e-20
               11.484375   2.387080306805024e-20   2.387080306804028e-20
               11.640625   2.113716313760819e-20   2.113716313758872e-20
               11.796875   1.874694825124304e-20   1.874694825121146e-20
               11.953125   1.665330290482764e-20   1.665330290479309e-20
               12.109375   1.481623338314631e-20   1.481623338312073e-20
               12.265625   1.320159378957359e-20   1.320159378956134e-20
               12.421875   1.178010588601092e-20   1.178010588600311e-20
               12.578125   1.052665789920452e-20   1.052665789919735e-20
               12.734375   9.419663506421976e-21   9.419663506419051e-21
               12.890625   8.440508809033354e-21   8.440508809037889e-21
               13.046875   7.573143239394187e-21   7.573143239403624e-21
               13.203125   6.803681802531058e-21   6.803681802538834e-21
               13.359375   6.120111034866098e-21   6.120111034869569e-21
               13.515625   5.511992246401161e-21   5.511992246399219e-21
               13.671875    4.97027594359197e-21   4.970275943586528e-21
               13.828125    4.48707175183767e-21   4.487071751831966e-21
               13.984375   4.055509292428835e-21   4.055509292424309e-21
               14.140625   3.669575407757732e-21   3.669575407756073e-21
               14.296875   3.324029398887702e-21   3.324029398890488e-21
               14.453125   3.014258750706838e-21   3.014258750713075e-21
               14.609375   2.736231863544625e-21   2.736231863551326e-21
               14.765625   2.486406390082464e-21   2.486406390088211e-21
               14.921875   2.261661932644857e-21   2.261661932650405e-21
               15.078125   2.059256731541524e-21   2.059256731546609e-21
               15.234375   1.876775959014645e-21   1.876775959018385e-21
               15.390625   1.712083006615945e-21   1.712083006618135e-21
               15.546875   1.563295300182626e-21   1.563295300183614e-21
               15.703125   1.428738393044551e-21   1.428738393045341e-21
               15.859375   1.306934288433513e-21   1.306934288434935e-21
               16.015625   1.196562923262894e-21   1.196562923264385e-21
               16.171875   1.096456315852381e-21    1.09645631585293e-21
               16.328125   1.005569525122432e-21   1.005569525121942e-21
               16.484375   9.229784766344904e-22   9.229784766330825e-22
               16.640625   8.478520051841618e-22    8.47852005182477e-22
               16.796875   7.794558772146485e-22   7.794558772135276e-22
               16.953125   7.171315339373741e-22   7.171315339373898e-22
               17.109375   6.602913459824366e-22    6.60291345983536e-22
               17.265625   6.084094272318138e-22   6.084094272332349e-22
               17.421875    5.61018276755523e-22   5.610182767564818e-22
               17.578125   5.176891554046506e-22   5.176891554049685e-22
               17.734375   4.780576527250947e-22   4.780576527251229e-22
               17.890625   4.417503623589661e-22   4.417503623587846e-22
               18.046875   4.085271034218527e-22   4.085271034215393e-22
               18.203125   3.779679500943819e-22   3.779679500941318e-22
               18.359375   3.501247093775307e-22   3.501247093774495e-22
               18.515625   3.241318087244159e-22   3.241318087243837e-22
               18.671875   3.011329644909408e-22    3.01132964490916e-22
               18.828125   2.781070879733906e-22   2.781070879734187e-22
               18.984375   2.608697547570391e-22   2.608697547569713e-22
               19.140625   2.366633310955391e-22   2.366633310952635e-22
               19.296875   2.319735555497339e-22   2.319735555492331e-22
               19.453125   1.907925958963195e-22   1.907925958958552e-22
               19.609375   2.354348877634253e-22   2.354348877630418e-22
               19.765625   1.187863605992156e-22   1.187863605990748e-22
               19.921875   3.164217147239025e-22   3.164217147236208e-22
               20.078125                       0                       0
               20.234375                       0                       0
               20.390625                       0                       0
               20.546875                       0                       0
