# File created on Wed Jul  8 11:31:12 2026
# ======================================== 
# = Running code assuming AXISYMMETRY    = 
# ======================================== 
# Data for Inflation GW initial data initial data at coord. time 0.0377973 and proper central time 0.0377973
# Evolved with (264,10,9) gridpoints (including 4 ghosts)
# Evolution with geodesic slicing and constant shift
# using eighth-order spatial differencing with 4 ghost zones 
# data 1 at theta = 0 and phi = 3.14159
# data 2 at theta = 1.5708 and phi = 3.14159
#                      r                    J_Re                    J_Re
#                               (     0,3.14159)        (1.5708,3.14159)
#========================================================================
            -0.210546875       3.997787341808652       3.997787341808652
            -0.150390625       3.998890259150687       3.998890259150687
    -0.09023437500000001       3.999625709880139        3.99962570988014
            -0.030078125       3.999993487186222       3.999993487186222
             0.030078125       3.999993487186222       3.999993487186222
     0.09023437500000001        3.99962570988014        3.99962570988014
             0.150390625       3.998890259150687       3.998890259150687
             0.210546875       3.997787341808653       3.997787341808652
             0.270703125         3.9963172656892         3.9963172656892
             0.330859375       3.994480436810611        3.99448043681061
             0.391015625       3.992277355612254       3.992277355612253
             0.451171875       3.989708612294143       3.989708612294143
             0.511328125       3.986774881286413       3.986774881286413
             0.571484375       3.983476914881766       3.983476914881767
      0.6316406250000001       3.979815536069609       3.979815536069609
             0.691796875       3.975791630615796       3.975791630615793
             0.751953125       3.971406138436762       3.971406138436762
             0.812109375       3.966660044321542       3.966660044321542
             0.872265625       3.961554368060268       3.961554368060267
      0.9324218750000001       3.956090154041672       3.956090154041671
             0.992578125        3.95026846038647       3.950268460386469
             1.052734375        3.94409034768792       3.944090347687919
             1.112890625        3.93755686743332        3.93755686743332
             1.173046875       3.930669050185143       3.930669050185142
             1.233203125       3.923427893602386       3.923427893602383
             1.293359375        3.91583435038517        3.91583435038517
             1.353515625       3.907889316229578       3.907889316229579
             1.413671875       3.899593617879225       3.899593617879225
             1.473828125       3.890948001364043       3.890948001364043
             1.533984375       3.881953120515655       3.881953120515656
             1.594140625       3.872609525849643       3.872609525849644
             1.654296875       3.862917653908346       3.862917653908346
             1.714453125        3.85287781715095       3.852877817150951
             1.774609375        3.84249019448275       3.842490194482752
             1.834765625       3.831754822512409        3.83175482251241
             1.894921875       3.820671587621445       3.820671587621447
             1.955078125       3.809240218930698       3.809240218930698
             2.015234375       3.797460282244257       3.797460282244259
             2.075390625       3.785331175048498       3.785331175048498
             2.135546875       3.772852122638854       3.772852122638856
             2.195703125       3.760022175441008       3.760022175441009
             2.255859375       3.746840207592662       3.746840207592662
             2.316015625       3.733304916841252       3.733304916841253
             2.376171875        3.71941482580792        3.71941482580792
             2.436328125       3.705168284665602       3.705168284665602
             2.496484375       3.690563475264871       3.690563475264874
             2.556640625       3.675598416740331       3.675598416740334
             2.616796875       3.660270972618433       3.660270972618435
             2.676953125        3.64457885943973       3.644578859439731
             2.737109375       3.628519656902988       3.628519656902989
             2.797265625       3.612090819526751       3.612090819526751
             2.857421875       3.595289689814061       3.595289689814061
             2.917578125       3.578113512902664       3.578113512902664
             2.977734375       3.560559452666868        3.56055945266687
             3.037890625       3.542624609231385       3.542624609231386
             3.098046875       3.524306037850754       3.524306037850756
             3.158203125       3.505600769091958        3.50560076909196
             3.218359375        3.48650583025616       3.486505830256162
             3.278515625       3.467018267961586       3.467018267961588
             3.338671875       3.447135171804572       3.447135171804573
             3.398828125       3.426853699003418       3.426853699003417
             3.458984375       3.406171099927348       3.406171099927349
             3.519140625       3.385084744401308        3.38508474440131
             3.579296875        3.36359214867035       3.363592148670354
             3.639453125       3.341691002905199       3.341691002905203
             3.699609375       3.319379199119724       3.319379199119732
             3.759765625       3.296654859370763       3.296654859370775
             3.819921875       3.273516364102325       3.273516364102336
             3.880078125       3.249962380493419       3.249962380493431
             3.940234375       3.225991890672533        3.22599189067255
       4.000390625000001       3.201604219646116       3.201604219646135
             4.060546875       3.176799062801177       3.176799062801199
             4.120703125       3.151576512835472       3.151576512835494
             4.180859375       3.125937085966429       3.125937085966453
             4.241015625        3.09988174727797       3.099881747277997
       4.301171875000001       3.073411935062348       3.073411935062374
             4.361328125       3.046529584019265       3.046529584019294
             4.421484375       3.019237147174422       3.019237147174458
             4.481640625       2.991537616392401       2.991537616392446
             4.541796875       2.963434541356655       2.963434541356704
       4.601953125000001       2.934932046898602       2.934932046898645
             4.662109375       2.906034848568971       2.906034848569013
             4.722265625       2.876748266342396        2.87674826634244
             4.782421875        2.84707823636733       2.847078236367381
             4.842578125       2.817031320674312       2.817031320674363
       4.902734375000001       2.786614714763031       2.786614714763088
             4.962890625       2.755836253011283       2.755836253011348
             5.023046875       2.724704411842495       2.724704411842552
             5.083203125       2.693228310615225       2.693228310615277
             5.143359375       2.661417710196844       2.661417710196885
       5.203515625000001       2.629283009204417       2.629283009204449
             5.263671875        2.59683523790246       2.596835237902503
             5.323828125       2.564086049755822        2.56408604975587
             5.383984375       2.531047710659784       2.531047710659827
             5.444140625       2.497733085864691       2.497733085864744
       5.504296875000001       2.464155624636142       2.464155624636192
             5.564453125       2.430329342701068       2.430329342701113
             5.624609375       2.396268802532492       2.396268802532526
             5.684765625       2.361989091548217       2.361989091548255
             5.744921875       2.327505798302256       2.327505798302314
       5.805078125000001       2.292834986755589       2.292834986755649
             5.865234375       2.257993168729358       2.257993168729415
             5.925390625       2.222997274642659       2.222997274642727
             5.985546875       2.187864622654641       2.187864622654708
             6.045703125       2.152612886332619       2.152612886332695
       6.105859375000001       2.117260060968238       2.117260060968321
             6.166015625        2.08182442868845       2.081824428688505
             6.226171875       2.046324522489734       2.046324522489789
             6.286328125       2.010779089345027        2.01077908934508
             6.346484375       1.975207052529562       1.975207052529623
       6.406640625000001       1.939627473312805       1.939627473312866
             6.466796875       1.904059512174149         1.9040595121742
             6.526953125       1.868522389684419       1.868522389684472
             6.587109375       1.833035347216263        1.83303534721632
             6.647265625       1.797617607628385       1.797617607628426
       6.707421875000001       1.762288336073396       1.762288336073422
             6.767578125       1.727066601082405       1.727066601082428
             6.827734375       1.691971336065027       1.691971336065037
             6.887890625       1.657021301368937       1.657021301368962
             6.948046875       1.622235047035212       1.622235047035246
       7.008203125000001       1.587630876378862         1.5876308763789
             7.068359375         1.5532268105245        1.55322681052451
             7.128515625        1.51904055401173       1.519040554011724
             7.188671875        1.48508946158631         1.4850894615863
             7.248828125       1.451390506283126       1.451390506283106
       7.308984375000001       1.417960248896233       1.417960248896221
             7.369140625       1.384814808930219         1.3848148089302
             7.429296875       1.351969837111371        1.35196983711136
             7.489453125       1.319440489535345       1.319440489535321
             7.549609375       1.287241403514494       1.287241403514448
       7.609765625000001       1.255386675182211       1.255386675182169
             7.669921875       1.223889838902551       1.223889838902515
             7.730078125       1.192763848522125       1.192763848522093
             7.790234375       1.162021060497206       1.162021060497166
             7.850390625       1.131673218913705        1.13167321891367
       7.910546875000001       1.101731442417077       1.101731442417059
             7.970703125       1.072206213054085       1.072206213054042
             8.030859375       1.043107367021352       1.043107367021308
       8.091015625000001       1.014444087314226       1.014444087314198
       8.151171875000001       0.986224898249888       0.986224898249872
             8.211328125      0.9584576618445233      0.9584576618445289
             8.271484375      0.9311495760060897      0.9311495760060959
             8.331640625      0.9043071745044531       0.904307174504449
       8.391796875000001      0.8779363286749331      0.8779363286749265
       8.451953125000001        0.85204225079761      0.8520422507975838
             8.512109375      0.8266294991013612      0.8266294991013218
             8.572265625      0.8017019843251543      0.8017019843251076
             8.632421875      0.7772629777728743      0.7772629777728036
       8.692578125000001      0.7533151207915021      0.7533151207914455
       8.752734375000001      0.7298604355959639      0.7298604355959208
             8.812890625      0.7069003373665196      0.7069003373664682
             8.873046875      0.6844356475377763      0.6844356475377231
             8.933203125      0.6624666081979906       0.662466608197944
       8.993359375000001      0.6409928975165488      0.6409928975165076
       9.053515625000001      0.6200136461141401      0.6200136461141139
             9.113671875      0.5995274542921749      0.5995274542921654
             9.173828125      0.5795324100352255      0.5795324100352017
             9.233984375      0.5600261077021007      0.5600261077020432
       9.294140625000001      0.5410056673219846      0.5410056673219182
       9.354296875000001      0.5224677544107376      0.5224677544106728
             9.414453125       0.504408600226491      0.5044086002264241
             9.474609375      0.4868240223825905       0.486824022382538
             9.534765625      0.4697094457408154      0.4697094457407733
       9.594921875000001      0.4530599235075362      0.4530599235074909
       9.655078125000001      0.4368701584577491      0.4368701584577122
             9.715234375       0.421134524217969      0.4211345242179299
             9.775390625      0.4058470865366087      0.4058470865365651
             9.835546875      0.3910016244781233       0.391001624478082
       9.895703125000001      0.3765916514783204      0.3765916514782799
       9.955859375000001      0.3626104362007018      0.3626104362006627
            10.016015625      0.3490510231398615      0.3490510231398215
            10.076171875      0.3359062529179531      0.3359062529179107
            10.136328125      0.3231687822273782      0.3231687822273208
            10.196484375      0.3108311033737334      0.3108311033736845
            10.256640625       0.298885563377904      0.2988855633778731
            10.316796875      0.2873243825999886      0.2873243825999612
            10.376953125      0.2761396728501854      0.2761396728501696
            10.437109375      0.2653234549572017      0.2653234549571958
            10.497265625      0.2548676757663187      0.2548676757663104
            10.557421875      0.2447642245438359      0.2447642245438386
            10.617578125      0.2350049487683152      0.2350049487683306
            10.677734375      0.2255816692907141      0.2255816692907289
            10.737890625      0.2164861948502356      0.2164861948502475
            10.798046875      0.2077103359359874      0.2077103359359838
            10.858203125      0.1992459179850726      0.1992459179850675
            10.918359375      0.1910847939138017      0.1910847939138019
            10.978515625      0.1832188559790023      0.1832188559790077
            11.038671875       0.175640046969482      0.1756400469694924
            11.098828125      0.1683403707312591      0.1683403707312663
            11.158984375      0.1613119020304263      0.1613119020304331
            11.219140625      0.1545467957612927      0.1545467957612962
            11.279296875      0.1480372955082927      0.1480372955082879
            11.339453125      0.1417757414725671      0.1417757414725647
            11.399609375       0.135754577775534      0.1357545777755309
            11.459765625      0.1299663591528953      0.1299663591528867
            11.519921875      0.1244037570546093      0.1244037570546056
            11.580078125      0.1190595651665981      0.1190595651665993
            11.640234375      0.1139267043718908      0.1139267043719004
            11.700390625      0.1089982271693515      0.1089982271693405
            11.760546875      0.1042673215685792      0.1042673215685541
            11.820703125     0.09972731448119813     0.09972731448118236
            11.880859375     0.09537167462822049     0.09537167462820298
            11.941015625     0.09119401498413682     0.09119401498410443
            12.001171875     0.08718809477862893     0.08718809477860254
            12.061328125     0.08334782107706105     0.08334782107704131
            12.121484375     0.07966724996051798     0.07966724996048601
            12.181640625     0.07614058732669943     0.07614058732667549
            12.241796875     0.07276218933305646     0.07276218933303594
            12.301953125      0.0695265625023728      0.0695265625023548
            12.362109375     0.06642836351192115     0.06642836351190706
            12.422265625     0.06346239868649836     0.06346239868648301
            12.482421875      0.0606236232150865     0.06062362321506704
            12.542578125     0.05790714011091783     0.05790714011089772
            12.602734375     0.05530819893407533     0.05530819893406582
            12.662890625     0.05282219429501226     0.05282219429500044
            12.723046875     0.05044466415721195     0.05044466415719419
            12.783203125     0.04817128795646639     0.04817128795645034
            12.843359375     0.04599788455356302     0.04599788455355283
            12.903515625      0.0439204100367797     0.04392041003677255
            12.963671875     0.04193495538957282     0.04193495538956717
            13.023828125      0.0400377440386316     0.04003774403862866
            13.083984375     0.03822512929648743     0.03822512929648327
            13.144140625     0.03649359171226926     0.03649359171226488
            13.204296875     0.03483973634362504      0.0348397363436269
            13.264453125     0.03326028996204501     0.03326028996204389
            13.324609375     0.03175209820314454     0.03175209820314055
            13.384765625     0.03031212267289564     0.03031212267289524
            13.444921875      0.0289374380201246     0.02893743802011618
            13.505078125     0.02762522898480434     0.02762522898479319
            13.565234375      0.0263727874312961     0.02637278743129178
            13.625390625     0.02517750937473026     0.02517750937472872
            13.685546875     0.02403689200886025     0.02403689200885473
            13.745703125     0.02294853074103616     0.02294853074102755
            13.805859375     0.02191011624517331     0.02191011624516811
            13.866015625     0.02091943152804479     0.02091943152804175
            13.926171875     0.01997434904183263     0.01997434904182977
            13.986328125     0.01907282777851442     0.01907282777851174
            14.046484375     0.01821291052719013     0.01821291052718321
            14.106640625     0.01739272085142412     0.01739272085141494
            14.166796875     0.01661046091966789     0.01661046091966321
            14.226953125      0.0158644073472173     0.01586440734721926
            14.287109375      0.0151529121986644     0.01515291219866381
            14.347265625     0.01447439125238981     0.01447439125238592
            14.407421875     0.01382734424889383     0.01382734424889352
            14.467578125     0.01321029570935248     0.01321029570935659
            14.527734375     0.01262193317135632     0.01262193317136049
            14.587890625      0.0120607567377747     0.01206075673777686
            14.648046875      0.0115259359229094     0.01152593592290967
            14.708203125     0.01101519216931961     0.01101519216931873
            14.768359375     0.01052999152392401      0.0105299915239226
            14.828515625     0.01006281572811326     0.01006281572810962
            14.888671875    0.009628263428084163    0.009628263428082448
            14.948828125    0.009187224554570161    0.009187224554567441
            15.008984375    0.008831405140183504    0.008831405140178383
            15.069140625    0.008335498538783527    0.008335498538782102
            15.129296875    0.008239894905090245     0.00823989490509042
            15.189453125    0.004660804159438304    0.004660804159435924
            15.249609375      0.3899201375795598      0.3899201375794826
            15.309765625       95.22585158460024       95.22585158459896
            15.369921875       710742.1099375756       710742.1099375751
            15.430078125                       0                       0
            15.490234375                       0                       0
            15.550390625                       0                       0
            15.610546875                       0                       0
