# File created on Wed Jul  8 11:31:18 2026
# Data for Inflation GW initial data initial data at coord time 1.12447 and central proper time 1.12447
# Evolved with (264,10,9) gridpoints (including 4 ghosts)
# Evolution with geodesic slicing and constant shift shift condition 
# data for phi = 3.14159
#              r           theta                J_Re
#===============================================================
     0.025065104      0.78539816      0.2110962829801371
     0.025065104       2.3561945       0.211096282980262

     0.075195312      0.78539816      0.2111321255660309
     0.075195312       2.3561945      0.2111321255665781

      0.12532552      0.78539816      0.2112134825441972
      0.12532552       2.3561945      0.2112134825438938

      0.17545573      0.78539816      0.2113283043017212
      0.17545573       2.3561945      0.2113283043013928

      0.22558594      0.78539816      0.2114829512754599
      0.22558594       2.3561945      0.2114829512757314

      0.27571615      0.78539816      0.2116769047961943
      0.27571615       2.3561945      0.2116769047964184

      0.32584635      0.78539816      0.2119083904992695
      0.32584635       2.3561945      0.2119083904990561

      0.37597656      0.78539816       0.212178209786076
      0.37597656       2.3561945      0.2121782097862492

      0.42610677      0.78539816      0.2124861722385141
      0.42610677       2.3561945      0.2124861722386693

      0.47623698      0.78539816      0.2128319200041066
      0.47623698       2.3561945      0.2128319200040451

      0.52636719      0.78539816      0.2132155763351269
      0.52636719       2.3561945      0.2132155763343747

       0.5764974      0.78539816      0.2136366641804401
       0.5764974       2.3561945      0.2136366641815991

       0.6266276      0.78539816      0.2140955541887851
       0.6266276       2.3561945      0.2140955541876462

      0.67675781      0.78539816       0.214591645225314
      0.67675781       2.3561945      0.2145916452264064

      0.72688802      0.78539816      0.2151248877521927
      0.72688802       2.3561945      0.2151248877515133

      0.77701823      0.78539816      0.2156959790844895
      0.77701823       2.3561945      0.2156959790848025

      0.82714844      0.78539816      0.2163032929346209
      0.82714844       2.3561945      0.2163032929345035

      0.87727865      0.78539816      0.2169471548069686
      0.87727865       2.3561945      0.2169471548068858

      0.92740885      0.78539816      0.2176278181984361
      0.92740885       2.3561945      0.2176278181983728

      0.97753906      0.78539816      0.2183483966459214
      0.97753906       2.3561945      0.2183483966464484

       1.0276693      0.78539816      0.2191078087302583
       1.0276693       2.3561945      0.2191078087296092

       1.0777995      0.78539816      0.2199051425478378
       1.0777995       2.3561945      0.2199051425479851

       1.1279297      0.78539816      0.2207412732392681
       1.1279297       2.3561945      0.2207412732393298

       1.1780599      0.78539816      0.2216163534249687
       1.1780599       2.3561945      0.2216163534250764

       1.2281901      0.78539816      0.2225304490125417
       1.2281901       2.3561945      0.2225304490123547

       1.2783203      0.78539816      0.2234837876895728
       1.2783203       2.3561945      0.2234837876898164

       1.3284505      0.78539816      0.2244765447249943
       1.3284505       2.3561945      0.2244765447247441

       1.3785807      0.78539816      0.2255088584508765
       1.3785807       2.3561945      0.2255088584513454

       1.4287109      0.78539816      0.2265808687384617
       1.4287109       2.3561945      0.2265808687379342

       1.4788411      0.78539816      0.2276927064045127
       1.4788411       2.3561945      0.2276927064045688

       1.5289714      0.78539816      0.2288444906408885
       1.5289714       2.3561945      0.2288444906411218

       1.5791016      0.78539816      0.2300363310396049
       1.5791016       2.3561945      0.2300363310394053

       1.6292318      0.78539816       0.231268326771375
       1.6292318       2.3561945      0.2312683267720013

        1.679362      0.78539816      0.2325405655496924
        1.679362       2.3561945      0.2325405655492168

       1.7294922      0.78539816      0.2338531227465558
       1.7294922       2.3561945       0.233853122746153

       1.7796224      0.78539816      0.2352060603050156
       1.7796224       2.3561945      0.2352060603053904

       1.8297526      0.78539816      0.2365994255251266
       1.8297526       2.3561945      0.2365994255252949

       1.8798828      0.78539816      0.2380332497833319
       1.8798828       2.3561945      0.2380332497832147

        1.930013      0.78539816      0.2395075471760126
        1.930013       2.3561945      0.2395075471759036

       1.9801432      0.78539816      0.2410223130990037
       1.9801432       2.3561945      0.2410223130989756

       2.0302734      0.78539816      0.2425775227725176
       2.0302734       2.3561945      0.2425775227733789

       2.0804036      0.78539816      0.2441731297106647
       2.0804036       2.3561945      0.2441731297094043

       2.1305339      0.78539816      0.2458090641491208
       2.1305339       2.3561945      0.2458090641500117

       2.1806641      0.78539816      0.2474852314316589
       2.1806641       2.3561945      0.2474852314318088

       2.2307943      0.78539816      0.2492015103605242
       2.2307943       2.3561945      0.2492015103596864

       2.2809245      0.78539816      0.2509577515008687
       2.2809245       2.3561945      0.2509577515017564

       2.3310547      0.78539816      0.2527537754802447
       2.3310547       2.3561945       0.252753775479278

       2.3811849      0.78539816       0.254589371226265
       2.3811849       2.3561945      0.2545893712271465

       2.4313151      0.78539816      0.2564642942206955
       2.4313151       2.3561945      0.2564642942202752

       2.4814453      0.78539816      0.2583782647005859
       2.4814453       2.3561945      0.2583782647003959

       2.5315755      0.78539816      0.2603309658742325
       2.5315755       2.3561945      0.2603309658745062

       2.5817057      0.78539816       0.262322042109018
       2.5817057       2.3561945      0.2623220421089045

       2.6318359      0.78539816      0.2643510971227844
       2.6318359       2.3561945      0.2643510971229009

       2.6819661      0.78539816      0.2664176921823019
       2.6819661       2.3561945      0.2664176921825556

       2.7320964      0.78539816      0.2685213442925283
       2.7320964       2.3561945      0.2685213442923144

       2.7822266      0.78539816      0.2706615244181176
       2.7822266       2.3561945      0.2706615244182592

       2.8323568      0.78539816       0.272837655716251
       2.8323568       2.3561945      0.2728376557160345

        2.882487      0.78539816      0.2750491117925924
        2.882487       2.3561945      0.2750491117926682

       2.9326172      0.78539816      0.2772952149978227
       2.9326172       2.3561945      0.2772952149976484

       2.9827474      0.78539816      0.2795752347599667
       2.9827474       2.3561945      0.2795752347602961

       3.0328776      0.78539816      0.2818883859723262
       3.0328776       2.3561945      0.2818883859720649

       3.0830078      0.78539816      0.2842338274270269
       3.0830078       2.3561945      0.2842338274272069

        3.133138      0.78539816      0.2866106603311829
        3.133138       2.3561945      0.2866106603310099

       3.1832682      0.78539816      0.2890179268805685
       3.1832682       2.3561945      0.2890179268807256

       3.2333984      0.78539816      0.2914546089282364
       3.2333984       2.3561945       0.291454608928198

       3.2835286      0.78539816       0.293919626740303
       3.2835286       2.3561945      0.2939196267403877

       3.3336589      0.78539816      0.2964118378533981
       3.3336589       2.3561945      0.2964118378531913

       3.3837891      0.78539816       0.298930036046101
       3.3837891       2.3561945      0.2989300360459211

       3.4339193      0.78539816      0.3014729504329054
       3.4339193       2.3561945       0.301472950433028

       3.4840495      0.78539816      0.3040392446815045
       3.4840495       2.3561945      0.3040392446813798

       3.5341797      0.78539816      0.3066275163783463
       3.5341797       2.3561945      0.3066275163785156

       3.5843099      0.78539816      0.3092362965396893
       3.5843099       2.3561945        0.30923629653954

       3.6344401      0.78539816       0.311864049281894
       3.6344401       2.3561945      0.3118640492818018

       3.6845703      0.78539816      0.3145091716583027
       3.6845703       2.3561945      0.3145091716584023

       3.7347005      0.78539816      0.3171699936783304
       3.7347005       2.3561945      0.3171699936780903

       3.7848307      0.78539816      0.3198447785066123
       3.7848307       2.3561945      0.3198447785069853

       3.8349609      0.78539816      0.3225317228531989
       3.8349609       2.3561945      0.3225317228526925

       3.8850911      0.78539816      0.3252289575719753
       3.8850911       2.3561945      0.3252289575722303

       3.9352214      0.78539816      0.3279345484552507
       3.9352214       2.3561945      0.3279345484553259

       3.9853516      0.78539816      0.3306464972497059
       3.9853516       2.3561945        0.33064649724944

       4.0354818      0.78539816      0.3333627428819152
       4.0354818       2.3561945       0.333362742881918

        4.085612      0.78539816      0.3360811629117059
        4.085612       2.3561945      0.3360811629117655

       4.1357422      0.78539816      0.3387995752077891
       4.1357422       2.3561945      0.3387995752076167

       4.1858724      0.78539816      0.3415157398378245
       4.1858724       2.3561945      0.3415157398383469

       4.2360026      0.78539816      0.3442273612084879
       4.2360026       2.3561945      0.3442273612079037

       4.2861328      0.78539816      0.3469320904049104
       4.2861328       2.3561945      0.3469320904050817

        4.336263      0.78539816      0.3496275277686289
        4.336263       2.3561945      0.3496275277685535

       4.3863932      0.78539816      0.3523112256932341
       4.3863932       2.3561945       0.352311225693097

       4.4365234      0.78539816      0.3549806916276764
       4.4365234       2.3561945      0.3549806916278723

       4.4866536      0.78539816      0.3576333912940992
       4.4866536       2.3561945      0.3576333912933947

       4.5367839      0.78539816      0.3602667521000611
       4.5367839       2.3561945      0.3602667521011969

       4.5869141      0.78539816      0.3628781667461773
       4.5869141       2.3561945      0.3628781667454204

       4.6370443      0.78539816      0.3654649970011757
       4.6370443       2.3561945      0.3654649970010754

       4.6871745      0.78539816      0.3680245776554003
       4.6871745       2.3561945      0.3680245776558442

       4.7373047      0.78539816       0.370554220620416
       4.7373047       2.3561945      0.3705542206202644

       4.7874349      0.78539816      0.3730512191512488
       4.7874349       2.3561945      0.3730512191511942

       4.8375651      0.78539816      0.3755128522118417
       4.8375651       2.3561945      0.3755128522121471

       4.8876953      0.78539816      0.3779363889194791
       4.8876953       2.3561945      0.3779363889188549

       4.9378255      0.78539816      0.3803190930762371
       4.9378255       2.3561945      0.3803190930767298

       4.9879557      0.78539816      0.3826582277643324
       4.9879557       2.3561945      0.3826582277641959

       5.0380859      0.78539816      0.3849510599773486
       5.0380859       2.3561945      0.3849510599771799

       5.0882161      0.78539816      0.3871948652651093
       5.0882161       2.3561945       0.387194865265772

       5.1383464      0.78539816      0.3893869323849941
       5.1383464       2.3561945      0.3893869323842916

       5.1884766      0.78539816      0.3915245679154332
       5.1884766       2.3561945      0.3915245679151755

       5.2386068      0.78539816      0.3936051008275435
       5.2386068       2.3561945      0.3936051008280004

        5.288737      0.78539816      0.3956258869860483
        5.288737       2.3561945      0.3956258869860556

       5.3388672      0.78539816      0.3975843135516809
       5.3388672       2.3561945      0.3975843135514178

       5.3889974      0.78539816      0.3994778032843909
       5.3889974       2.3561945      0.3994778032844009

       5.4391276      0.78539816      0.4013038187116032
       5.4391276       2.3561945      0.4013038187117602

       5.4892578      0.78539816      0.4030598661408042
       5.4892578       2.3561945      0.4030598661410575

        5.539388      0.78539816      0.4047434995228012
        5.539388       2.3561945      0.4047434995226991

       5.5895182      0.78539816      0.4063523241198995
       5.5895182       2.3561945      0.4063523241192837

       5.6396484      0.78539816      0.4078840000073186
       5.6396484       2.3561945      0.4078840000084958

       5.6897786      0.78539816      0.4093362453472194
       5.6897786       2.3561945      0.4093362453466723

       5.7399089      0.78539816      0.4107068394896855
       5.7399089       2.3561945      0.4107068394893059

       5.7900391      0.78539816      0.4119936258333659
       5.7900391       2.3561945      0.4119936258341375

       5.8401693      0.78539816      0.4131945144961731
       5.8401693       2.3561945      0.4131945144954631

       5.8902995      0.78539816      0.4143074847544508
       5.8902995       2.3561945      0.4143074847545145

       5.9404297      0.78539816      0.4153305873081228
       5.9404297       2.3561945      0.4153305873082924

       5.9905599      0.78539816      0.4162619463049299
       5.9905599       2.3561945      0.4162619463044554

       6.0406901      0.78539816      0.4170997612140214
       6.0406901       2.3561945       0.417099761214329

       6.0908203      0.78539816        0.41784230849954
       6.0908203       2.3561945      0.4178423084997982

       6.1409505      0.78539816      0.4184879431393225
       6.1409505       2.3561945        0.41848794313936

       6.1910807      0.78539816      0.4190350999889782
       6.1910807       2.3561945      0.4190350999886137

       6.2412109      0.78539816      0.4194822950396473
       6.2412109       2.3561945      0.4194822950397108

       6.2913411      0.78539816      0.4198281265514949
       6.2913411       2.3561945      0.4198281265519739

       6.3414714      0.78539816      0.4200712761145874
       6.3414714       2.3561945      0.4200712761146736

       6.3916016      0.78539816      0.4202105096452741
       6.3916016       2.3561945      0.4202105096450294

       6.4417318      0.78539816      0.4202446783366017
       6.4417318       2.3561945      0.4202446783368576

        6.491862      0.78539816      0.4201727196196692
        6.491862       2.3561945      0.4201727196197257

       6.5419922      0.78539816      0.4199936581009593
       6.5419922       2.3561945      0.4199936581004056

       6.5921224      0.78539816      0.4197066065556012
       6.5921224       2.3561945      0.4197066065557454

       6.6422526      0.78539816      0.4193107669683228
       6.6422526       2.3561945      0.4193107669692117

       6.6923828      0.78539816      0.4188054316330032
       6.6923828       2.3561945      0.4188054316326543

        6.742513      0.78539816      0.4181899843472387
        6.742513       2.3561945      0.4181899843469488

       6.7926432      0.78539816      0.4174639017021222
       6.7926432       2.3561945      0.4174639017031557

       6.8427734      0.78539816      0.4166267544973909
       6.8427734       2.3561945      0.4166267544963889

       6.8929036      0.78539816      0.4156782092374565
       6.8929036       2.3561945      0.4156782092384144

       6.9430339      0.78539816      0.4146180298038173
       6.9430339       2.3561945      0.4146180298031792

       6.9931641      0.78539816       0.413446079190974
       6.9931641       2.3561945      0.4134460791915158

       7.0432943      0.78539816      0.4121623213943479
       7.0432943       2.3561945      0.4121623213941902

       7.0934245      0.78539816      0.4107668233769037
       7.0934245       2.3561945       0.410766823376995

       7.1435547      0.78539816      0.4092597571527865
       7.1435547       2.3561945      0.4092597571525131

       7.1936849      0.78539816      0.4076414019235262
       7.1936849       2.3561945      0.4076414019240377

       7.2438151      0.78539816      0.4059121462847768
       7.2438151       2.3561945      0.4059121462835322

       7.2939453      0.78539816      0.4040724904387908
       7.2939453       2.3561945      0.4040724904396704

       7.3440755      0.78539816        0.40212304842831
       7.3440755       2.3561945      0.4021230484284548

       7.3942057      0.78539816       0.400064550303107
       7.3942057       2.3561945      0.4000645503027961

       7.4443359      0.78539816      0.3978978442518206
       7.4443359       2.3561945      0.3978978442515108

       7.4944661      0.78539816      0.3956238985995773
       7.4944661       2.3561945      0.3956238986005653

       7.5445964      0.78539816      0.3932438036818869
       7.5445964       2.3561945      0.3932438036810212

       7.5947266      0.78539816      0.3907587735077947
       7.5947266       2.3561945      0.3907587735086369

       7.6448568      0.78539816      0.3881701472163925
       7.6448568       2.3561945      0.3881701472152106

        7.694987      0.78539816      0.3854793902495269
        7.694987       2.3561945      0.3854793902508553

       7.7451172      0.78539816      0.3826880952311987
       7.7451172       2.3561945      0.3826880952307091

       7.7952474      0.78539816      0.3797979824984541
       7.7952474       2.3561945      0.3797979824980016

       7.8453776      0.78539816      0.3768109002469702
       7.8453776       2.3561945      0.3768109002477337

       7.8955078      0.78539816      0.3737288242710259
       7.8955078       2.3561945      0.3737288242701167

        7.945638      0.78539816      0.3705538572376296
        7.945638       2.3561945      0.3705538572383109

       7.9957682      0.78539816      0.3672882275196738
       7.9957682       2.3561945      0.3672882275195501

       8.0458984      0.78539816      0.3639342875099219
       8.0458984       2.3561945      0.3639342875092422

       8.0960286      0.78539816      0.3604945114318909
       8.0960286       2.3561945      0.3604945114319915

       8.1461589      0.78539816      0.3569714926407159
       8.1461589       2.3561945      0.3569714926411463

       8.1962891      0.78539816       0.353367940372632
       8.1962891       2.3561945      0.3533679403724663

       8.2464193      0.78539816      0.3496866759600597
       8.2464193       2.3561945      0.3496866759599458

       8.2965495      0.78539816      0.3459306285276308
       8.2965495       2.3561945      0.3459306285277906

       8.3466797      0.78539816      0.3421028301595636
       8.3466797       2.3561945      0.3421028301598266

       8.3968099      0.78539816      0.3382064105579759
       8.3968099       2.3561945      0.3382064105581691

       8.4469401      0.78539816      0.3342445912111524
       8.4469401       2.3561945      0.3342445912101663

       8.4970703      0.78539816      0.3302206790964855
       8.4970703       2.3561945      0.3302206790963936

       8.5472005      0.78539816      0.3261380599447779
       8.5472005       2.3561945      0.3261380599454456

       8.5973307      0.78539816      0.3220001910923583
       8.5973307       2.3561945      0.3220001910924152

       8.6474609      0.78539816      0.3178105939821133
       8.6474609       2.3561945      0.3178105939819334

       8.6975911      0.78539816      0.3135728463283605
       8.6975911       2.3561945      0.3135728463278604

       8.7477214      0.78539816      0.3092905739929452
       8.7477214       2.3561945      0.3092905739932397

       8.7978516      0.78539816      0.3049674426383986
       8.7978516       2.3561945      0.3049674426384234

       8.8479818      0.78539816      0.3006071491765964
       8.8479818       2.3561945      0.3006071491769153

        8.898112      0.78539816      0.2962134130803434
        8.898112       2.3561945      0.2962134130793102

       8.9482422      0.78539816      0.2917899676121666
       8.9482422       2.3561945      0.2917899676128912

       8.9983724      0.78539816      0.2873405510137384
       8.9983724       2.3561945      0.2873405510136337

       9.0485026      0.78539816       0.282868897692327
       9.0485026       2.3561945      0.2828688976929433

       9.0986328      0.78539816      0.2783787294945716
       9.0986328       2.3561945      0.2783787294937362

        9.148763      0.78539816      0.2738737470533654
        9.148763       2.3561945      0.2738737470537101

       9.1988932      0.78539816      0.2693576213258463
       9.1988932       2.3561945      0.2693576213264876

       9.2490234      0.78539816      0.2648339853044075
       9.2490234       2.3561945       0.264833985303737

       9.2991536      0.78539816      0.2603064259908826
       9.2991536       2.3561945      0.2603064259908411

       9.3492839      0.78539816      0.2557784766472925
       9.3492839       2.3561945      0.2557784766465483

       9.3994141      0.78539816       0.251253609353712
       9.3994141       2.3561945      0.2512536093536177

       9.4495443      0.78539816      0.2467352279392893
       9.4495443       2.3561945      0.2467352279403636

       9.4996745      0.78539816      0.2422266612723012
       9.4996745       2.3561945      0.2422266612709708

       9.5498047      0.78539816      0.2377311569673913
       9.5498047       2.3561945      0.2377311569670257

       9.5999349      0.78539816      0.2332518755363372
       9.5999349       2.3561945      0.2332518755361555

       9.6500651      0.78539816       0.228791884965674
       9.6500651       2.3561945      0.2287918849663019

       9.7001953      0.78539816      0.2243541557658322
       9.7001953       2.3561945      0.2243541557660489

       9.7503255      0.78539816      0.2199415565016767
       9.7503255       2.3561945      0.2199415565014472

       9.8004557      0.78539816       0.215556849781537
       9.8004557       2.3561945      0.2155568497812805

       9.8505859      0.78539816      0.2112026887688423
       9.8505859       2.3561945      0.2112026887687871

       9.9007161      0.78539816      0.2068816141480261
       9.9007161       2.3561945      0.2068816141482865

       9.9508464      0.78539816      0.2025960515790137
       9.9508464       2.3561945      0.2025960515789652

       10.000977      0.78539816      0.1983483096490037
       10.000977       2.3561945      0.1983483096486295

       10.051107      0.78539816      0.1941405782665623
       10.051107       2.3561945      0.1941405782663974

       10.101237      0.78539816      0.1899749275304941
       10.101237       2.3561945      0.1899749275307568

       10.151367      0.78539816      0.1858533070390916
       10.151367       2.3561945      0.1858533070395929

       10.201497      0.78539816      0.1817775456227994
       10.201497       2.3561945       0.181777545622228

       10.251628      0.78539816       0.177749351497979
       10.251628       2.3561945      0.1777493514986325

       10.301758      0.78539816      0.1737703128010792
       10.301758       2.3561945      0.1737703128000201

       10.351888      0.78539816      0.1698418985073088
       10.351888       2.3561945      0.1698418985075522

       10.402018      0.78539816      0.1659654596837491
       10.402018       2.3561945      0.1659654596840649

       10.452148      0.78539816      0.1621422310860962
       10.452148       2.3561945      0.1621422310857538

       10.502279      0.78539816      0.1583733330064485
       10.502279       2.3561945       0.158373333006265

       10.552409      0.78539816      0.1546597736437978
       10.552409       2.3561945       0.154659773644284

       10.602539      0.78539816      0.1510024512885499
       10.602539       2.3561945      0.1510024512892067

       10.652669      0.78539816      0.1474021556687853
       10.652669       2.3561945       0.147402155667413

       10.702799      0.78539816      0.1438595774986079
       10.702799       2.3561945       0.143859577499382

        10.75293      0.78539816      0.1403753051084792
        10.75293       2.3561945      0.1403753051090568

        10.80306      0.78539816      0.1369497795299308
        10.80306       2.3561945      0.1369497795292478

        10.85319      0.78539816      0.1335834943374319
        10.85319       2.3561945       0.133583494337428

        10.90332      0.78539816       0.130276922895444
        10.90332       2.3561945      0.1302769228956324

       10.953451      0.78539816      0.1270289351443325
       10.953451       2.3561945      0.1270289351446026

       11.003581      0.78539816      0.1238413981440353
       11.003581       2.3561945      0.1238413981433476

       11.053711      0.78539816      0.1207217516727803
       11.053711       2.3561945      0.1207217516731495

       11.103841      0.78539816      0.1176396536096557
       11.103841       2.3561945      0.1176396536095592

       11.153971      0.78539816      0.1145995245874762
       11.153971       2.3561945      0.1145995245876215

       11.204102      0.78539816      0.1118217523301473
       11.204102       2.3561945      0.1118217523299367

       11.254232      0.78539816      0.1088703886747115
       11.254232       2.3561945      0.1088703886742564

       11.304362      0.78539816      0.1049484910491259
       11.304362       2.3561945      0.1049484910496843

       11.354492      0.78539816      0.1041485413629997
       11.354492       2.3561945      0.1041485413631141

       11.404622      0.78539816      0.1058106229227609
       11.404622       2.3561945      0.1058106229222513

       11.454753      0.78539816     0.08713644734185362
       11.454753       2.3561945     0.08713644734206173

       11.504883      0.78539816     0.07995038484869953
       11.504883       2.3561945     0.07995038484881338

       11.555013      0.78539816      0.2401106597979867
       11.555013       2.3561945      0.2401106597970493

       11.605143      0.78539816      0.3365994372906446
       11.605143       2.3561945      0.3365994372918891

       11.655273      0.78539816     0.06151372894428624
       11.655273       2.3561945     0.06151372894385213

       11.705404      0.78539816      0.4368441551241196
       11.705404       2.3561945      0.4368441551176119

       11.755534      0.78539816       32.17541722242858
       11.755534       2.3561945       32.17541722240812

       11.805664      0.78539816       47.03682870400204
       11.805664       2.3561945       47.03682870403541

       11.855794      0.78539816       6.767256313860902
       11.855794       2.3561945       6.767256313874694

       11.905924      0.78539816       2.810621568862127
       11.905924       2.3561945       2.810621568858144

       11.956055      0.78539816       8.464984793242133
       11.956055       2.3561945       8.464984793239624

       12.006185      0.78539816       11.64819855259358
       12.006185       2.3561945        11.6481985525789

       12.056315      0.78539816       7.701041675028809
       12.056315       2.3561945       7.701041675035896

       12.106445      0.78539816       6.567335359530617
       12.106445       2.3561945       6.567335359532072

       12.156576      0.78539816       9.076607260125384
       12.156576       2.3561945       9.076607260121849

       12.206706      0.78539816       12.67972698772411
       12.206706       2.3561945       12.67972698772559

       12.256836      0.78539816       15.09039318042233
       12.256836       2.3561945       15.09039318042066

       12.306966      0.78539816       19.81399408754193
       12.306966       2.3561945       19.81399408752513

       12.357096      0.78539816       24.39140194168725
       12.357096       2.3561945       24.39140194168256

       12.407227      0.78539816       44.09113947846314
       12.407227       2.3561945       44.09113947843716

       12.457357      0.78539816       57.62340235345445
       12.457357       2.3561945       57.62340235344803

       12.507487      0.78539816       140.1137358340334
       12.507487       2.3561945       140.1137358340466

       12.557617      0.78539816       136.2028711061505
       12.557617       2.3561945       136.2028711060734

       12.607747      0.78539816        1772.94174312129
       12.607747       2.3561945       1772.941743124135

       12.657878      0.78539816       -1101.75380781401
       12.657878       2.3561945      -1101.753807831123

       12.708008      0.78539816       -5934.12749801914
       12.708008       2.3561945      -5934.127498096888

       12.758138      0.78539816      -3858168.511175155
       12.758138       2.3561945      -3858168.511213908

       12.808268      0.78539816       2365857193.814919
       12.808268       2.3561945       2365857193.826719

       12.858398      0.78539816                       0
       12.858398       2.3561945                       0

       12.908529      0.78539816                       0
       12.908529       2.3561945                       0

       12.958659      0.78539816                       0
       12.958659       2.3561945                       0

       13.008789      0.78539816                       0
       13.008789       2.3561945                       0

