# File created on Wed Jul  8 11:33:16 2026
# Data for Inflation GW initial data initial data at coord time 0.188986 and central proper time 0.188986
# Evolved with (264,10,9) gridpoints (including 4 ghosts)
# Evolution with geodesic slicing and constant shift shift condition 
# data for phi = 3.14159
#              r           theta                J_Re
#===============================================================
     0.030078125      0.78539816       3.597295361205964
     0.030078125       2.3561945       3.597295361205086

     0.090234375      0.78539816       3.597019002863448
     0.090234375       2.3561945       3.597019002860888

      0.15039062      0.78539816       3.596466274826994
      0.15039062       2.3561945       3.596466274830206

      0.21054687      0.78539816       3.595637153974297
      0.21054687       2.3561945       3.595637153972299

      0.27070312      0.78539816       3.594531604574366
      0.27070312       2.3561945       3.594531604573445

      0.33085938      0.78539816       3.593149577061383
      0.33085938       2.3561945       3.593149577062692

      0.39101563      0.78539816       3.591491006396135
      0.39101563       2.3561945       3.591491006395978

      0.45117188      0.78539816       3.589555810040254
      0.45117188       2.3561945       3.589555810039409

      0.51132813      0.78539816       3.587343885523017
      0.51132813       2.3561945        3.58734388552444

      0.57148438      0.78539816       3.584855107725916
      0.57148438       2.3561945       3.584855107723484

      0.63164063      0.78539816       3.582089325689747
      0.63164063       2.3561945       3.582089325694166

      0.69179687      0.78539816       3.579046359277397
      0.69179687       2.3561945       3.579046359272883

      0.75195312      0.78539816        3.57572599531227
      0.75195312       2.3561945       3.575725995314009

      0.81210938      0.78539816       3.572127983658543
      0.81210938       2.3561945       3.572127983659761

      0.87226563      0.78539816       3.568252032909207
      0.87226563       2.3561945       3.568252032906769

      0.93242188      0.78539816       3.564097805872037
      0.93242188       2.3561945       3.564097805873688

      0.99257812      0.78539816       3.559664914923748
      0.99257812       2.3561945        3.55966491492376

       1.0527344      0.78539816       3.554952917172383
       1.0527344       2.3561945       3.554952917171892

       1.1128906      0.78539816       3.549961309464026
       1.1128906       2.3561945       3.549961309463022

       1.1730469      0.78539816       3.544689523377968
       1.1730469       2.3561945       3.544689523378398

       1.2332031      0.78539816       3.539136920136948
       1.2332031       2.3561945       3.539136920139206

       1.2933594      0.78539816       3.533302785526332
       1.2933594       2.3561945       3.533302785522103

       1.3535156      0.78539816       3.527186324837526
       1.3535156       2.3561945       3.527186324842276

       1.4136719      0.78539816         3.5207866579548
       1.4136719       2.3561945       3.520786657950198

       1.4738281      0.78539816       3.514102814495181
       1.4738281       2.3561945       3.514102814499138

       1.5339844      0.78539816       3.507133729211485
       1.5339844       2.3561945       3.507133729209107

       1.5941406      0.78539816       3.499878237553142
       1.5941406       2.3561945        3.49987823755407

       1.6542969      0.78539816       3.492335071556596
       1.6542969       2.3561945       3.492335071555387

       1.7144531      0.78539816       3.484502856028919
       1.7144531       2.3561945       3.484502856030791

       1.7746094      0.78539816       3.476380105148449
       1.7746094       2.3561945       3.476380105147939

       1.8347656      0.78539816       3.467965219419624
       1.8347656       2.3561945       3.467965219419845

       1.8949219      0.78539816       3.459256483218338
       1.8949219       2.3561945       3.459256483216794

       1.9550781      0.78539816       3.450252062724501
       1.9550781       2.3561945       3.450252062725548

       2.0152344      0.78539816       3.440950004571809
       2.0152344       2.3561945       3.440950004571736

       2.0753906      0.78539816       3.431348234988258
       2.0753906       2.3561945       3.431348234987141

       2.1355469      0.78539816       3.421444559712948
       2.1355469       2.3561945       3.421444559715602

       2.1957031      0.78539816       3.411236664549787
       2.1957031       2.3561945       3.411236664548744

       2.2558594      0.78539816       3.400722116716569
       2.2558594       2.3561945       3.400722116714963

       2.3160156      0.78539816       3.389898366960859
       2.3160156       2.3561945       3.389898366962355

       2.3761719      0.78539816       3.378762752558185
       2.3761719       2.3561945       3.378762752556438

       2.4363281      0.78539816       3.367312501083582
       2.4363281       2.3561945       3.367312501086623

       2.4964844      0.78539816       3.355544735204754
       2.4964844       2.3561945       3.355544735202606

       2.5566406      0.78539816       3.343456478254586
       2.5566406       2.3561945        3.34345647825506

       2.6167969      0.78539816       3.331044660902376
       2.6167969       2.3561945       3.331044660902744

       2.6769531      0.78539816       3.318306128664927
       2.6769531       2.3561945       3.318306128663584

       2.7371094      0.78539816        3.30523765045705
       2.7371094       2.3561945       3.305237650459368

       2.7972656      0.78539816       3.291835928148245
       2.7972656       2.3561945       3.291835928146859

       2.8574219      0.78539816       3.278097607048173
       2.8574219       2.3561945       3.278097607048038

       2.9175781      0.78539816       3.264019287460066
       2.9175781       2.3561945       3.264019287460158

       2.9777344      0.78539816       3.249597537146634
       2.9777344       2.3561945       3.249597537146666

       3.0378906      0.78539816       3.234828904850971
       3.0378906       2.3561945       3.234828904850323

       3.0980469      0.78539816       3.219709934674458
       3.0980469       2.3561945       3.219709934676663

       3.1582031      0.78539816       3.204237181471184
       3.1582031       2.3561945       3.204237181469816

       3.2183594      0.78539816       3.188407227090586
       3.2183594       2.3561945       3.188407227089961

       3.2785156      0.78539816       3.172216697485474
       3.2785156       2.3561945       3.172216697485625

       3.3386719      0.78539816       3.155662280678279
       3.3386719       2.3561945       3.155662280678789

       3.3988281      0.78539816       3.138740745425558
       3.3988281       2.3561945       3.138740745423858

       3.4589844      0.78539816       3.121448960652857
       3.4589844       2.3561945       3.121448960655422

       3.5191406      0.78539816        3.10378391553019
       3.5191406       2.3561945       3.103783915527886

       3.5792969      0.78539816       3.085742740084154
       3.5792969       2.3561945       3.085742740086125

       3.6394531      0.78539816        3.06732272641001
       3.6394531       2.3561945       3.067322726408739

       3.6996094      0.78539816       3.048521350192954
       3.6996094       2.3561945       3.048521350192409

       3.7597656      0.78539816       3.029336292696055
       3.7597656       2.3561945       3.029336292698368

       3.8199219      0.78539816       3.009765462921747
       3.8199219       2.3561945       3.009765462917548

       3.8800781      0.78539816       2.989807019969656
       3.8800781       2.3561945       2.989807019973765

       3.9402344      0.78539816       2.969459395474889
       3.9402344       2.3561945       2.969459395473843

       4.0003906      0.78539816       2.948721315961436
       4.0003906       2.3561945       2.948721315960265

       4.0605469      0.78539816       2.927591825131446
       4.0605469       2.3561945       2.927591825132648

       4.1207031      0.78539816       2.906070305828175
       4.1207031       2.3561945       2.906070305828155

       4.1808594      0.78539816       2.884156501735532
       4.1808594       2.3561945       2.884156501736253

       4.2410156      0.78539816       2.861850538523321
       4.2410156       2.3561945       2.861850538521442

       4.3011719      0.78539816       2.839152944498999
       4.3011719       2.3561945       2.839152944499968

       4.3613281      0.78539816       2.816064670517839
       4.3613281       2.3561945       2.816064670517196

       4.4214844      0.78539816       2.792587109168924
       4.4214844       2.3561945       2.792587109171025

       4.4816406      0.78539816       2.768722112947837
       4.4816406       2.3561945       2.768722112945073

       4.5417969      0.78539816       2.744472011564406
       4.5417969       2.3561945       2.744472011565804

       4.6019531      0.78539816       2.719839628030982
       4.6019531       2.3561945       2.719839628032399

       4.6621094      0.78539816       2.694828293567307
       4.6621094       2.3561945       2.694828293566779

       4.7222656      0.78539816       2.669441861227545
       4.7222656       2.3561945       2.669441861226789

       4.7824219      0.78539816       2.643684718079266
       4.7824219       2.3561945       2.643684718079926

       4.8425781      0.78539816       2.617561795935191
       4.8425781       2.3561945       2.617561795935363

       4.9027344      0.78539816       2.591078580486128
       4.9027344       2.3561945       2.591078580487463

       4.9628906      0.78539816       2.564241118807347
       4.9628906       2.3561945       2.564241118806677

       5.0230469      0.78539816       2.537056025135515
       5.0230469       2.3561945       2.537056025135173

       5.0832031      0.78539816       2.509530484901364
       5.0832031       2.3561945       2.509530484902509

       5.1433594      0.78539816       2.481672256918462
       5.1433594       2.3561945       2.481672256920091

       5.2035156      0.78539816       2.453489673676904
       5.2035156       2.3561945       2.453489673673938

       5.2636719      0.78539816        2.42499163980852
       5.2636719       2.3561945       2.424991639809814

       5.3238281      0.78539816       2.396187628529219
       5.3238281       2.3561945       2.396187628528031

       5.3839844      0.78539816       2.367087676210765
       5.3839844       2.3561945       2.367087676212437

       5.4441406      0.78539816       2.337702374938047
       5.4441406       2.3561945       2.337702374936682

       5.5042969      0.78539816       2.308042863148401
       5.5042969       2.3561945       2.308042863149644

       5.5644531      0.78539816       2.278120814321941
       5.5644531       2.3561945       2.278120814320962

       5.6246094      0.78539816       2.247948423721391
       5.6246094       2.3561945       2.247948423722874

       5.6847656      0.78539816       2.217538393297011
       5.6847656       2.3561945       2.217538393295631

       5.7449219      0.78539816       2.186903914671466
       5.7449219       2.3561945       2.186903914670627

       5.8050781      0.78539816       2.156058650371468
       5.8050781       2.3561945       2.156058650372075

       5.8652344      0.78539816       2.125016713310765
       5.8652344       2.3561945       2.125016713310926

       5.9253906      0.78539816       2.093792644564237
       5.9253906       2.3561945       2.093792644565641

       5.9855469      0.78539816       2.062401389587859
       5.9855469       2.3561945       2.062401389588056

       6.0457031      0.78539816       2.030858272861525
       6.0457031       2.3561945       2.030858272862054

       6.1058594      0.78539816       1.999178971177001
       6.1058594       2.3561945       1.999178971175274

       6.1660156      0.78539816       1.967379485520691
       6.1660156       2.3561945       1.967379485522421

       6.2261719      0.78539816       1.935476111805184
       6.2261719       2.3561945       1.935476111806955

       6.2863281      0.78539816       1.903485410417785
       6.2863281       2.3561945       1.903485410414674

       6.3464844      0.78539816       1.871424174810343
       6.3464844       2.3561945       1.871424174812895

       6.4066406      0.78539816       1.839309399221902
       6.4066406       2.3561945       1.839309399220211

       6.4667969      0.78539816       1.807158245585693
       6.4667969       2.3561945       1.807158245587895

       6.5269531      0.78539816       1.774988009878194
       6.5269531       2.3561945       1.774988009877356

       6.5871094      0.78539816       1.742816087923005
       6.5871094       2.3561945        1.74281608792127

       6.6472656      0.78539816       1.710659940829336
       6.6472656       2.3561945       1.710659940831755

       6.7074219      0.78539816       1.678537060228317
       6.7074219       2.3561945       1.678537060227824

       6.7675781      0.78539816       1.646464933347371
       6.7675781       2.3561945       1.646464933347351

       6.8277344      0.78539816       1.614461008181217
       6.8277344       2.3561945       1.614461008180125

       6.8878906      0.78539816       1.582542658747886
       6.8878906       2.3561945       1.582542658749876

       6.9480469      0.78539816       1.550727150708537
       6.9480469       2.3561945       1.550727150707634

       7.0082031      0.78539816       1.519031607318466
       7.0082031       2.3561945        1.51903160731763

       7.0683594      0.78539816       1.487472975986921
       7.0683594       2.3561945       1.487472975989064

       7.1285156      0.78539816       1.456067995456602
       7.1285156       2.3561945       1.456067995456404

       7.1886719      0.78539816       1.424833163741282
       7.1886719       2.3561945       1.424833163739667

       7.2488281      0.78539816        1.39378470698374
       7.2488281       2.3561945       1.393784706984273

       7.3089844      0.78539816       1.362938549260683
       7.3089844       2.3561945       1.362938549260914

       7.3691406      0.78539816        1.33231028348731
       7.3691406       2.3561945       1.332310283487094

       7.4292969      0.78539816       1.301915143509212
       7.4292969       2.3561945       1.301915143509681

       7.4894531      0.78539816        1.27176797741911
       7.4894531       2.3561945       1.271767977418271

       7.5496094      0.78539816        1.24188322225465
       7.5496094       2.3561945       1.241883222254876

       7.6097656      0.78539816       1.212274880082147
       7.6097656       2.3561945       1.212274880082262

       7.6699219      0.78539816       1.182956495571472
       7.6699219       2.3561945       1.182956495570177

       7.7300781      0.78539816       1.153941135069045
       7.7300781       2.3561945       1.153941135069872

       7.7902344      0.78539816       1.125241367307012
       7.7902344       2.3561945       1.125241367306318

       7.8503906      0.78539816       1.096869245678049
       7.8503906       2.3561945       1.096869245677649

       7.9105469      0.78539816        1.06883629219172
       7.9105469       2.3561945       1.068836292193639

       7.9707031      0.78539816       1.041153483113226
       7.9707031       2.3561945       1.041153483110699

       8.0308594      0.78539816       1.013831236269058
       8.0308594       2.3561945       1.013831236269409

       8.0910156      0.78539816      0.9868794000907184
       8.0910156       2.3561945      0.9868794000905541

       8.1511719      0.78539816      0.9603072443521948
       8.1511719       2.3561945      0.9603072443528647

       8.2113281      0.78539816      0.9341234525914003
       8.2113281       2.3561945      0.9341234525906893

       8.2714844      0.78539816      0.9083361162613617
       8.2714844       2.3561945      0.9083361162626006

       8.3316406      0.78539816      0.8829527305048791
       8.3316406       2.3561945      0.8829527305055037

       8.3917969      0.78539816      0.8579801916126931
       8.3917969       2.3561945      0.8579801916124211

       8.4519531      0.78539816      0.8334247960710323
       8.4519531       2.3561945      0.8334247960716782

       8.5121094      0.78539816      0.8092922411952665
       8.5121094       2.3561945       0.809292241193917

       8.5722656      0.78539816      0.7855876272909832
       8.5722656       2.3561945      0.7855876272910322

       8.6324219      0.78539816      0.7623154613090608
       8.6324219       2.3561945      0.7623154613094606

       8.6925781      0.78539816      0.7394796619074633
       8.6925781       2.3561945      0.7394796619076413

       8.7527344      0.78539816       0.717083565925246
       8.7527344       2.3561945      0.7170835659232933

       8.8128906      0.78539816      0.6951299361324773
       8.8128906       2.3561945      0.6951299361340167

       8.8730469      0.78539816      0.6736209702623907
       8.8730469       2.3561945      0.6736209702601901

       8.9332031      0.78539816      0.6525583111875273
       8.9332031       2.3561945      0.6525583111886241

       8.9933594      0.78539816      0.6319430582621303
       8.9933594       2.3561945      0.6319430582623712

       9.0535156      0.78539816      0.6117757796461386
       9.0535156       2.3561945      0.6117757796459689

       9.1136719      0.78539816      0.5920565256399162
       9.1136719       2.3561945      0.5920565256402971

       9.1738281      0.78539816      0.5727848428927883
       9.1738281       2.3561945      0.5727848428928697

       9.2339844      0.78539816      0.5539597894318176
       9.2339844       2.3561945      0.5539597894317122

       9.2941406      0.78539816      0.5355799504348158
       9.2941406       2.3561945      0.5355799504345692

       9.3542969      0.78539816      0.5176434546609519
       9.3542969       2.3561945      0.5176434546615408

       9.4144531      0.78539816      0.5001479914847837
       9.4144531       2.3561945      0.5001479914831475

       9.4746094      0.78539816      0.4830908284136777
       9.4746094       2.3561945      0.4830908284141529

       9.5347656      0.78539816      0.4664688291025867
       9.5347656       2.3561945      0.4664688291025537

       9.5949219      0.78539816       0.450278471649511
       9.5949219       2.3561945      0.4502784716486623

       9.6550781      0.78539816      0.4345158672836455
       9.6550781       2.3561945       0.434515867284119

       9.7152344      0.78539816      0.4191767791916591
       9.7152344       2.3561945       0.419176779192058

       9.7753906      0.78539816      0.4042566415678948
       9.7753906       2.3561945      0.4042566415672029

       9.8355469      0.78539816      0.3897505787031454
       9.8355469       2.3561945      0.3897505787037523

       9.8957031      0.78539816       0.375653424154139
       9.8957031       2.3561945      0.3756534241543122

       9.9558594      0.78539816      0.3619597398361163
       9.9558594       2.3561945      0.3619597398354552

       10.016016      0.78539816       0.348663835054992
       10.016016       2.3561945      0.3486638350549756

       10.076172      0.78539816      0.3357597853855949
       10.076172       2.3561945      0.3357597853856505

       10.136328      0.78539816       0.323241451359624
       10.136328       2.3561945      0.3232414513589675

       10.196484      0.78539816      0.3111024969025739
       10.196484       2.3561945      0.3111024969022919

       10.256641      0.78539816      0.2993364074859229
       10.256641       2.3561945      0.2993364074867924

       10.316797      0.78539816      0.2879365079567848
       10.316797       2.3561945      0.2879365079554373

       10.376953      0.78539816      0.2768959799719514
       10.376953       2.3561945      0.2768959799716159

       10.437109      0.78539816      0.2662078790587615
       10.437109       2.3561945      0.2662078790598592

       10.497266      0.78539816       0.255865151214286
       10.497266       2.3561945      0.2558651512137803

       10.557422      0.78539816      0.2458606490358451
       10.557422       2.3561945      0.2458606490366441

       10.617578      0.78539816      0.2361871473813049
       10.617578       2.3561945      0.2361871473811469

       10.677734      0.78539816      0.2268373584783025
       10.677734       2.3561945      0.2268373584781144

       10.737891      0.78539816      0.2178039465251085
       10.737891       2.3561945      0.2178039465253967

       10.798047      0.78539816      0.2090795417241265
       10.798047       2.3561945      0.2090795417239503

       10.858203      0.78539816      0.2006567537436896
       10.858203       2.3561945      0.2006567537439684

       10.918359      0.78539816      0.1925281846126575
       10.918359       2.3561945      0.1925281846121726

       10.978516      0.78539816      0.1846864410163942
       10.978516       2.3561945      0.1846864410168154

       11.038672      0.78539816      0.1771241460010709
       11.038672       2.3561945      0.1771241460011026

       11.098828      0.78539816      0.1698339500816617
       11.098828       2.3561945      0.1698339500814252

       11.158984      0.78539816      0.1628085417506769
       11.158984       2.3561945      0.1628085417510989

       11.219141      0.78539816      0.1560406573833654
       11.219141       2.3561945      0.1560406573831582

       11.279297      0.78539816      0.1495230905574627
       11.279297       2.3561945       0.149523090557348

       11.339453      0.78539816      0.1432487007681431
       11.339453       2.3561945       0.143248700768584

       11.399609      0.78539816      0.1372104215752771
       11.399609       2.3561945      0.1372104215746848

       11.459766      0.78539816      0.1314012681563692
       11.459766       2.3561945      0.1314012681563646

       11.519922      0.78539816      0.1258143443148663
       11.519922       2.3561945      0.1258143443157057

       11.580078      0.78539816      0.1204428489148015
       11.580078       2.3561945      0.1204428489142196

       11.640234      0.78539816      0.1152800817802131
       11.640234       2.3561945      0.1152800817802971

       11.700391      0.78539816      0.1103194490751233
       11.700391       2.3561945      0.1103194490751656

       11.760547      0.78539816      0.1055544681528681
       11.760547       2.3561945      0.1055544681535034

       11.820703      0.78539816      0.1009787719226077
       11.820703       2.3561945      0.1009787719217732

       11.880859      0.78539816     0.09658611271984087
       11.880859       2.3561945     0.09658611272003405

       11.941016      0.78539816     0.09237036572998121
       11.941016       2.3561945     0.09237036572990424

       12.001172      0.78539816     0.08832553194192884
       12.001172       2.3561945     0.08832553194169784

       12.061328      0.78539816       0.084445740694014
       12.061328       2.3561945     0.08444574069413917

       12.121484      0.78539816     0.08072525179371506
       12.121484       2.3561945     0.08072525179308623

       12.181641      0.78539816     0.07715845725083061
       12.181641       2.3561945     0.07715845725132976

       12.241797      0.78539816      0.0737398826389815
       12.241797       2.3561945     0.07373988263882671

       12.301953      0.78539816     0.07046418809419973
       12.301953       2.3561945     0.07046418809418677

       12.362109      0.78539816     0.06732616898632868
       12.362109       2.3561945     0.06732616898617989

       12.422266      0.78539816      0.0643207562649885
       12.422266       2.3561945     0.06432075626486465

       12.482422      0.78539816     0.06144301651387164
       12.482422       2.3561945     0.06144301651416148

       12.542578      0.78539816     0.05868815171534068
       12.542578       2.3561945     0.05868815171533013

       12.602734      0.78539816     0.05605149876110207
       12.602734       2.3561945     0.05605149876097157

       12.662891      0.78539816     0.05352852871166783
       12.662891       2.3561945     0.05352852871136874

       12.723047      0.78539816     0.05111484582904708
       12.723047       2.3561945     0.05111484582928256

       12.783203      0.78539816     0.04880618640521042
       12.783203       2.3561945     0.04880618640511298

       12.843359      0.78539816     0.04659841738233655
       12.843359       2.3561945     0.04659841738233511

       12.903516      0.78539816     0.04448753481174834
       12.903516       2.3561945     0.04448753481164696

       12.963672      0.78539816     0.04246966213487113
       12.963672       2.3561945     0.04246966213483638

       13.023828      0.78539816     0.04054104832788876
       13.023828       2.3561945     0.04054104832804941

       13.083984      0.78539816     0.03869806590550139
       13.083984       2.3561945     0.03869806590546384

       13.144141      0.78539816     0.03693720880894578
       13.144141       2.3561945     0.03693720880881479

       13.204297      0.78539816     0.03525509018531498
       13.204297       2.3561945       0.035255090185608

       13.264453      0.78539816     0.03364844007806164
       13.264453       2.3561945        0.03364844007794

       13.324609      0.78539816     0.03211410302699581
       13.324609       2.3561945     0.03211410302709919

       13.384766      0.78539816     0.03064903561052438
       13.384766       2.3561945     0.03064903561043454

       13.444922      0.78539816     0.02925030391653685
       13.444922       2.3561945     0.02925030391651453

       13.505078      0.78539816     0.02791508097392688
       13.505078       2.3561945     0.02791508097407343

       13.565234      0.78539816     0.02664064413925599
       13.565234       2.3561945     0.02664064413911008

       13.625391      0.78539816     0.02542437245861528
       13.625391       2.3561945     0.02542437245849159

       13.685547      0.78539816     0.02426374399823774
       13.685547       2.3561945     0.02426374399826934

       13.745703      0.78539816     0.02315633318713153
       13.745703       2.3561945     0.02315633318711433

       13.805859      0.78539816      0.0220998080913378
       13.805859       2.3561945     0.02209980809154841

       13.866016      0.78539816     0.02109192784353433
       13.866016       2.3561945     0.02109192784335832

       13.926172      0.78539816      0.0201305397002516
       13.926172       2.3561945     0.02013053970029397

       13.986328      0.78539816     0.01921357705268974
       13.986328       2.3561945     0.01921357705255016

       14.046484      0.78539816     0.01833905512440807
       14.046484       2.3561945     0.01833905512443328

       14.106641      0.78539816     0.01750507250320046
       14.106641       2.3561945     0.01750507250328836

       14.166797      0.78539816     0.01670979814852666
       14.166797       2.3561945     0.01670979814852991

       14.226953      0.78539816     0.01595149486853329
       14.226953       2.3561945      0.0159514948682942

       14.287109      0.78539816     0.01522845452028862
       14.287109       2.3561945     0.01522845452030984

       14.347266      0.78539816     0.01453912854664455
       14.347266       2.3561945     0.01453912854677816

       14.407422      0.78539816     0.01388185711688909
       14.407422       2.3561945      0.0138818571169379

       14.467578      0.78539816     0.01325577227507545
       14.467578       2.3561945     0.01325577227503458

       14.527734      0.78539816       0.012655731575836
       14.527734       2.3561945     0.01265573157589134

       14.587891      0.78539816     0.01209308340025597
       14.587891       2.3561945     0.01209308340024671

       14.648047      0.78539816     0.01156624770053666
       14.648047       2.3561945     0.01156624770059721

       14.708203      0.78539816     0.01123002073911073
       14.708203       2.3561945     0.01123002073908223

       14.768359      0.78539816    0.006405559260540178
       14.768359       2.3561945    0.006405559260593195

       14.828516      0.78539816       172.2963987139821
       14.828516       2.3561945       172.2963987129558

       14.888672      0.78539816 -1.177493876128758e+197
       14.888672       2.3561945 -1.177493876024514e+197

       14.948828      0.78539816                    -nan
       14.948828       2.3561945                    -nan

       15.008984      0.78539816                    -nan
       15.008984       2.3561945                    -nan

       15.069141      0.78539816                    -nan
       15.069141       2.3561945                    -nan

       15.129297      0.78539816                    -nan
       15.129297       2.3561945                    -nan

       15.189453      0.78539816                    -nan
       15.189453       2.3561945                    -nan

       15.249609      0.78539816                    -nan
       15.249609       2.3561945                    -nan

       15.309766      0.78539816                    -nan
       15.309766       2.3561945                    -nan

       15.369922      0.78539816                    -nan
       15.369922       2.3561945                    -nan

       15.430078      0.78539816                       0
       15.430078       2.3561945                       0

       15.490234      0.78539816                       0
       15.490234       2.3561945                       0

       15.550391      0.78539816                       0
       15.550391       2.3561945                       0

       15.610547      0.78539816                       0
       15.610547       2.3561945                       0

