# File created on Tue Jul  7 16:46:47 2026
# ======================================== 
# = Running code assuming AXISYMMETRY    = 
# ======================================== 
# Data for Inflation GW initial data initial data at coord. time 0 and proper central time 0
# Evolved with (264,10,9) gridpoints (including 4 ghosts)
# Evolution with geodesic slicing and constant shift
# using eighth-order spatial differencing with 4 ghost zones 
# data 1 at theta = 0 and phi = 3.14159
# data 2 at theta = 1.5708 and phi = 3.14159
#                      r                   lapse                   lapse
#                               (     0,3.14159)        (1.5708,3.14159)
#========================================================================
              -0.2734375                       1                       1
              -0.1953125                       1                       1
              -0.1171875                       1                       1
              -0.0390625                       1                       1
               0.0390625                       1                       1
               0.1171875                       1                       1
               0.1953125                       1                       1
               0.2734375                       1                       1
               0.3515625                       1                       1
               0.4296875                       1                       1
               0.5078125                       1                       1
               0.5859375                       1                       1
               0.6640625                       1                       1
               0.7421875                       1                       1
               0.8203125                       1                       1
               0.8984375                       1                       1
               0.9765625                       1                       1
               1.0546875                       1                       1
               1.1328125                       1                       1
               1.2109375                       1                       1
               1.2890625                       1                       1
               1.3671875                       1                       1
               1.4453125                       1                       1
               1.5234375                       1                       1
               1.6015625                       1                       1
               1.6796875                       1                       1
               1.7578125                       1                       1
               1.8359375                       1                       1
               1.9140625                       1                       1
               1.9921875                       1                       1
               2.0703125                       1                       1
               2.1484375                       1                       1
               2.2265625                       1                       1
               2.3046875                       1                       1
               2.3828125                       1                       1
               2.4609375                       1                       1
               2.5390625                       1                       1
               2.6171875                       1                       1
               2.6953125                       1                       1
               2.7734375                       1                       1
               2.8515625                       1                       1
               2.9296875                       1                       1
               3.0078125                       1                       1
               3.0859375                       1                       1
               3.1640625                       1                       1
               3.2421875                       1                       1
               3.3203125                       1                       1
               3.3984375                       1                       1
               3.4765625                       1                       1
               3.5546875                       1                       1
               3.6328125                       1                       1
               3.7109375                       1                       1
               3.7890625                       1                       1
               3.8671875                       1                       1
               3.9453125                       1                       1
               4.0234375                       1                       1
               4.1015625                       1                       1
               4.1796875                       1                       1
               4.2578125                       1                       1
               4.3359375                       1                       1
               4.4140625                       1                       1
               4.4921875                       1                       1
               4.5703125                       1                       1
               4.6484375                       1                       1
               4.7265625                       1                       1
               4.8046875                       1                       1
               4.8828125                       1                       1
               4.9609375                       1                       1
               5.0390625                       1                       1
               5.1171875                       1                       1
               5.1953125                       1                       1
               5.2734375                       1                       1
               5.3515625                       1                       1
               5.4296875                       1                       1
               5.5078125                       1                       1
               5.5859375                       1                       1
               5.6640625                       1                       1
               5.7421875                       1                       1
               5.8203125                       1                       1
               5.8984375                       1                       1
               5.9765625                       1                       1
               6.0546875                       1                       1
               6.1328125                       1                       1
               6.2109375                       1                       1
               6.2890625                       1                       1
               6.3671875                       1                       1
               6.4453125                       1                       1
               6.5234375                       1                       1
               6.6015625                       1                       1
               6.6796875                       1                       1
               6.7578125                       1                       1
               6.8359375                       1                       1
               6.9140625                       1                       1
               6.9921875                       1                       1
               7.0703125                       1                       1
               7.1484375                       1                       1
               7.2265625                       1                       1
               7.3046875                       1                       1
               7.3828125                       1                       1
               7.4609375                       1                       1
               7.5390625                       1                       1
               7.6171875                       1                       1
               7.6953125                       1                       1
               7.7734375                       1                       1
               7.8515625                       1                       1
               7.9296875                       1                       1
               8.0078125                       1                       1
               8.0859375                       1                       1
               8.1640625                       1                       1
               8.2421875                       1                       1
               8.3203125                       1                       1
               8.3984375                       1                       1
               8.4765625                       1                       1
               8.5546875                       1                       1
               8.6328125                       1                       1
               8.7109375                       1                       1
               8.7890625                       1                       1
               8.8671875                       1                       1
               8.9453125                       1                       1
               9.0234375                       1                       1
               9.1015625                       1                       1
               9.1796875                       1                       1
               9.2578125                       1                       1
               9.3359375                       1                       1
               9.4140625                       1                       1
               9.4921875                       1                       1
               9.5703125                       1                       1
               9.6484375                       1                       1
               9.7265625                       1                       1
               9.8046875                       1                       1
               9.8828125                       1                       1
               9.9609375                       1                       1
              10.0390625                       1                       1
              10.1171875                       1                       1
              10.1953125                       1                       1
              10.2734375                       1                       1
              10.3515625                       1                       1
              10.4296875                       1                       1
              10.5078125                       1                       1
              10.5859375                       1                       1
              10.6640625                       1                       1
              10.7421875                       1                       1
              10.8203125                       1                       1
              10.8984375                       1                       1
              10.9765625                       1                       1
              11.0546875                       1                       1
              11.1328125                       1                       1
              11.2109375                       1                       1
              11.2890625                       1                       1
              11.3671875                       1                       1
              11.4453125                       1                       1
              11.5234375                       1                       1
              11.6015625                       1                       1
              11.6796875                       1                       1
              11.7578125                       1                       1
              11.8359375                       1                       1
              11.9140625                       1                       1
              11.9921875                       1                       1
              12.0703125                       1                       1
              12.1484375                       1                       1
              12.2265625                       1                       1
              12.3046875                       1                       1
              12.3828125                       1                       1
              12.4609375                       1                       1
              12.5390625                       1                       1
              12.6171875                       1                       1
              12.6953125                       1                       1
              12.7734375                       1                       1
              12.8515625                       1                       1
              12.9296875                       1                       1
              13.0078125                       1                       1
              13.0859375                       1                       1
              13.1640625                       1                       1
              13.2421875                       1                       1
              13.3203125                       1                       1
              13.3984375                       1                       1
              13.4765625                       1                       1
              13.5546875                       1                       1
              13.6328125                       1                       1
              13.7109375                       1                       1
              13.7890625                       1                       1
              13.8671875                       1                       1
              13.9453125                       1                       1
              14.0234375                       1                       1
              14.1015625                       1                       1
              14.1796875                       1                       1
              14.2578125                       1                       1
              14.3359375                       1                       1
              14.4140625                       1                       1
              14.4921875                       1                       1
              14.5703125                       1                       1
              14.6484375                       1                       1
              14.7265625                       1                       1
              14.8046875                       1                       1
              14.8828125                       1                       1
              14.9609375                       1                       1
              15.0390625                       1                       1
              15.1171875                       1                       1
              15.1953125                       1                       1
              15.2734375                       1                       1
              15.3515625                       1                       1
              15.4296875                       1                       1
              15.5078125                       1                       1
              15.5859375                       1                       1
              15.6640625                       1                       1
              15.7421875                       1                       1
              15.8203125                       1                       1
              15.8984375                       1                       1
              15.9765625                       1                       1
              16.0546875                       1                       1
              16.1328125                       1                       1
              16.2109375                       1                       1
              16.2890625                       1                       1
              16.3671875                       1                       1
              16.4453125                       1                       1
              16.5234375                       1                       1
              16.6015625                       1                       1
              16.6796875                       1                       1
              16.7578125                       1                       1
              16.8359375                       1                       1
              16.9140625                       1                       1
              16.9921875                       1                       1
              17.0703125                       1                       1
              17.1484375                       1                       1
              17.2265625                       1                       1
              17.3046875                       1                       1
              17.3828125                       1                       1
              17.4609375                       1                       1
              17.5390625                       1                       1
              17.6171875                       1                       1
              17.6953125                       1                       1
              17.7734375                       1                       1
              17.8515625                       1                       1
              17.9296875                       1                       1
              18.0078125                       1                       1
              18.0859375                       1                       1
              18.1640625                       1                       1
              18.2421875                       1                       1
              18.3203125                       1                       1
              18.3984375                       1                       1
              18.4765625                       1                       1
              18.5546875                       1                       1
              18.6328125                       1                       1
              18.7109375                       1                       1
              18.7890625                       1                       1
              18.8671875                       1                       1
              18.9453125                       1                       1
              19.0234375                       1                       1
              19.1015625                       1                       1
              19.1796875                       1                       1
              19.2578125                       1                       1
              19.3359375                       1                       1
              19.4140625                       1                       1
              19.4921875                       1                       1
              19.5703125                       1                       1
              19.6484375                       1                       1
              19.7265625                       1                       1
              19.8046875                       1                       1
              19.8828125                       1                       1
              19.9609375                       1                       1
              20.0390625                       1                       1
              20.1171875                       1                       1
              20.1953125                       1                       1
              20.2734375                       1                       1
