# File created on Tue Jul  7 15:36:44 2026
# ======================================== 
# = Running code assuming AXISYMMETRY    = 
# ======================================== 
# Data for Inflation GW initial data initial data at coord. time 0 and proper central time 0
# Evolved with (136,10,9) gridpoints (including 4 ghosts)
# Evolution with geodesic slicing and constant shift
# using eighth-order spatial differencing with 4 ghost zones 
# data 1 at theta = 0 and phi = 3.14159
# data 2 at theta = 1.5708 and phi = 3.14159
#                      r                   lapse                   lapse
#                               (     0,3.14159)        (1.5708,3.14159)
#========================================================================
               -0.546875                       1                       1
               -0.390625                       1                       1
               -0.234375                       1                       1
               -0.078125                       1                       1
                0.078125                       1                       1
                0.234375                       1                       1
                0.390625                       1                       1
                0.546875                       1                       1
                0.703125                       1                       1
                0.859375                       1                       1
                1.015625                       1                       1
                1.171875                       1                       1
                1.328125                       1                       1
                1.484375                       1                       1
                1.640625                       1                       1
                1.796875                       1                       1
                1.953125                       1                       1
                2.109375                       1                       1
                2.265625                       1                       1
                2.421875                       1                       1
                2.578125                       1                       1
                2.734375                       1                       1
                2.890625                       1                       1
                3.046875                       1                       1
                3.203125                       1                       1
                3.359375                       1                       1
                3.515625                       1                       1
                3.671875                       1                       1
                3.828125                       1                       1
                3.984375                       1                       1
                4.140625                       1                       1
                4.296875                       1                       1
                4.453125                       1                       1
                4.609375                       1                       1
                4.765625                       1                       1
                4.921875                       1                       1
                5.078125                       1                       1
                5.234375                       1                       1
                5.390625                       1                       1
                5.546875                       1                       1
                5.703125                       1                       1
                5.859375                       1                       1
                6.015625                       1                       1
                6.171875                       1                       1
                6.328125                       1                       1
                6.484375                       1                       1
                6.640625                       1                       1
                6.796875                       1                       1
                6.953125                       1                       1
                7.109375                       1                       1
                7.265625                       1                       1
                7.421875                       1                       1
                7.578125                       1                       1
                7.734375                       1                       1
                7.890625                       1                       1
                8.046875                       1                       1
                8.203125                       1                       1
                8.359375                       1                       1
                8.515625                       1                       1
                8.671875                       1                       1
                8.828125                       1                       1
                8.984375                       1                       1
                9.140625                       1                       1
                9.296875                       1                       1
                9.453125                       1                       1
                9.609375                       1                       1
                9.765625                       1                       1
                9.921875                       1                       1
               10.078125                       1                       1
               10.234375                       1                       1
               10.390625                       1                       1
               10.546875                       1                       1
               10.703125                       1                       1
               10.859375                       1                       1
               11.015625                       1                       1
               11.171875                       1                       1
               11.328125                       1                       1
               11.484375                       1                       1
               11.640625                       1                       1
               11.796875                       1                       1
               11.953125                       1                       1
               12.109375                       1                       1
               12.265625                       1                       1
               12.421875                       1                       1
               12.578125                       1                       1
               12.734375                       1                       1
               12.890625                       1                       1
               13.046875                       1                       1
               13.203125                       1                       1
               13.359375                       1                       1
               13.515625                       1                       1
               13.671875                       1                       1
               13.828125                       1                       1
               13.984375                       1                       1
               14.140625                       1                       1
               14.296875                       1                       1
               14.453125                       1                       1
               14.609375                       1                       1
               14.765625                       1                       1
               14.921875                       1                       1
               15.078125                       1                       1
               15.234375                       1                       1
               15.390625                       1                       1
               15.546875                       1                       1
               15.703125                       1                       1
               15.859375                       1                       1
               16.015625                       1                       1
               16.171875                       1                       1
               16.328125                       1                       1
               16.484375                       1                       1
               16.640625                       1                       1
               16.796875                       1                       1
               16.953125                       1                       1
               17.109375                       1                       1
               17.265625                       1                       1
               17.421875                       1                       1
               17.578125                       1                       1
               17.734375                       1                       1
               17.890625                       1                       1
               18.046875                       1                       1
               18.203125                       1                       1
               18.359375                       1                       1
               18.515625                       1                       1
               18.671875                       1                       1
               18.828125                       1                       1
               18.984375                       1                       1
               19.140625                       1                       1
               19.296875                       1                       1
               19.453125                       1                       1
               19.609375                       1                       1
               19.765625                       1                       1
               19.921875                       1                       1
               20.078125                       1                       1
               20.234375                       1                       1
               20.390625                       1                       1
               20.546875                       1                       1
