# File created on Tue Jul  7 15:36:44 2026
# Data for Inflation GW initial data initial data at coord time 0 and central proper time 0
# Evolved with (136,10,9) gridpoints (including 4 ghosts)
# Evolution with geodesic slicing and constant shift shift condition 
# data for phi = 3.14159
#              r           theta               lapse
#===============================================================
        0.078125      0.78539816                       1
        0.078125       2.3561945                       1

        0.234375      0.78539816                       1
        0.234375       2.3561945                       1

        0.390625      0.78539816                       1
        0.390625       2.3561945                       1

        0.546875      0.78539816                       1
        0.546875       2.3561945                       1

        0.703125      0.78539816                       1
        0.703125       2.3561945                       1

        0.859375      0.78539816                       1
        0.859375       2.3561945                       1

        1.015625      0.78539816                       1
        1.015625       2.3561945                       1

        1.171875      0.78539816                       1
        1.171875       2.3561945                       1

        1.328125      0.78539816                       1
        1.328125       2.3561945                       1

        1.484375      0.78539816                       1
        1.484375       2.3561945                       1

        1.640625      0.78539816                       1
        1.640625       2.3561945                       1

        1.796875      0.78539816                       1
        1.796875       2.3561945                       1

        1.953125      0.78539816                       1
        1.953125       2.3561945                       1

        2.109375      0.78539816                       1
        2.109375       2.3561945                       1

        2.265625      0.78539816                       1
        2.265625       2.3561945                       1

        2.421875      0.78539816                       1
        2.421875       2.3561945                       1

        2.578125      0.78539816                       1
        2.578125       2.3561945                       1

        2.734375      0.78539816                       1
        2.734375       2.3561945                       1

        2.890625      0.78539816                       1
        2.890625       2.3561945                       1

        3.046875      0.78539816                       1
        3.046875       2.3561945                       1

        3.203125      0.78539816                       1
        3.203125       2.3561945                       1

        3.359375      0.78539816                       1
        3.359375       2.3561945                       1

        3.515625      0.78539816                       1
        3.515625       2.3561945                       1

        3.671875      0.78539816                       1
        3.671875       2.3561945                       1

        3.828125      0.78539816                       1
        3.828125       2.3561945                       1

        3.984375      0.78539816                       1
        3.984375       2.3561945                       1

        4.140625      0.78539816                       1
        4.140625       2.3561945                       1

        4.296875      0.78539816                       1
        4.296875       2.3561945                       1

        4.453125      0.78539816                       1
        4.453125       2.3561945                       1

        4.609375      0.78539816                       1
        4.609375       2.3561945                       1

        4.765625      0.78539816                       1
        4.765625       2.3561945                       1

        4.921875      0.78539816                       1
        4.921875       2.3561945                       1

        5.078125      0.78539816                       1
        5.078125       2.3561945                       1

        5.234375      0.78539816                       1
        5.234375       2.3561945                       1

        5.390625      0.78539816                       1
        5.390625       2.3561945                       1

        5.546875      0.78539816                       1
        5.546875       2.3561945                       1

        5.703125      0.78539816                       1
        5.703125       2.3561945                       1

        5.859375      0.78539816                       1
        5.859375       2.3561945                       1

        6.015625      0.78539816                       1
        6.015625       2.3561945                       1

        6.171875      0.78539816                       1
        6.171875       2.3561945                       1

        6.328125      0.78539816                       1
        6.328125       2.3561945                       1

        6.484375      0.78539816                       1
        6.484375       2.3561945                       1

        6.640625      0.78539816                       1
        6.640625       2.3561945                       1

        6.796875      0.78539816                       1
        6.796875       2.3561945                       1

        6.953125      0.78539816                       1
        6.953125       2.3561945                       1

        7.109375      0.78539816                       1
        7.109375       2.3561945                       1

        7.265625      0.78539816                       1
        7.265625       2.3561945                       1

        7.421875      0.78539816                       1
        7.421875       2.3561945                       1

        7.578125      0.78539816                       1
        7.578125       2.3561945                       1

        7.734375      0.78539816                       1
        7.734375       2.3561945                       1

        7.890625      0.78539816                       1
        7.890625       2.3561945                       1

        8.046875      0.78539816                       1
        8.046875       2.3561945                       1

        8.203125      0.78539816                       1
        8.203125       2.3561945                       1

        8.359375      0.78539816                       1
        8.359375       2.3561945                       1

        8.515625      0.78539816                       1
        8.515625       2.3561945                       1

        8.671875      0.78539816                       1
        8.671875       2.3561945                       1

        8.828125      0.78539816                       1
        8.828125       2.3561945                       1

        8.984375      0.78539816                       1
        8.984375       2.3561945                       1

        9.140625      0.78539816                       1
        9.140625       2.3561945                       1

        9.296875      0.78539816                       1
        9.296875       2.3561945                       1

        9.453125      0.78539816                       1
        9.453125       2.3561945                       1

        9.609375      0.78539816                       1
        9.609375       2.3561945                       1

        9.765625      0.78539816                       1
        9.765625       2.3561945                       1

        9.921875      0.78539816                       1
        9.921875       2.3561945                       1

       10.078125      0.78539816                       1
       10.078125       2.3561945                       1

       10.234375      0.78539816                       1
       10.234375       2.3561945                       1

       10.390625      0.78539816                       1
       10.390625       2.3561945                       1

       10.546875      0.78539816                       1
       10.546875       2.3561945                       1

       10.703125      0.78539816                       1
       10.703125       2.3561945                       1

       10.859375      0.78539816                       1
       10.859375       2.3561945                       1

       11.015625      0.78539816                       1
       11.015625       2.3561945                       1

       11.171875      0.78539816                       1
       11.171875       2.3561945                       1

       11.328125      0.78539816                       1
       11.328125       2.3561945                       1

       11.484375      0.78539816                       1
       11.484375       2.3561945                       1

       11.640625      0.78539816                       1
       11.640625       2.3561945                       1

       11.796875      0.78539816                       1
       11.796875       2.3561945                       1

       11.953125      0.78539816                       1
       11.953125       2.3561945                       1

       12.109375      0.78539816                       1
       12.109375       2.3561945                       1

       12.265625      0.78539816                       1
       12.265625       2.3561945                       1

       12.421875      0.78539816                       1
       12.421875       2.3561945                       1

       12.578125      0.78539816                       1
       12.578125       2.3561945                       1

       12.734375      0.78539816                       1
       12.734375       2.3561945                       1

       12.890625      0.78539816                       1
       12.890625       2.3561945                       1

       13.046875      0.78539816                       1
       13.046875       2.3561945                       1

       13.203125      0.78539816                       1
       13.203125       2.3561945                       1

       13.359375      0.78539816                       1
       13.359375       2.3561945                       1

       13.515625      0.78539816                       1
       13.515625       2.3561945                       1

       13.671875      0.78539816                       1
       13.671875       2.3561945                       1

       13.828125      0.78539816                       1
       13.828125       2.3561945                       1

       13.984375      0.78539816                       1
       13.984375       2.3561945                       1

       14.140625      0.78539816                       1
       14.140625       2.3561945                       1

       14.296875      0.78539816                       1
       14.296875       2.3561945                       1

       14.453125      0.78539816                       1
       14.453125       2.3561945                       1

       14.609375      0.78539816                       1
       14.609375       2.3561945                       1

       14.765625      0.78539816                       1
       14.765625       2.3561945                       1

       14.921875      0.78539816                       1
       14.921875       2.3561945                       1

       15.078125      0.78539816                       1
       15.078125       2.3561945                       1

       15.234375      0.78539816                       1
       15.234375       2.3561945                       1

       15.390625      0.78539816                       1
       15.390625       2.3561945                       1

       15.546875      0.78539816                       1
       15.546875       2.3561945                       1

       15.703125      0.78539816                       1
       15.703125       2.3561945                       1

       15.859375      0.78539816                       1
       15.859375       2.3561945                       1

       16.015625      0.78539816                       1
       16.015625       2.3561945                       1

       16.171875      0.78539816                       1
       16.171875       2.3561945                       1

       16.328125      0.78539816                       1
       16.328125       2.3561945                       1

       16.484375      0.78539816                       1
       16.484375       2.3561945                       1

       16.640625      0.78539816                       1
       16.640625       2.3561945                       1

       16.796875      0.78539816                       1
       16.796875       2.3561945                       1

       16.953125      0.78539816                       1
       16.953125       2.3561945                       1

       17.109375      0.78539816                       1
       17.109375       2.3561945                       1

       17.265625      0.78539816                       1
       17.265625       2.3561945                       1

       17.421875      0.78539816                       1
       17.421875       2.3561945                       1

       17.578125      0.78539816                       1
       17.578125       2.3561945                       1

       17.734375      0.78539816                       1
       17.734375       2.3561945                       1

       17.890625      0.78539816                       1
       17.890625       2.3561945                       1

       18.046875      0.78539816                       1
       18.046875       2.3561945                       1

       18.203125      0.78539816                       1
       18.203125       2.3561945                       1

       18.359375      0.78539816                       1
       18.359375       2.3561945                       1

       18.515625      0.78539816                       1
       18.515625       2.3561945                       1

       18.671875      0.78539816                       1
       18.671875       2.3561945                       1

       18.828125      0.78539816                       1
       18.828125       2.3561945                       1

       18.984375      0.78539816                       1
       18.984375       2.3561945                       1

       19.140625      0.78539816                       1
       19.140625       2.3561945                       1

       19.296875      0.78539816                       1
       19.296875       2.3561945                       1

       19.453125      0.78539816                       1
       19.453125       2.3561945                       1

       19.609375      0.78539816                       1
       19.609375       2.3561945                       1

       19.765625      0.78539816                       1
       19.765625       2.3561945                       1

       19.921875      0.78539816                       1
       19.921875       2.3561945                       1

       20.078125      0.78539816                       1
       20.078125       2.3561945                       1

       20.234375      0.78539816                       1
       20.234375       2.3561945                       1

       20.390625      0.78539816                       1
       20.390625       2.3561945                       1

       20.546875      0.78539816                       1
       20.546875       2.3561945                       1

