# File created on Wed Jul  8 11:31:14 2026
# Data for Inflation GW initial data initial data at coord time 0.163788 and central proper time 0.163788
# Evolved with (264,10,9) gridpoints (including 4 ghosts)
# Evolution with geodesic slicing and constant shift shift condition 
# data for phi = 3.14159
#              r           theta               lapse
#===============================================================
     0.025065104      0.78539816                       1
     0.025065104       2.3561945                       1

     0.075195312      0.78539816                       1
     0.075195312       2.3561945                       1

      0.12532552      0.78539816                       1
      0.12532552       2.3561945                       1

      0.17545573      0.78539816                       1
      0.17545573       2.3561945                       1

      0.22558594      0.78539816                       1
      0.22558594       2.3561945                       1

      0.27571615      0.78539816                       1
      0.27571615       2.3561945                       1

      0.32584635      0.78539816                       1
      0.32584635       2.3561945                       1

      0.37597656      0.78539816                       1
      0.37597656       2.3561945                       1

      0.42610677      0.78539816                       1
      0.42610677       2.3561945                       1

      0.47623698      0.78539816                       1
      0.47623698       2.3561945                       1

      0.52636719      0.78539816                       1
      0.52636719       2.3561945                       1

       0.5764974      0.78539816                       1
       0.5764974       2.3561945                       1

       0.6266276      0.78539816                       1
       0.6266276       2.3561945                       1

      0.67675781      0.78539816                       1
      0.67675781       2.3561945                       1

      0.72688802      0.78539816                       1
      0.72688802       2.3561945                       1

      0.77701823      0.78539816                       1
      0.77701823       2.3561945                       1

      0.82714844      0.78539816                       1
      0.82714844       2.3561945                       1

      0.87727865      0.78539816                       1
      0.87727865       2.3561945                       1

      0.92740885      0.78539816                       1
      0.92740885       2.3561945                       1

      0.97753906      0.78539816                       1
      0.97753906       2.3561945                       1

       1.0276693      0.78539816                       1
       1.0276693       2.3561945                       1

       1.0777995      0.78539816                       1
       1.0777995       2.3561945                       1

       1.1279297      0.78539816                       1
       1.1279297       2.3561945                       1

       1.1780599      0.78539816                       1
       1.1780599       2.3561945                       1

       1.2281901      0.78539816                       1
       1.2281901       2.3561945                       1

       1.2783203      0.78539816                       1
       1.2783203       2.3561945                       1

       1.3284505      0.78539816                       1
       1.3284505       2.3561945                       1

       1.3785807      0.78539816                       1
       1.3785807       2.3561945                       1

       1.4287109      0.78539816                       1
       1.4287109       2.3561945                       1

       1.4788411      0.78539816                       1
       1.4788411       2.3561945                       1

       1.5289714      0.78539816                       1
       1.5289714       2.3561945                       1

       1.5791016      0.78539816                       1
       1.5791016       2.3561945                       1

       1.6292318      0.78539816                       1
       1.6292318       2.3561945                       1

        1.679362      0.78539816                       1
        1.679362       2.3561945                       1

       1.7294922      0.78539816                       1
       1.7294922       2.3561945                       1

       1.7796224      0.78539816                       1
       1.7796224       2.3561945                       1

       1.8297526      0.78539816                       1
       1.8297526       2.3561945                       1

       1.8798828      0.78539816                       1
       1.8798828       2.3561945                       1

        1.930013      0.78539816                       1
        1.930013       2.3561945                       1

       1.9801432      0.78539816                       1
       1.9801432       2.3561945                       1

       2.0302734      0.78539816                       1
       2.0302734       2.3561945                       1

       2.0804036      0.78539816                       1
       2.0804036       2.3561945                       1

       2.1305339      0.78539816                       1
       2.1305339       2.3561945                       1

       2.1806641      0.78539816                       1
       2.1806641       2.3561945                       1

       2.2307943      0.78539816                       1
       2.2307943       2.3561945                       1

       2.2809245      0.78539816                       1
       2.2809245       2.3561945                       1

       2.3310547      0.78539816                       1
       2.3310547       2.3561945                       1

       2.3811849      0.78539816                       1
       2.3811849       2.3561945                       1

       2.4313151      0.78539816                       1
       2.4313151       2.3561945                       1

       2.4814453      0.78539816                       1
       2.4814453       2.3561945                       1

       2.5315755      0.78539816                       1
       2.5315755       2.3561945                       1

       2.5817057      0.78539816                       1
       2.5817057       2.3561945                       1

       2.6318359      0.78539816                       1
       2.6318359       2.3561945                       1

       2.6819661      0.78539816                       1
       2.6819661       2.3561945                       1

       2.7320964      0.78539816                       1
       2.7320964       2.3561945                       1

       2.7822266      0.78539816                       1
       2.7822266       2.3561945                       1

       2.8323568      0.78539816                       1
       2.8323568       2.3561945                       1

        2.882487      0.78539816                       1
        2.882487       2.3561945                       1

       2.9326172      0.78539816                       1
       2.9326172       2.3561945                       1

       2.9827474      0.78539816                       1
       2.9827474       2.3561945                       1

       3.0328776      0.78539816                       1
       3.0328776       2.3561945                       1

       3.0830078      0.78539816                       1
       3.0830078       2.3561945                       1

        3.133138      0.78539816                       1
        3.133138       2.3561945                       1

       3.1832682      0.78539816                       1
       3.1832682       2.3561945                       1

       3.2333984      0.78539816                       1
       3.2333984       2.3561945                       1

       3.2835286      0.78539816                       1
       3.2835286       2.3561945                       1

       3.3336589      0.78539816                       1
       3.3336589       2.3561945                       1

       3.3837891      0.78539816                       1
       3.3837891       2.3561945                       1

       3.4339193      0.78539816                       1
       3.4339193       2.3561945                       1

       3.4840495      0.78539816                       1
       3.4840495       2.3561945                       1

       3.5341797      0.78539816                       1
       3.5341797       2.3561945                       1

       3.5843099      0.78539816                       1
       3.5843099       2.3561945                       1

       3.6344401      0.78539816                       1
       3.6344401       2.3561945                       1

       3.6845703      0.78539816                       1
       3.6845703       2.3561945                       1

       3.7347005      0.78539816                       1
       3.7347005       2.3561945                       1

       3.7848307      0.78539816                       1
       3.7848307       2.3561945                       1

       3.8349609      0.78539816                       1
       3.8349609       2.3561945                       1

       3.8850911      0.78539816                       1
       3.8850911       2.3561945                       1

       3.9352214      0.78539816                       1
       3.9352214       2.3561945                       1

       3.9853516      0.78539816                       1
       3.9853516       2.3561945                       1

       4.0354818      0.78539816                       1
       4.0354818       2.3561945                       1

        4.085612      0.78539816                       1
        4.085612       2.3561945                       1

       4.1357422      0.78539816                       1
       4.1357422       2.3561945                       1

       4.1858724      0.78539816                       1
       4.1858724       2.3561945                       1

       4.2360026      0.78539816                       1
       4.2360026       2.3561945                       1

       4.2861328      0.78539816                       1
       4.2861328       2.3561945                       1

        4.336263      0.78539816                       1
        4.336263       2.3561945                       1

       4.3863932      0.78539816                       1
       4.3863932       2.3561945                       1

       4.4365234      0.78539816                       1
       4.4365234       2.3561945                       1

       4.4866536      0.78539816                       1
       4.4866536       2.3561945                       1

       4.5367839      0.78539816                       1
       4.5367839       2.3561945                       1

       4.5869141      0.78539816                       1
       4.5869141       2.3561945                       1

       4.6370443      0.78539816                       1
       4.6370443       2.3561945                       1

       4.6871745      0.78539816                       1
       4.6871745       2.3561945                       1

       4.7373047      0.78539816                       1
       4.7373047       2.3561945                       1

       4.7874349      0.78539816                       1
       4.7874349       2.3561945                       1

       4.8375651      0.78539816                       1
       4.8375651       2.3561945                       1

       4.8876953      0.78539816                       1
       4.8876953       2.3561945                       1

       4.9378255      0.78539816                       1
       4.9378255       2.3561945                       1

       4.9879557      0.78539816                       1
       4.9879557       2.3561945                       1

       5.0380859      0.78539816                       1
       5.0380859       2.3561945                       1

       5.0882161      0.78539816                       1
       5.0882161       2.3561945                       1

       5.1383464      0.78539816                       1
       5.1383464       2.3561945                       1

       5.1884766      0.78539816                       1
       5.1884766       2.3561945                       1

       5.2386068      0.78539816                       1
       5.2386068       2.3561945                       1

        5.288737      0.78539816                       1
        5.288737       2.3561945                       1

       5.3388672      0.78539816                       1
       5.3388672       2.3561945                       1

       5.3889974      0.78539816                       1
       5.3889974       2.3561945                       1

       5.4391276      0.78539816                       1
       5.4391276       2.3561945                       1

       5.4892578      0.78539816                       1
       5.4892578       2.3561945                       1

        5.539388      0.78539816                       1
        5.539388       2.3561945                       1

       5.5895182      0.78539816                       1
       5.5895182       2.3561945                       1

       5.6396484      0.78539816                       1
       5.6396484       2.3561945                       1

       5.6897786      0.78539816                       1
       5.6897786       2.3561945                       1

       5.7399089      0.78539816                       1
       5.7399089       2.3561945                       1

       5.7900391      0.78539816                       1
       5.7900391       2.3561945                       1

       5.8401693      0.78539816                       1
       5.8401693       2.3561945                       1

       5.8902995      0.78539816                       1
       5.8902995       2.3561945                       1

       5.9404297      0.78539816                       1
       5.9404297       2.3561945                       1

       5.9905599      0.78539816                       1
       5.9905599       2.3561945                       1

       6.0406901      0.78539816                       1
       6.0406901       2.3561945                       1

       6.0908203      0.78539816                       1
       6.0908203       2.3561945                       1

       6.1409505      0.78539816                       1
       6.1409505       2.3561945                       1

       6.1910807      0.78539816                       1
       6.1910807       2.3561945                       1

       6.2412109      0.78539816                       1
       6.2412109       2.3561945                       1

       6.2913411      0.78539816                       1
       6.2913411       2.3561945                       1

       6.3414714      0.78539816                       1
       6.3414714       2.3561945                       1

       6.3916016      0.78539816                       1
       6.3916016       2.3561945                       1

       6.4417318      0.78539816                       1
       6.4417318       2.3561945                       1

        6.491862      0.78539816                       1
        6.491862       2.3561945                       1

       6.5419922      0.78539816                       1
       6.5419922       2.3561945                       1

       6.5921224      0.78539816                       1
       6.5921224       2.3561945                       1

       6.6422526      0.78539816                       1
       6.6422526       2.3561945                       1

       6.6923828      0.78539816                       1
       6.6923828       2.3561945                       1

        6.742513      0.78539816                       1
        6.742513       2.3561945                       1

       6.7926432      0.78539816                       1
       6.7926432       2.3561945                       1

       6.8427734      0.78539816                       1
       6.8427734       2.3561945                       1

       6.8929036      0.78539816                       1
       6.8929036       2.3561945                       1

       6.9430339      0.78539816                       1
       6.9430339       2.3561945                       1

       6.9931641      0.78539816                       1
       6.9931641       2.3561945                       1

       7.0432943      0.78539816                       1
       7.0432943       2.3561945                       1

       7.0934245      0.78539816                       1
       7.0934245       2.3561945                       1

       7.1435547      0.78539816                       1
       7.1435547       2.3561945                       1

       7.1936849      0.78539816                       1
       7.1936849       2.3561945                       1

       7.2438151      0.78539816                       1
       7.2438151       2.3561945                       1

       7.2939453      0.78539816                       1
       7.2939453       2.3561945                       1

       7.3440755      0.78539816                       1
       7.3440755       2.3561945                       1

       7.3942057      0.78539816                       1
       7.3942057       2.3561945                       1

       7.4443359      0.78539816                       1
       7.4443359       2.3561945                       1

       7.4944661      0.78539816                       1
       7.4944661       2.3561945                       1

       7.5445964      0.78539816                       1
       7.5445964       2.3561945                       1

       7.5947266      0.78539816                       1
       7.5947266       2.3561945                       1

       7.6448568      0.78539816                       1
       7.6448568       2.3561945                       1

        7.694987      0.78539816                       1
        7.694987       2.3561945                       1

       7.7451172      0.78539816                       1
       7.7451172       2.3561945                       1

       7.7952474      0.78539816                       1
       7.7952474       2.3561945                       1

       7.8453776      0.78539816                       1
       7.8453776       2.3561945                       1

       7.8955078      0.78539816                       1
       7.8955078       2.3561945                       1

        7.945638      0.78539816                       1
        7.945638       2.3561945                       1

       7.9957682      0.78539816                       1
       7.9957682       2.3561945                       1

       8.0458984      0.78539816                       1
       8.0458984       2.3561945                       1

       8.0960286      0.78539816                       1
       8.0960286       2.3561945                       1

       8.1461589      0.78539816                       1
       8.1461589       2.3561945                       1

       8.1962891      0.78539816                       1
       8.1962891       2.3561945                       1

       8.2464193      0.78539816                       1
       8.2464193       2.3561945                       1

       8.2965495      0.78539816                       1
       8.2965495       2.3561945                       1

       8.3466797      0.78539816                       1
       8.3466797       2.3561945                       1

       8.3968099      0.78539816                       1
       8.3968099       2.3561945                       1

       8.4469401      0.78539816                       1
       8.4469401       2.3561945                       1

       8.4970703      0.78539816                       1
       8.4970703       2.3561945                       1

       8.5472005      0.78539816                       1
       8.5472005       2.3561945                       1

       8.5973307      0.78539816                       1
       8.5973307       2.3561945                       1

       8.6474609      0.78539816                       1
       8.6474609       2.3561945                       1

       8.6975911      0.78539816                       1
       8.6975911       2.3561945                       1

       8.7477214      0.78539816                       1
       8.7477214       2.3561945                       1

       8.7978516      0.78539816                       1
       8.7978516       2.3561945                       1

       8.8479818      0.78539816                       1
       8.8479818       2.3561945                       1

        8.898112      0.78539816                       1
        8.898112       2.3561945                       1

       8.9482422      0.78539816                       1
       8.9482422       2.3561945                       1

       8.9983724      0.78539816                       1
       8.9983724       2.3561945                       1

       9.0485026      0.78539816                       1
       9.0485026       2.3561945                       1

       9.0986328      0.78539816                       1
       9.0986328       2.3561945                       1

        9.148763      0.78539816                       1
        9.148763       2.3561945                       1

       9.1988932      0.78539816                       1
       9.1988932       2.3561945                       1

       9.2490234      0.78539816                       1
       9.2490234       2.3561945                       1

       9.2991536      0.78539816                       1
       9.2991536       2.3561945                       1

       9.3492839      0.78539816                       1
       9.3492839       2.3561945                       1

       9.3994141      0.78539816                       1
       9.3994141       2.3561945                       1

       9.4495443      0.78539816                       1
       9.4495443       2.3561945                       1

       9.4996745      0.78539816                       1
       9.4996745       2.3561945                       1

       9.5498047      0.78539816                       1
       9.5498047       2.3561945                       1

       9.5999349      0.78539816                       1
       9.5999349       2.3561945                       1

       9.6500651      0.78539816                       1
       9.6500651       2.3561945                       1

       9.7001953      0.78539816                       1
       9.7001953       2.3561945                       1

       9.7503255      0.78539816                       1
       9.7503255       2.3561945                       1

       9.8004557      0.78539816                       1
       9.8004557       2.3561945                       1

       9.8505859      0.78539816                       1
       9.8505859       2.3561945                       1

       9.9007161      0.78539816                       1
       9.9007161       2.3561945                       1

       9.9508464      0.78539816                       1
       9.9508464       2.3561945                       1

       10.000977      0.78539816                       1
       10.000977       2.3561945                       1

       10.051107      0.78539816                       1
       10.051107       2.3561945                       1

       10.101237      0.78539816                       1
       10.101237       2.3561945                       1

       10.151367      0.78539816                       1
       10.151367       2.3561945                       1

       10.201497      0.78539816                       1
       10.201497       2.3561945                       1

       10.251628      0.78539816                       1
       10.251628       2.3561945                       1

       10.301758      0.78539816                       1
       10.301758       2.3561945                       1

       10.351888      0.78539816                       1
       10.351888       2.3561945                       1

       10.402018      0.78539816                       1
       10.402018       2.3561945                       1

       10.452148      0.78539816                       1
       10.452148       2.3561945                       1

       10.502279      0.78539816                       1
       10.502279       2.3561945                       1

       10.552409      0.78539816                       1
       10.552409       2.3561945                       1

       10.602539      0.78539816                       1
       10.602539       2.3561945                       1

       10.652669      0.78539816                       1
       10.652669       2.3561945                       1

       10.702799      0.78539816                       1
       10.702799       2.3561945                       1

        10.75293      0.78539816                       1
        10.75293       2.3561945                       1

        10.80306      0.78539816                       1
        10.80306       2.3561945                       1

        10.85319      0.78539816                       1
        10.85319       2.3561945                       1

        10.90332      0.78539816                       1
        10.90332       2.3561945                       1

       10.953451      0.78539816                       1
       10.953451       2.3561945                       1

       11.003581      0.78539816                       1
       11.003581       2.3561945                       1

       11.053711      0.78539816                       1
       11.053711       2.3561945                       1

       11.103841      0.78539816                       1
       11.103841       2.3561945                       1

       11.153971      0.78539816                       1
       11.153971       2.3561945                       1

       11.204102      0.78539816                       1
       11.204102       2.3561945                       1

       11.254232      0.78539816                       1
       11.254232       2.3561945                       1

       11.304362      0.78539816                       1
       11.304362       2.3561945                       1

       11.354492      0.78539816                       1
       11.354492       2.3561945                       1

       11.404622      0.78539816                       1
       11.404622       2.3561945                       1

       11.454753      0.78539816                       1
       11.454753       2.3561945                       1

       11.504883      0.78539816                       1
       11.504883       2.3561945                       1

       11.555013      0.78539816                       1
       11.555013       2.3561945                       1

       11.605143      0.78539816                       1
       11.605143       2.3561945                       1

       11.655273      0.78539816                       1
       11.655273       2.3561945                       1

       11.705404      0.78539816                       1
       11.705404       2.3561945                       1

       11.755534      0.78539816                       1
       11.755534       2.3561945                       1

       11.805664      0.78539816                       1
       11.805664       2.3561945                       1

       11.855794      0.78539816                       1
       11.855794       2.3561945                       1

       11.905924      0.78539816                       1
       11.905924       2.3561945                       1

       11.956055      0.78539816                       1
       11.956055       2.3561945                       1

       12.006185      0.78539816                       1
       12.006185       2.3561945                       1

       12.056315      0.78539816                       1
       12.056315       2.3561945                       1

       12.106445      0.78539816                       1
       12.106445       2.3561945                       1

       12.156576      0.78539816                       1
       12.156576       2.3561945                       1

       12.206706      0.78539816                       1
       12.206706       2.3561945                       1

       12.256836      0.78539816                       1
       12.256836       2.3561945                       1

       12.306966      0.78539816                       1
       12.306966       2.3561945                       1

       12.357096      0.78539816                       1
       12.357096       2.3561945                       1

       12.407227      0.78539816                       1
       12.407227       2.3561945                       1

       12.457357      0.78539816                       1
       12.457357       2.3561945                       1

       12.507487      0.78539816                       1
       12.507487       2.3561945                       1

       12.557617      0.78539816                       1
       12.557617       2.3561945                       1

       12.607747      0.78539816                       1
       12.607747       2.3561945                       1

       12.657878      0.78539816                       1
       12.657878       2.3561945                       1

       12.708008      0.78539816                       1
       12.708008       2.3561945                       1

       12.758138      0.78539816                       1
       12.758138       2.3561945                       1

       12.808268      0.78539816                       1
       12.808268       2.3561945                       1

       12.858398      0.78539816                       1
       12.858398       2.3561945                       1

       12.908529      0.78539816                       1
       12.908529       2.3561945                       1

       12.958659      0.78539816                       1
       12.958659       2.3561945                       1

       13.008789      0.78539816                       1
       13.008789       2.3561945                       1

