# File created on Tue Jul  7 15:36:44 2026
# ======================================== 
# = Running code assuming AXISYMMETRY    = 
# ======================================== 
# Data for Inflation GW initial data initial data at coord. time 0 and proper central time 0
# Evolved with (136,10,9) gridpoints (including 4 ghosts)
# Evolution with geodesic slicing and constant shift
# using eighth-order spatial differencing with 4 ghost zones 
# data 1 at theta = 0 and phi = 3.14159
# data 2 at theta = 1.5708 and phi = 3.14159
#                      r                   Mom_r                   Mom_r
#                               (     0,3.14159)        (1.5708,3.14159)
#========================================================================
               -0.546875  -9.263470725716888e-05  -9.263470725716189e-05
               -0.390625      0.0137327006593585     0.01373270065935852
               -0.234375      0.0176915935602987     0.01769159356029848
               -0.078125    0.008195721093119163     0.00819572109311913
                0.078125   -0.008195721093119097    -0.00819572109311913
                0.234375    -0.01769159356029825    -0.01769159356029847
                0.390625    -0.01373270065935854    -0.01373270065935852
                0.546875   9.263470725715489e-05   9.263470725716189e-05
                0.703125     0.01622431605505972     0.01622431605505969
                0.859375     0.02887038522435266     0.02887038522435272
                1.015625     0.03524204363264705     0.03524204363264714
                1.171875      0.0353199391829219     0.03531993918292146
                1.328125     0.03092201515761678     0.03092201515761678
                1.484375     0.02450222334749997     0.02450222334750029
                1.640625     0.01814003706320414     0.01814003706320389
                1.796875     0.01301404553398364      0.0130140455339839
                1.953125    0.009410255400883203    0.009410255400883742
                2.109375    0.007069700166977796    0.007069700166977303
                2.265625    0.005575117603526739    0.005575117603526527
                2.421875    0.004580312926471219    0.004580312926471918
                2.578125    0.003868710005704727     0.00386871000570518
                2.734375    0.003324534704831071    0.003324534704830873
                2.890625    0.002889310254930797    0.002889310254930384
                3.046875    0.002532068844458254     0.00253206884445811
                3.203125    0.002234293350914675    0.002234293350914665
                3.359375    0.001983452048563574    0.001983452048563729
                3.515625    0.001770356877434923    0.001770356877435167
                3.671875    0.001587990037045619    0.001587990037045609
                3.828125     0.00143087810036593      0.0014308781003659
                3.984375    0.001294695958646933    0.001294695958646944
                4.140625    0.001175990797697248    0.001175990797696896
                4.296875    0.001071981304406237    0.001071981304405502
                4.453125   0.0009804085943021217    0.000980408594301858
                4.609375   0.0008994240835397513   0.0008994240835402973
                4.765625   0.0008275042393574151   0.0008275042393579397
                4.921875   0.0007633851323558589   0.0007633851323561371
                5.078125   0.0007060117351195856   0.0007060117351196387
                5.234375   0.0006544983119035589   0.0006544983119033112
                5.390625   0.0006080972279064257   0.0006080972279064805
                5.546875   0.0005661742059272485   0.0005661742059275892
                5.703125   0.0005281885606222381   0.0005281885606220388
                5.859375   0.0004936773052475782   0.0004936773052470148
                6.015625   0.0004622422929958043   0.0004622422929956137
                6.171875   0.0004335397526086723   0.0004335397526089875
                6.328125   0.0004072717252841383   0.0004072717252845137
                6.484375   0.0003831790206558443    0.000383179020655794
                6.640625   0.0003610353935144365   0.0003610353935139293
                6.796875   0.0003406427069331201   0.0003406427069326355
                6.953125   0.0003218268966276602   0.0003218268966279034
                7.109375   0.0003044345893877939   0.0003044345893882983
                7.265625   0.0002883302579823006   0.0002883302579821467
                7.421875   0.0002733938180868302   0.0002733938180864557
                7.578125   0.0002595185909878461   0.0002595185909879223
                7.734375   0.0002466095702212021   0.0002466095702214577
                7.890625   0.0002345819417595632   0.0002345819417596729
                8.046875   0.0002233598165259862   0.0002233598165260862
                8.203125    0.000212875141354514   0.0002128751413549176
                8.359375   0.0002030667604449537   0.0002030667604454241
                8.515625    0.000193879604166825   0.0001938796041668632
                8.671875   0.0001852639859791824   0.0001852639859789311
                8.828125   0.0001771749914353295   0.0001771749914350043
                8.984375   0.0001695719458520699   0.0001695719458517818
                9.140625   0.0001624179493737465   0.0001624179493737164
                9.296875   0.0001556794699054519   0.0001556794699055878
                9.453125   0.0001493259858199564   0.0001493259858200456
                9.609375   0.0001433296715744024    0.000143329671574615
                9.765625   0.0001376651204607933   0.0001376651204610754
                9.921875   0.0001323090996955283   0.0001323090996954618
               10.078125   0.0001272403339008173   0.0001272403339004632
               10.234375   0.0001224393136067977   0.0001224393136065873
               10.390625     0.00011788812561257   0.0001178881256127553
               10.546875   0.0001135703019979661   0.0001135703019985185
               10.703125   0.0001094706845789899   0.0001094706845793795
               10.859375   0.0001055753020869451   0.0001055753020866133
               11.015625   0.0001018712585806486    0.000101871258579941
               11.171875   9.834663327082504e-05   9.834663327047352e-05
               11.328125   9.499039313312685e-05   9.499039313318708e-05
               11.484375   9.179231931244793e-05   9.179231931229315e-05
               11.640625   8.874294589819951e-05   8.874294589761299e-05
               11.796875   8.583350607709397e-05   8.583350607655397e-05
               11.953125   8.305587818400678e-05   8.305587818394531e-05
               12.109375   8.040252525472649e-05   8.040252525522429e-05
               12.265625   7.786642729283217e-05   7.786642729326162e-05
               12.421875   7.544101362694506e-05   7.544101362693781e-05
               12.578125   7.312010894212597e-05   7.312010894217907e-05
               12.734375   7.089790597695491e-05   7.089790597739751e-05
               12.890625   6.876896857213305e-05   6.876896857275054e-05
               13.046875   6.672825395754429e-05   6.672825395776923e-05
               13.203125   6.477113039323975e-05   6.477113039299955e-05
               13.359375   6.289336373090914e-05   6.289336373041682e-05
               13.515625   6.109105803823982e-05   6.109105803765995e-05
               13.671875    5.93605575188032e-05   5.936055751851286e-05
               13.828125   5.769833925956357e-05   5.769833925955636e-05
               13.984375   5.610093689756711e-05    5.61009368977628e-05
               14.140625   5.456492728664312e-05   5.456492728722541e-05
               14.296875   5.308698790596417e-05   5.308698790677941e-05
               14.453125   5.166400252195753e-05   5.166400252245385e-05
               14.609375   5.029317012109667e-05   5.029317012110138e-05
               14.765625   4.897206836349032e-05   4.897206836348653e-05
               14.921875   4.769864010616977e-05   4.769864010628824e-05
               15.078125   4.647110197937604e-05     4.6471101979276e-05
               15.234375   4.528780189544227e-05   4.528780189512025e-05
               15.390625   4.414707025693915e-05   4.414707025656386e-05
               15.546875   4.304710979406181e-05   4.304710979384438e-05
               15.703125   4.198596264112743e-05   4.198596264128765e-05
               15.859375   4.096155003094651e-05   4.096155003120562e-05
               16.015625   3.997178053521577e-05   3.997178053506348e-05
               16.171875   3.901464648042487e-05   3.901464647997508e-05
               16.328125    3.80883974899075e-05   3.808839748940542e-05
               16.484375   3.719151520110285e-05   3.719151520069613e-05
               16.640625   3.632298801916767e-05   3.632298801915595e-05
               16.796875   3.548164836359903e-05    3.54816483640643e-05
               16.953125   3.466742794004082e-05   3.466742794079983e-05
               17.109375   3.387834142599496e-05   3.387834142657118e-05
               17.265625    3.31170516425501e-05   3.311705164254742e-05
               17.421875   3.237562683085769e-05    3.23756268304122e-05
               17.578125   3.166921153068766e-05   3.166921153032984e-05
               17.734375   3.096063845840598e-05   3.096063845822684e-05
               17.890625   3.033033761232021e-05   3.033033761212457e-05
               18.046875   2.959443604405275e-05   2.959443604398072e-05
               18.203125    2.91608929608108e-05   2.916089296094734e-05
               18.359375   2.810879789568933e-05   2.810879789581571e-05
               18.515625   2.850330871790997e-05   2.850330871790285e-05
               18.671875   2.570759955161871e-05   2.570759955167292e-05
               18.828125   3.012452363499126e-05   3.012452363499068e-05
               18.984375   1.839534064466366e-05   1.839534064441031e-05
               19.140625   4.298273331353786e-05   4.298273331313357e-05
               19.296875  -1.384551022832507e-05  -1.384551022860768e-05
               19.453125                       0                       0
               19.609375                       0                       0
               19.765625                       0                       0
               19.921875                       0                       0
               20.078125                       0                       0
               20.234375                       0                       0
               20.390625                       0                       0
               20.546875                       0                       0
