# File created on Wed Jul  8 11:31:18 2026
# ======================================== 
# = Running code assuming AXISYMMETRY    = 
# ======================================== 
# Data for Inflation GW initial data initial data at coord. time 1.12447 and proper central time 1.12447
# Evolved with (264,10,9) gridpoints (including 4 ghosts)
# Evolution with geodesic slicing and constant shift
# using eighth-order spatial differencing with 4 ghost zones 
# data 1 at theta = 0 and phi = 3.14159
# data 2 at theta = 1.5708 and phi = 3.14159
#                      r                   Mom_r                   Mom_r
#                               (     0,3.14159)        (1.5708,3.14159)
#========================================================================
     -0.1754557291666667  -0.0002447331478075612   -0.000244733147955224
     -0.1253255208333333    2.72065283227865e-05   2.720652829669989e-05
           -0.0751953125  -0.0002376300460819994  -0.0002376300459393957
    -0.02506510416666667  -0.0002025827991850651  -0.0002025827991495056
     0.02506510416666667   0.0002025827991139461   0.0002025827991495056
            0.0751953125    0.000237630045796792   0.0002376300459393957
      0.1253255208333333  -2.720652827061329e-05  -2.720652829669989e-05
      0.1754557291666667   0.0002447331481028869    0.000244733147955224
            0.2255859375   0.0001549747195420166   0.0001549747196859953
      0.2757161458333334    0.000277722992773322   0.0002777229927722205
      0.3258463541666667   0.0002873683132628166   0.0002873683131718596
            0.3759765625   0.0003634683753944994   0.0003634683755482544
      0.4261067708333334   0.0003991994466375363   0.0003991994466328672
      0.4762369791666667   0.0004828605420302156   0.0004828605420204579
            0.5263671875   0.0005111750060168431   0.0005111750060612982
      0.5764973958333334   0.0006340692568480636   0.0006340692568068788
      0.6266276041666667   0.0006584119818603424   0.0006584119818942146
            0.6767578125   0.0007879346214801077   0.0007879346215537777
      0.7268880208333334   0.0009575605636206004   0.0009575605636697945
      0.7770182291666667   0.0009345985343110458   0.0009345985342378467
            0.8271484375    0.001425836880647155    0.001425836880787162
      0.8772786458333334    0.002059993624229682    0.002059993624470506
      0.9274088541666667    0.001807680152629696    0.001807680152625939
            0.9775390625     0.00110779360814335    0.001107793608036509
       1.027669270833333   0.0007367421845208679   0.0007367421843972391
       1.077799479166667   0.0006247552660387988   0.0006247552660295259
            1.1279296875   0.0005339753892231241   0.0005339753893372143
       1.178059895833333   0.0004564610285905495    0.000456461028549817
       1.228190104166667   0.0004111773322575348   0.0004111773322384576
            1.2783203125   0.0003822974315653437   0.0003822974315579077
       1.328450520833333   0.0003622159648712735   0.0003622159649701653
       1.378580729166667   0.0003501525327697333   0.0003501525327222269
            1.4287109375   0.0003441104672296602   0.0003441104671367545
       1.478841145833333   0.0003423547824239256   0.0003423547825008311
       1.528971354166667   0.0003438852448148033   0.0003438852448692936
            1.5791015625   0.0003479141183094264   0.0003479141182755052
       1.629231770833333   0.0003538075118950941   0.0003538075119346937
       1.679361979166667   0.0003610813393048096   0.0003610813393156442
            1.7294921875   0.0003693521008409598   0.0003693521007713738
       1.779622395833333   0.0003783102635400303   0.0003783102635590702
       1.829752604166667   0.0003877043320307443    0.000387704332042875
            1.8798828125   0.0003973273462267776    0.000397327346221929
       1.930013020833333   0.0004070069780382577    0.000407006978038929
       1.980143229166667   0.0004165982267080282   0.0004165982267087462
            2.0302734375   0.0004259778004396084   0.0004259778004495479
       2.080403645833333   0.0004350397970063807   0.0004350397970692907
       2.130533854166667   0.0004436923581502129   0.0004436923581168511
            2.1806640625   0.0004518550519432155   0.0004518550519442971
       2.230794270833333   0.0004594568151349066   0.0004594568151323891
       2.280924479166667   0.0004664343210883501   0.0004664343211264951
            2.3310546875   0.0004727306817892709   0.0004727306817779234
       2.381184895833333   0.0004782944091390557   0.0004782944090942626
       2.431315104166667   0.0004830785804992054   0.0004830785805957569
            2.4814453125   0.0004870401658825358   0.0004870401658541718
       2.531575520833333   0.0004901394835349982   0.0004901394835238465
       2.581705729166667   0.0004923397596049669   0.0004923397596236431
            2.6318359375   0.0004936067679140118    0.000493606767939532
       2.681966145833333   0.0004939085392134477   0.0004939085392320214
       2.732096354166667   0.0004932151237406351   0.0004932151237419871
            2.7822265625   0.0004914983955097607   0.0004914983955516261
       2.832356770833333   0.0004887318959717892   0.0004887318960054773
       2.882486979166667   0.0004848907049839317   0.0004848907049529103
            2.9326171875   0.0004799513347569467   0.0004799513347419349
       2.982747395833333   0.0004738916462685141    0.000473891646352767
       3.032877604166667   0.0004666907791243782   0.0004666907791203781
            3.0830078125   0.0004583290961521402   0.0004583290961422473
       3.133138020833333   0.0004487881393125917   0.0004487881393010484
       3.183268229166667   0.0004380505942179803   0.0004380505942164978
            3.2333984375    0.000426100262308708   0.0004261002623457341
       3.283528645833333   0.0004129220386397772   0.0004129220385998139
       3.333658854166667    0.000398501896190073   0.0003985018962417847
            3.3837890625   0.0003828268730207401   0.0003828268729774015
       3.433919270833333   0.0003658850647966978   0.0003658850648216305
       3.484049479166667   0.0003476656196749564   0.0003476656197507616
            3.5341796875   0.0003281587351189185   0.0003281587351073659
       3.584309895833333   0.0003073556572541695   0.0003073556572431857
       3.634440104166667   0.0002852486829049074   0.0002852486829097653
            3.6845703125   0.0002618311623394664   0.0002618311622894984
       3.734700520833333   0.0002370975037880008   0.0002370975037524758
       3.784830729166667   0.0002110431804480672   0.0002110431804904361
            3.8349609375   0.0001836647378616208   0.0001836647378196249
       3.885091145833333   0.0001549597999221952   0.0001549597999330951
       3.935221354166667    0.000124927081021245   0.0001249270810456463
            3.9853515625   9.356639436976471e-05   9.356639434230513e-05
       4.035481770833334    6.08786647655615e-05   6.087866478476922e-05
       4.085611979166667   2.686594125976354e-05   2.686594126628111e-05
            4.1357421875  -8.468589640365154e-06  -8.468589791817138e-06
       4.185872395833334  -4.512059034302821e-05  -4.512059035064603e-05
       4.236002604166667  -8.308455554754393e-05  -8.308455559123684e-05
            4.2861328125  -0.0001223537963679041  -0.0001223537964235785
       4.336263020833334  -0.0001629204224543879  -0.0001629204224716935
       4.386393229166667  -0.0002047753225634347  -0.0002047753224374282
            4.4365234375  -0.0002479081441966752  -0.0002479081442883502
       4.486653645833334  -0.0002923072740347555  -0.0002923072740438279
       4.536783854166667  -0.0003379598138542371  -0.0003379598138351786
            4.5869140625   -0.000384851558149477  -0.0003848515581804518
       4.637044270833334  -0.0004329669677909449   -0.000432966967689144
       4.687174479166667  -0.0004822891426707922  -0.0004822891428362397
            4.7373046875  -0.0005327997953902893  -0.0005327997953493563
       4.787434895833334  -0.0005844792196664566  -0.0005844792195952575
       4.837565104166667  -0.0006373062613516819  -0.0006373062612918395
            4.8876953125   -0.000691258284685076   -0.000691258284721552
       4.937825520833334  -0.0007463111371492494  -0.0007463111372137538
       4.987955729166667  -0.0008024391137845571  -0.0008024391137369108
            5.0380859375  -0.0008596149182486888  -0.0008596149181831214
       5.088216145833334  -0.0009178096237338769    -0.00091780962368955
       5.138346354166667  -0.0009769926322659634  -0.0009769926323201367
            5.1884765625   -0.001037131629614463   -0.001037131629679583
       5.238606770833334   -0.001098192540404151    -0.00109819254047798
       5.288736979166667   -0.001160139478947028   -0.001160139478946692
            5.3388671875   -0.001222934700142396   -0.001222934700076325
       5.388997395833334   -0.001286538547920384   -0.001286538547862537
       5.439127604166667   -0.001350909401557431   -0.001350909401620387
            5.4892578125    -0.00141600361902363    -0.00141600361906033
       5.539388020833334   -0.001481775477506534   -0.001481775477550767
       5.589518229166667   -0.001548177112960143   -0.001548177112851032
            5.6396484375   -0.001615158455458688   -0.001615158455489346
       5.689778645833334   -0.001682667166562757   -0.001682667166624949
       5.739908854166667   -0.001750648569208591   -0.001750648569177449
            5.7900390625   -0.001819045577246225   -0.001819045577198336
       5.840169270833334   -0.001887798622935708   -0.001887798622943485
       5.890299479166667   -0.001956845581300536   -0.001956845581302644
            5.9404296875   -0.002026121690336251   -0.002026121690351879
       5.990559895833334   -0.002095559473092323   -0.002095559473120706
       6.040690104166667   -0.002165088653990224   -0.002165088653936983
            6.0908203125   -0.002234636072213496   -0.002234636072284135
       6.140950520833334   -0.002304125594606759    -0.00230412559471628
       6.191080729166667   -0.002373478023798586   -0.002373478023799891
            6.2412109375   -0.002442611004897115   -0.002442611004830522
       6.291341145833334   -0.002511438930207823   -0.002511438930274043
       6.341471354166667   -0.002579872842364796   -0.002579872842370018
            6.3916015625    -0.00264782033175333   -0.002647820331680359
       6.441731770833334   -0.002715185434091311   -0.002715185434089204
       6.491861979166667   -0.002781868524408408   -0.002781868524484102
            6.5419921875   -0.002847766209208573   -0.002847766209277888
       6.592122395833334   -0.002912771216941629   -0.002912771217028903
       6.642252604166667   -0.002976772285849566   -0.002976772285712054
            6.6923828125   -0.003039654048972139   -0.003039654048798524
       6.742513020833334   -0.003101296918012094   -0.003101296918037344
       6.792643229166667   -0.003161576964538468   -0.003161576964522225
            6.8427734375   -0.003220365799434022   -0.003220365799434563
       6.892903645833334   -0.003277530451612314   -0.003277530451540556
       6.943033854166667   -0.003332933243810099   -0.003332933243670982
            6.9931640625   -0.003386431668384148   -0.003386431668409323
       7.043294270833334   -0.003437878259984276   -0.003437878260067112
       7.093424479166667   -0.003487120467175915   -0.003487120467150759
            7.1435546875   -0.003534000524316243   -0.003534000524234526
       7.193684895833334   -0.003578355321716984   -0.003578355321516832
       7.243815104166667   -0.003620016275283819   -0.003620016275120777
            7.2939453125   -0.003658809195727985   -0.003658809195807147
       7.344075520833334   -0.003694554157675254   -0.003694554157791116
       7.394205729166667   -0.003727065365691525   -0.003727065365685595
            7.4443359375   -0.003756151024969519   -0.003756151024960269
       7.494466145833334   -0.003781613209820043   -0.003781613209810589
       7.544596354166667   -0.003803247732132865   -0.003803247732207943
            7.5947265625   -0.003820844014062493   -0.003820844014215036
       7.644856770833334   -0.003834184956421634    -0.00383418495642128
       7.694986979166667   -0.003843046811438561   -0.003843046811348658
            7.7451171875   -0.003847199058515584   -0.003847199058456749
       7.795247395833334   -0.003846404279603047   -0.003846404279657351
       7.845377604166667   -0.003840418036759873   -0.003840418036733989
            7.8955078125     -0.0038289887551104   -0.003828988754819934
       7.945638020833334    -0.00381185760405163   -0.003811857604082605
       7.995768229166667    -0.00378875838697417   -0.003788758387028343
            8.0458984375   -0.003759417430423314   -0.003759417430345122
       8.096028645833334   -0.003723553479867739   -0.003723553479787589
       8.146158854166668   -0.003680877598774021   -0.003680877598927906
            8.1962890625   -0.003631093075333651   -0.003631093075579211
       8.246419270833334     -0.0035738953295124   -0.003573895329531104
       8.296549479166668   -0.003508971829957009   -0.003508971829901716
            8.3466796875   -0.003436002018136061   -0.003436002018180145
       8.396809895833334   -0.003354657236709815   -0.003354657236612657
       8.446940104166668   -0.003264600665169981   -0.003264600665128209
            8.4970703125    -0.00316548726901662   -0.003165487269006922
       8.547200520833334    -0.00305696375117619   -0.003056963751222885
       8.597330729166668   -0.002938668514196659   -0.002938668514144593
            8.6474609375   -0.002810231638123398   -0.002810231637875749
       8.697591145833334   -0.002671274861550325   -0.002671274861675996
       8.747721354166668    -0.00252141158032411   -0.002521411580548971
            8.7978515625   -0.002360246855687263   -0.002360246855508202
       8.847981770833334   -0.002187377433284281   -0.002187377433169949
       8.898111979166668   -0.002002391782160685   -0.002002391782117086
            8.9482421875   -0.001804870144470831   -0.001804870144571438
       8.998372395833334   -0.001594384602229809   -0.001594384602410959
       9.048502604166668   -0.001370499159675303   -0.001370499159700889
            9.0986328125   -0.001132769844067172    -0.00113276984399463
       9.148763020833334  -0.0008807448253989312  -0.0008807448250631317
       9.198893229166668   -0.000613964555005295  -0.0006139645546425487
            9.2490234375  -0.0003319619260224609  -0.0003319619259792156
       9.299153645833334  -3.426245536929974e-05  -3.426245536579386e-05
       9.349283854166668   0.0002796155118846722   0.0002796155120473598
            9.3994140625   0.0006101605755380924    0.000610160575608816
       9.449544270833334   0.0009578680254437916   0.0009578680251981844
       9.499674479166668    0.001323239559496352    0.001323239559662424
            9.5498046875     0.00170678298217021    0.001706782982302417
       9.599934895833334    0.002109011859725685    0.002109011859456889
       9.650065104166668    0.002530445156892411    0.002530445156781351
            9.7001953125    0.002971606844852965    0.002971606844447403
       9.750325520833334    0.003433025462727574    0.003433025462752461
       9.800455729166668    0.003915233661867144    0.003915233662330452
            9.8505859375    0.004418767703261221    0.004418767703192147
       9.900716145833334    0.004944166920536404    0.004944166920229705
       9.950846354166668    0.005491973153766626    0.005491973154050443
           10.0009765625    0.006062730139257128    0.006062730139321661
       10.05110677083333    0.006656982856342384     0.00665698285611218
       10.10123697916667    0.007275276842490367    0.007275276842480381
           10.1513671875    0.007918157459677158    0.007918157459875584
       10.20149739583333    0.008586169120156865    0.008586169120269854
       10.25162760416667    0.009279854472550354    0.009279854472039689
           10.3017578125    0.009999753536792926    0.009999753536523756
       10.35188802083333     0.01074640280642821     0.01074640280648971
       10.40201822916667     0.01152033427819184     0.01152033427832083
           10.4521484375     0.01232207448748362     0.01232207448748488
       10.50227864583333     0.01315214356355286     0.01315214356337671
       10.55240885416667     0.01401105341067377     0.01401105341024948
           10.6025390625        0.01489930787006     0.01489930787003255
       10.65266927083333     0.01581740543501773     0.01581740543514291
       10.70279947916667     0.01676581222217548     0.01676581222190721
           10.7529296875     0.01774499692872773     0.01774499692876871
       10.80305989583333     0.01875558494577174     0.01875558494590657
       10.85319010416667     0.01979757295015954     0.01979757294988876
           10.9033203125     0.02087095248313177     0.02087095248315731
       10.95345052083333     0.02198126906460692     0.02198126906469949
       11.00358072916667     0.02312043902205842     0.02312043902198197
           11.0537109375     0.02426435562524928      0.0242643556254678
       11.10384114583333     0.02553590232451561     0.02553590232426339
       11.15397135416667     0.02687822450129777     0.02687822450159136
           11.2041015625     0.02747005841425581     0.02747005841460913
       11.25423177083333     0.02921378497628901     0.02921378497533228
       11.30436197916667     0.03468623033012803     0.03468623033002979
           11.3544921875      0.0273921946561178      0.0273921946568978
       11.40462239583333     0.01437732836215781     0.01437732836250415
       11.45475260416667     0.08424996813446591     0.08424996813402094
           11.5048828125     0.09343440513430178     0.09343440513407758
       11.55501302083333     -0.3184569418918486     -0.3184569418908139
       11.60514322916667     -0.3911856639941394     -0.3911856639939914
           11.6552734375      0.5657549983541903       0.565754998353504
       11.70540364583333      -0.713264293780187     -0.7132642937770521
       11.75553385416667       -4.99049339421939      -4.990493394215449
           11.8056640625      -5.378090077215987      -5.378090077218202
       11.85579427083333      -1.810991053076298      -1.810991053078868
       11.90592447916667     -0.6556861142970482      -0.655686114296137
           11.9560546875      -1.570987502275466      -1.570987502275074
       12.00618489583333      -1.627766879362696      -1.627766879363212
       12.05631510416667     -0.8238713951743077     -0.8238713951747629
           12.1064453125     -0.3968981713210967     -0.3968981713207986
       12.15657552083333     -0.4654320293145069      -0.465432029314217
       12.20670572916667      -0.478994317819258     -0.4789943178192374
           12.2568359375     -0.3090078722191621     -0.3090078722197093
       12.30696614583333     -0.1041351187828711     -0.1041351187828256
       12.35709635416667    -0.04472347336042629    -0.04472347336008181
           12.4072265625     0.08784713454977267     0.08784713454939171
       12.45735677083333      0.1482077837859428      0.1482077837859749
       12.50748697916667      0.1278755522879679      0.1278755522877303
           12.5576171875      0.9669851110600137      0.9669851110600576
       12.60774739583333   -0.007841111409286148   -0.007841111408357165
       12.65787760416667                       0                       0
           12.7080078125                       0                       0
       12.75813802083333                       0                       0
       12.80826822916667                       0                       0
           12.8583984375                       0                       0
       12.90852864583333                       0                       0
       12.95865885416667                       0                       0
           13.0087890625                       0                       0
