# File created on Tue Jul  7 16:46:48 2026
# ======================================== 
# = Running code assuming AXISYMMETRY    = 
# ======================================== 
# Data for Inflation GW initial data initial data at coord. time 0 and proper central time 0
# Evolved with (264,10,9) gridpoints (including 4 ghosts)
# Evolution with geodesic slicing and constant shift
# using eighth-order spatial differencing with 4 ghost zones 
# data 1 at theta = 0 and phi = 3.14159
# data 2 at theta = 1.5708 and phi = 3.14159
#                      r                   Mom_r                   Mom_r
#                               (     0,3.14159)        (1.5708,3.14159)
#========================================================================
              -0.2734375      0.3622500976956519       0.362250097695649
              -0.1953125      0.8266705879063422      0.8266705879063463
              -0.1171875       1.068377027302696       1.068377027302682
              -0.0390625      0.5593347943146013      0.5593347943146063
               0.0390625     -0.5593347943146115     -0.5593347943146065
               0.1171875      -1.068377027302668      -1.068377027302682
               0.1953125     -0.8266705879063504     -0.8266705879063463
               0.2734375     -0.3622500976956461      -0.362250097695649
               0.3515625     0.07052178223194969      0.0705217822319488
               0.4296875      0.4120476365271264      0.4120476365271323
               0.5078125       0.598636993071602      0.5986369930716067
               0.5859375      0.6397589445951091      0.6397589445951108
               0.6640625      0.5770011520863602      0.5770011520863566
               0.7421875       0.463255167880046      0.4632551678800406
               0.8203125      0.3438103214594935      0.3438103214594947
               0.8984375      0.2452666758901448      0.2452666758901487
               0.9765625      0.1754603533272512      0.1754603533272451
               1.0546875      0.1303229440421509      0.1303229440421373
               1.1328125       0.101896862520173      0.1018968625201692
               1.2109375       0.083312626961853     0.08331262696185604
               1.2890625     0.07021816259432717     0.07021816259433425
               1.3671875     0.06029393854620819     0.06029393854621874
               1.4453125     0.05238848320004778     0.05238848320005138
               1.5234375     0.04590883777045857     0.04590883777046455
               1.6015625     0.04051003946451279     0.04051003946451674
               1.6796875     0.03596258188828091     0.03596258188827334
               1.7578125     0.03209941953791012     0.03209941953791028
               1.8359375     0.02879326494402185      0.0287932649440308
               1.9140625     0.02594490197837827     0.02594490197837891
               1.9921875     0.02347593824823653     0.02347593824823151
               2.0703125     0.02132379126151589     0.02132379126151484
               2.1484375      0.0194380482403439     0.01943804824034799
               2.2265625     0.01777776463277715     0.01777776463278365
               2.3046875     0.01630943217925773     0.01630943217925988
               2.3828125     0.01500543401650243     0.01500543401649617
               2.4609375     0.01384285859089142     0.01384285859088404
               2.5390625     0.01280258078815898     0.01280258078815879
               2.6171875     0.01186854404861355     0.01186854404862315
               2.6953125      0.0110271950620927     0.01102719506210227
               2.7734375     0.01026703530533962     0.01026703530534201
               2.8515625     0.00957826278832632    0.009578262788327702
               2.9296875    0.008952483983309046    0.008952483983307462
               3.0078125    0.008382480752213754     0.00838248075220599
               3.0859375    0.007862020668435964     0.00786202066842746
               3.1640625    0.007385701798943153    0.007385701798936629
               3.2421875    0.006948825019492789    0.006948825019485507
               3.3203125    0.006547288456092857    0.006547288456087954
               3.3984375    0.006177499805727461    0.006177499805727855
               3.4765625     0.00583630318019422    0.005836303180194252
               3.5546875    0.005520917805734993    0.005520917805734275
               3.6328125    0.005228886447165108    0.005228886447166499
               3.7109375    0.004958031844401163    0.004958031844402697
               3.7890625    0.004706419779362577    0.004706419779366166
               3.8671875    0.004472327652411373     0.00447232765242067
               3.9453125    0.004254217655048199    0.004254217655056256
               4.0234375    0.004050713791512434    0.004050713791513463
               4.1015625    0.003860582135253097    0.003860582135253141
               4.1796875    0.003682713813715028    0.003682713813715305
               4.2578125    0.003516110301835148    0.003516110301831414
               4.3359375    0.003359870675587294    0.003359870675584245
               4.4140625    0.003213180534720048    0.003213180534719688
               4.4921875     0.00307530235112489     0.00307530235111875
               4.5703125    0.002945567038488278    0.002945567038476043
               4.6484375    0.002823366571005536    0.002823366570994439
               4.7265625    0.002708147505569672    0.002708147505566472
               4.8046875     0.00259940528415254    0.002599405284159759
               4.8828125     0.00249667921156908    0.002496679211578866
               4.9609375    0.002399548019268933    0.002399548019276461
               5.0390625    0.002307625938926427    0.002307625938930152
               5.1171875    0.002220559220383622    0.002220559220381765
               5.1953125    0.002138023037752535    0.002138023037758422
               5.2734375    0.002059718735490469    0.002059718735505613
               5.3515625    0.001985371372598038    0.001985371372604978
               5.4296875    0.001914727528908048    0.001914727528902256
               5.5078125    0.001847553342292749    0.001847553342275642
               5.5859375    0.001783632749518135    0.001783632749503503
               5.6640625    0.001722765907188776    0.001722765907189283
               5.7421875    0.001664767772168625    0.001664767772177294
               5.8203125    0.001609466823418497    0.001609466823425934
               5.8984375    0.001556703909518728    0.001556703909518359
               5.9765625    0.001506331208102792    0.001506331208089376
               6.0546875    0.001458211284985806    0.001458211284963302
               6.1328125    0.001412216242277799    0.001412216242263988
               6.2109375    0.001368226946149896    0.001368226946152688
               6.2890625    0.001326132325849909    0.001326132325862585
               6.3671875    0.001285828736617802    0.001285828736629098
               6.4453125    0.001247219379964223    0.001247219379968318
               6.5234375    0.001210213775559166    0.001210213775557897
               6.6015625    0.001174727279595078    0.001174727279589967
               6.6796875    0.001140680645008315    0.001140680645007147
               6.7578125    0.001107999619514418    0.001107999619525324
               6.8359375    0.001076614577777096    0.001076614577790114
               6.9140625    0.001046460184463663    0.001046460184465311
               6.9921875    0.001017475085307784    0.001017475085302332
               7.0703125    0.000989601623608278   0.0009896016236031087
               7.1484375   0.0009627855797317231   0.0009627855797305249
               7.2265625   0.0009369759315458035   0.0009369759315436285
               7.3046875   0.0009121246339355963   0.0009121246339294853
               7.3828125    0.000888186415687472   0.0008881864156894384
               7.4609375   0.0008651185922097662   0.0008651185922220467
               7.5390625   0.0008428808926455448   0.0008428808926594989
               7.6171875    0.000821435300192368   0.0008214353002021166
               7.6953125   0.0008007459045121126   0.0008007459045126452
               7.7734375   0.0007807787651725042   0.0007807787651626665
               7.8515625   0.0007615017852022888   0.0007615017851902441
               7.9296875   0.0007428845939336117   0.0007428845939282188
               8.0078125   0.0007248984383431541   0.0007248984383451027
               8.0859375   0.0007075160821912302   0.0007075160821988307
               8.1640625   0.0006907117123536977   0.0006907117123624263
               8.2421875    0.000674460851765207   0.0006744608517718861
               8.3203125   0.0006587402784554577   0.0006587402784601384
               8.3984375   0.0006435279501698457   0.0006435279501711747
               8.4765625   0.0006288029341585458   0.0006288029341562997
               8.5546875   0.0006145453418001314   0.0006145453417979795
               8.6328125   0.0006007362676654661   0.0006007362676667309
               8.7109375   0.0005873577326574433   0.0005873577326564795
               8.7890625   0.0005743926308933212   0.0005743926308863001
               8.8671875   0.0005618246800235195   0.0005618246800163634
               8.9453125   0.0005496383747132325   0.0005496383747090002
               9.0234375   0.0005378189430155943   0.0005378189430117003
               9.1015625   0.0005263523055027998   0.0005263523054991866
               9.1796875   0.0005152250370953303   0.0005152250370959812
               9.2578125   0.0005044243315004824   0.0005044243315076786
               9.3359375   0.0004939379680912463    0.000493937968099797
               9.4140625   0.0004837542809680415   0.0004837542809728684
               9.4921875    0.000473862129949273   0.0004738621299486443
               9.5703125   0.0004642508730721696   0.0004642508730643014
               9.6484375   0.0004549103402400478   0.0004549103402265646
               9.7265625   0.0004458308079311747    0.000445830807914015
               9.8046875   0.0004370029750764176   0.0004370029750629716
               9.8828125   0.0004284179404821626   0.0004284179404832426
               9.9609375   0.0004200671821761014   0.0004200671821891982
              10.0390625   0.0004119425389062817   0.0004119425389187552
              10.1171875   0.0004040361937536471   0.0004040361937597125
              10.1953125   0.0003963406592957346   0.0003963406592978625
              10.2734375   0.0003888487634313881   0.0003888487634351716
              10.3515625   0.0003815536349463159   0.0003815536349538032
              10.4296875   0.0003744486881590586   0.0003744486881632469
              10.5078125   0.0003675276066489578   0.0003675276066450271
              10.5859375   0.0003607843267419323   0.0003607843267363341
              10.6640625   0.0003542130219041345    0.000354213021903855
              10.7421875   0.0003478080893146654   0.0003478080893173365
              10.8203125   0.0003415641395811966   0.0003415641395828189
              10.8984375    0.000335475989761641   0.0003354759897596007
              10.9765625   0.0003295386588797295   0.0003295386588755852
              11.0546875   0.0003237473644355995   0.0003237473644316375
              11.1328125   0.0003180975180480592   0.0003180975180452965
              11.2109375   0.0003125847186930438   0.0003125847186970626
              11.2890625   0.0003072047428067692   0.0003072047428130528
              11.3671875   0.0003019535314925909   0.0003019535314909892
              11.4453125   0.0002968271761598634   0.0002968271761530131
              11.5234375   0.0002918219045754543   0.0002918219045726249
              11.6015625    0.000286934069275336   0.0002869340692796821
              11.6796875   0.0002821601398373867   0.0002821601398497225
              11.7578125   0.0002774966996581719   0.0002774966996750547
              11.8359375   0.0002729404466744314   0.0002729404466826892
              11.9140625   0.0002684881965501644    0.000268488196547076
              11.9921875   0.0002641368864201063   0.0002641368864134642
              12.0703125   0.0002598835770564935   0.0002598835770517792
              12.1484375   0.0002557254518026134   0.0002557254517998037
              12.2265625   0.0002516598115011826    0.000251659811497449
              12.3046875   0.0002476840655534653   0.0002476840655521148
              12.3828125   0.0002437957201544701   0.0002437957201578793
              12.4609375   0.0002399923653236017   0.0002399923653261543
              12.5390625   0.0002362716626354131   0.0002362716626323349
              12.6171875   0.0002326313353985619   0.0002326313353933905
              12.6953125   0.0002290691625351374   0.0002290691625330828
              12.7734375   0.0002255829766231677    0.000225582976624406
              12.8515625   0.0002221706658034898   0.0002221706658026042
              12.9296875   0.0002188301786584094     0.00021883017865312
              13.0078125   0.0002155595306084681   0.0002155595306061235
              13.0859375   0.0002123568102000879   0.0002123568102027619
              13.1640625   0.0002092201837708873   0.0002092201837743148
              13.2421875   0.0002061478973728617   0.0002061478973766939
              13.3203125   0.0002031382753143393   0.0002031382753170348
              13.3984375   0.0002001897152848526   0.0002001897152854322
              13.4765625   0.0001973006806479108   0.0001973006806465568
              13.5546875   0.0001944696908139678   0.0001944696908094895
              13.6328125   0.0001916953109209963   0.0001916953109159809
              13.7109375   0.0001889761421185814   0.0001889761421185081
              13.7890625   0.0001863108135673169   0.0001863108135731775
              13.8671875   0.0001836979769700782   0.0001836979769739827
              13.9453125   0.0001811363040875564   0.0001811363040853232
              14.0234375   0.0001786244872750307   0.0001786244872711129
              14.1015625   0.0001761612426192774   0.0001761612426186023
              14.1796875   0.0001737453149619614   0.0001737453149649011
              14.2578125   0.0001713754839118392   0.0001713754839147727
              14.3359375   0.0001690505698960608   0.0001690505698996984
              14.4140625   0.0001667694393287186   0.0001667694393321674
              14.4921875   0.0001645310081066458   0.0001645310081074834
              14.5703125   0.0001623342429968979   0.0001623342429966582
              14.6484375   0.0001601781607099941   0.0001601781607055785
              14.7265625   0.0001580618246979475   0.0001580618246872444
              14.8046875   0.0001559843400596989   0.0001559843400455962
              14.8828125   0.0001539448470985316   0.0001539448470881107
              14.9609375   0.0001519425142181165   0.0001519425142228402
              15.0390625   0.0001499765308348314   0.0001499765308537665
              15.1171875    0.000148046100918355   0.0001480461009389204
              15.1953125   0.0001461504377901813    0.000146150437800086
              15.2734375   0.0001442887605855823   0.0001442887605798475
              15.3515625   0.0001424602925616649   0.0001424602925473668
              15.4296875   0.0001406642612529872    0.000140664261239842
              15.5078125   0.0001388999002679356   0.0001388999002612387
              15.5859375   0.0001371664524412891   0.0001371664524392499
              15.6640625   0.0001354631739019403   0.0001354631739000402
              15.7421875   0.0001337893385842211   0.0001337893385806805
              15.8203125   0.0001321442426989882   0.0001321442426915062
              15.8984375     0.00013052720863246   0.0001305272086270674
              15.9765625   0.0001289375879660197   0.0001289375879698103
              16.0546875   0.0001273747633288325   0.0001273747633361465
              16.1328125   0.0001258381489036113   0.0001258381489080655
              16.2109375   0.0001243271896104956   0.0001243271896098704
              16.2890625   0.0001228413590132597   0.0001228413590084604
              16.3671875   0.0001213801561798822   0.0001213801561762482
              16.4453125   0.0001199431017695933   0.0001199431017728064
              16.5234375   0.0001185297336497035   0.0001185297336566213
              16.6015625   0.0001171396023881745    0.000117139602390614
              16.6796875   0.0001157722669377853    0.000115772266934105
              16.7578125   0.0001144272908461456    0.000114427290841627
              16.8359375   0.0001131042391940185   0.0001131042391960254
              16.9140625   0.0001118026764108008   0.0001118026764211119
              16.9921875   0.0001105221651253602   0.0001105221651384064
              17.0703125   0.0001092622660549193   0.0001092622660662369
              17.1484375   0.0001080225387334208   0.0001080225387423076
              17.2265625   0.0001068025430275941   0.0001068025430282566
              17.3046875   0.0001056018413796941   0.0001056018413689329
              17.3828125   0.0001044200018075337   0.0001044200017885509
              17.4609375   0.0001032566004160741   0.0001032566003945707
              17.5390625    0.000102111224270886   0.0001021112242545595
              17.6171875   0.0001009834729678729   0.0001009834729587623
              17.6953125   9.987296455185607e-05    9.98729645503007e-05
              17.7734375   9.877933121446561e-05   9.877933121916367e-05
              17.8515625   9.770223164870874e-05   9.770223165721805e-05
              17.9296875   9.664132070921243e-05   9.664132072023597e-05
              18.0078125   9.559632067005518e-05    9.55963206794288e-05
              18.0859375   9.456687013352767e-05   9.456687013719869e-05
              18.1640625   9.355285571871228e-05   9.355285571903732e-05
              18.2421875   9.255364088644262e-05   9.255364088418363e-05
              18.3203125   9.156979226833105e-05   9.156979226216066e-05
              18.3984375   9.059924126279671e-05   9.059924125675286e-05
              18.4765625     8.9645891408346e-05   8.964589140499761e-05
              18.5546875   8.870021151958063e-05    8.87002115176283e-05
              18.6328125   8.778274790861016e-05   8.778274790693473e-05
              18.7109375   8.684664997450541e-05    8.68466499756368e-05
              18.7890625      8.599646279942e-05   8.599646280420927e-05
              18.8671875   8.499689170298722e-05    8.49968917112339e-05
              18.9453125   8.437478780782614e-05   8.437478781997412e-05
              19.0234375   8.294710436557805e-05   8.294710437632235e-05
              19.1015625   8.336815910139899e-05   8.336815910379156e-05
              19.1796875   7.968190404923228e-05   7.968190404383723e-05
              19.2578125   8.525046586760319e-05   8.525046586194815e-05
              19.3359375   7.009016509792218e-05    7.00901650967024e-05
              19.4140625    0.000101472709556452   0.0001014727095559834
              19.4921875   2.846555452748988e-05   2.846555452492788e-05
              19.5703125   0.0001898724877863553   0.0001898724877814773
              19.6484375   -0.000174331712033362  -0.0001743317120449442
              19.7265625                       0                       0
              19.8046875                       0                       0
              19.8828125                       0                       0
              19.9609375                       0                       0
              20.0390625                       0                       0
              20.1171875                       0                       0
              20.1953125                       0                       0
              20.2734375                       0                       0
