# File created on Wed Jul  8 11:31:13 2026
# ======================================== 
# = Running code assuming AXISYMMETRY    = 
# ======================================== 
# Data for Inflation GW initial data initial data at coord. time 0.0377973 and proper central time 0.0377973
# Evolved with (264,10,9) gridpoints (including 4 ghosts)
# Evolution with geodesic slicing and constant shift
# using eighth-order spatial differencing with 4 ghost zones 
# data 1 at theta = 0 and phi = 3.14159
# data 2 at theta = 1.5708 and phi = 3.14159
#                      r                   Mom_r                   Mom_r
#                               (     0,3.14159)        (1.5708,3.14159)
#========================================================================
     -0.1754557291666667   -0.001787694522509492   -0.001787694526960582
     -0.1253255208333333   -0.001275371562440524   -0.001275371556348224
           -0.0751953125  -0.0007646012065501209  -0.0007646012309946785
    -0.02506510416666667  -0.0002547634151805809  -0.0002547634137887114
     0.02506510416666667    0.000254763412396842   0.0002547634137887114
            0.0751953125   0.0007646012554392361   0.0007646012309946785
      0.1253255208333333    0.001275371550255924    0.001275371556348224
      0.1754557291666667    0.001787694531411671    0.001787694526960582
            0.2255859375     0.00230218798034306    0.002302187980267327
      0.2757161458333334    0.002819466540718255    0.002819466540075793
      0.3258463541666667    0.003340140708148754     0.00334014070779174
            0.3759765625    0.003864815961705509    0.003864815961441186
      0.4261067708333334    0.004394091863664004    0.004394091863428071
      0.4762369791666667    0.004928561178546117    0.004928561178401828
            0.5263671875    0.005468809003439975    0.005468809003339412
      0.5764973958333334    0.006015411911427532    0.006015411911327428
      0.6266276041666667    0.006568937109743724    0.006568937109694025
            0.6767578125    0.007129941614586492    0.007129941614485494
      0.7268880208333334    0.007698971443354373    0.007698971443257924
      0.7770182291666667    0.008276560826528822    0.008276560826530031
            0.8271484375    0.008863231439287919    0.008863231439270342
      0.8772786458333334    0.009459491654232996    0.009459491654262107
      0.9274088541666667     0.01006583581837082     0.01006583581837316
            0.9775390625     0.01068274355222936     0.01068274355215041
       1.027669270833333     0.01131067907488094      0.0113106790749217
       1.077799479166667     0.01195009055513008      0.0119500905552029
            1.1279296875     0.01260140948813355     0.01260140948815866
       1.178059895833333     0.01326505010148061      0.0132650501015208
       1.228190104166667     0.01394140878899731     0.01394140878905041
            1.2783203125      0.0146308635727933     0.01463086357288678
       1.328450520833333     0.01533377359704191     0.01533377359707582
       1.378580729166667     0.01605047865181138     0.01605047865182009
            1.4287109375     0.01678129872661108     0.01678129872659322
       1.478841145833333     0.01752653359705329     0.01752653359694347
       1.528971354166667     0.01828646244245007     0.01828646244238586
            1.5791015625      0.0190613434962139     0.01906134349615718
       1.629231770833333     0.01985141372859059     0.01985141372850816
       1.679361979166667      0.0206568885612963     0.02065688856139202
            1.7294921875     0.02147796161610465     0.02147796161638493
       1.779622395833333     0.02231480449586508     0.02231480449571458
       1.829752604166667     0.02316756659637112     0.02316756659617678
            1.8798828125     0.02403637495433752     0.02403637495447257
       1.930013020833333      0.0249213341271062     0.02492133412680565
       1.980143229166667     0.02582252610019968     0.02582252610005983
            2.0302734375     0.02674001023427066     0.02674001023459506
       2.080403645833333     0.02767382323894065      0.0276738232390399
       2.130533854166667     0.02862397917759063     0.02862397917746757
            2.1806640625     0.02959046950718865     0.02959046950695494
       2.230794270833333     0.03057326314355675     0.03057326314343111
       2.280924479166667     0.03157230656113252     0.03157230656100679
            2.3310546875     0.03258752391952067     0.03258752391939497
       2.381184895833333     0.03361881721851497     0.03361881721857368
       2.431315104166667     0.03466606648355981      0.0346660664834806
            2.4814453125      0.0357291299745216      0.0357291299745696
       2.531575520833333     0.03680784442637651     0.03680784442653739
       2.581705729166667      0.0379020253126849     0.03790202531262941
            2.6318359375     0.03901146713229721     0.03901146713223552
       2.681966145833333     0.04013594372440713     0.04013594372438349
       2.732096354166667     0.04127520860543417     0.04127520860531586
            2.7822265625     0.04242899532853168     0.04242899532836632
       2.832356770833333     0.04359701786294738     0.04359701786301026
       2.882486979166667     0.04477897099731497     0.04477897099743618
            2.9326171875     0.04597453076085832     0.04597453076084302
       2.982747395833333     0.04718335486329298     0.04718335486329724
       3.032877604166667     0.04840508315410285     0.04840508315429599
            3.0830078125     0.04963933809806145     0.04963933809838945
       3.133138020833333     0.05088572526777641     0.05088572526782296
       3.183268229166667     0.05214383384758939     0.05214383384762319
            3.2333984375      0.0534132371574526     0.05341323715759824
       3.283528645833333     0.05469349318709114     0.05469349318722832
       3.333658854166667     0.05598414514013896     0.05598414514036011
            3.3837890625     0.05728472199465776     0.05728472199468798
       3.433919270833333     0.05859473906881806     0.05859473906887627
       3.484049479166667     0.05991369860028591     0.05991369860048497
            3.5341796875     0.06124109033251115     0.06124109033253277
       3.584309895833333     0.06257639210577448     0.06257639210578769
       3.634440104166667     0.06391907046054447     0.06391907046075315
            3.6845703125     0.06526858124265242       0.065268581243077
       3.734700520833333       0.066624370213565     0.06662437021405226
       3.784830729166667     0.06798587366702044     0.06798587366692876
            3.8349609375     0.06935251904482613      0.0693525190445482
       3.885091145833333     0.07072372555955923       0.070723725559586
       3.935221354166667     0.07209890481829341     0.07209890481853076
            3.9853515625     0.07347746144254853     0.07347746144266272
       4.035481770833334     0.07485879369114755     0.07485879369122317
       4.085611979166667     0.07624229408623813     0.07624229408671099
            4.1357421875     0.07762735003334409     0.07762735003327126
       4.185872395833334     0.07901334443537095     0.07901334443502289
       4.236002604166667     0.08039965631288719     0.08039965631267482
            4.2861328125     0.08178566141721839     0.08178566141667351
       4.336263020833334     0.08317073283538919     0.08317073283540416
       4.386393229166667     0.08455424159630452     0.08455424159678712
            4.4365234375     0.08593555726781286      0.0859355572676989
       4.486653645833334     0.08731404854565819     0.08731404854573181
       4.536783854166667     0.08868908384645745     0.08868908384668037
            4.5869140625     0.09006003188071481     0.09006003188054018
       4.637044270833334     0.09142626222236205     0.09142626222201999
       4.687174479166667     0.09278714587836705     0.09278714587812156
            4.7373046875     0.09414205583756324     0.09414205583808502
       4.787434895833334     0.09549036761994395     0.09549036762036928
       4.837565104166667      0.0968314598121925     0.09683145981203763
            4.8876953125     0.09816471459087997     0.09816471459104631
       4.937825520833334     0.09948951824474797     0.09948951824490557
       4.987955729166667      0.1008052616781842      0.1008052616782055
            5.0380859375      0.1021113409054629      0.1021113409058977
       5.088216145833334      0.1034071575388205      0.1034071575384671
       5.138346354166667      0.1046921192559639      0.1046921192554221
            5.1884765625      0.1059656402659483      0.1059656402660189
       5.238606770833334      0.1072271417583648      0.1072271417584389
       5.288736979166667      0.1084760523393797      0.1084760523395569
            5.3388671875      0.1097118084574798      0.1097118084573075
       5.388997395833334      0.1109338548135006      0.1109338548133371
       5.439127604166667       0.112141644766123      0.1121416447663234
            5.4892578125      0.1133346407158395      0.1133346407156794
       5.539388020833334      0.1145123144766346      0.1145123144761196
       5.589518229166667      0.1156741476404333      0.1156741476402783
            5.6396484375      0.1168196319249107       0.116819631924654
       5.689778645833334      0.1179482695056417      0.1179482695056243
       5.739908854166667      0.1190595733408246      0.1190595733411887
            5.7900390625      0.1201530674762186      0.1201530674764576
       5.840169270833334      0.1212282873386483      0.1212282873383279
       5.890299479166667      0.1222847800197869      0.1222847800190934
            5.9404296875      0.1233221045397775      0.1233221045396176
       5.990559895833334      0.1243398321054671      0.1243398321052345
       6.040690104166667      0.1253375463480507      0.1253375463480131
            6.0908203125      0.1263148435472099      0.1263148435471965
       6.140950520833334      0.1272713328487384      0.1272713328487338
       6.191080729166667      0.1282066364629143      0.1282066364629338
            6.2412109375      0.1291203898491803      0.1291203898485649
       6.291341145833334      0.1300122418889651      0.1300122418887113
       6.341471354166667      0.1308818550480604      0.1308818550482214
            6.3916015625      0.1317289055239241      0.1317289055240476
       6.441731770833334       0.132553083375041      0.1325530833749086
       6.491861979166667      0.1333540926431851      0.1333540926430097
            6.5419921875      0.1341316514637927      0.1341316514642116
       6.592122395833334      0.1348854921583649      0.1348854921581915
       6.642252604166667      0.1356153613156821      0.1356153613151676
            6.6923828125      0.1363210198655169      0.1363210198657632
       6.742513020833334      0.1370022431360843      0.1370022431363707
       6.792643229166667      0.1376588208942374       0.137658820894653
            6.8427734375      0.1382905573842458      0.1382905573845634
       6.892903645833334      0.1388972713491599      0.1388972713489327
       6.943033854166667       0.139478796035847      0.1394787960357196
            6.9931640625      0.1400349791998688      0.1400349791995931
       7.043294270833334      0.1405656830894504      0.1405656830889373
       7.093424479166667      0.1410707844196677      0.1410707844195025
            7.1435546875      0.1415501743427881      0.1415501743422536
       7.193684895833334      0.1420037583963518      0.1420037583960984
       7.243815104166667      0.1424314564517021      0.1424314564521975
            7.2939453125      0.1428332026476555      0.1428332026476277
       7.344075520833334      0.1432089453078068      0.1432089453075296
       7.394205729166667      0.1435586468607051      0.1435586468607677
            7.4443359375      0.1438822837414452      0.1438822837415497
       7.494466145833334      0.1441798462834918      0.1441798462836655
       7.544596354166667      0.1444513386077999       0.144451338608294
            7.5947265625      0.1446967784970031       0.144696778497104
       7.644856770833334      0.1449161972602277      0.1449161972593812
       7.694986979166667      0.1451096395944632      0.1451096395937499
            7.7451171875      0.1452771634351207      0.1452771634350866
       7.795247395833334      0.1454188397979325      0.1454188397978137
       7.845377604166667      0.1455347526116161      0.1455347526116991
            7.8955078125      0.1456249985458148      0.1456249985462331
       7.945638020833334      0.1456896868325139      0.1456896868324826
       7.995768229166667      0.1457289390729461      0.1457289390729583
            8.0458984375      0.1457428890471253      0.1457428890472339
       8.096028645833334      0.1457316825136008       0.145731682513376
       8.146158854166668      0.1456954769977824      0.1456954769977092
            8.1962890625      0.1456344415802868      0.1456344415802982
       8.246419270833334      0.1455487566762046      0.1455487566761809
       8.296549479166668      0.1454386138124926      0.1454386138124462
            8.3466796875      0.1453042153926903      0.1453042153926544
       8.396809895833334      0.1451457744623229      0.1451457744618871
       8.446940104166668      0.1449635144704858       0.144963514470193
            8.4970703125      0.1447576690201384      0.1447576690207078
       8.547200520833334      0.1445284816227054      0.1445284816230013
       8.597330729166668      0.1442762054375145      0.1442762054376507
            8.6474609375      0.1440011030177573      0.1440011030182359
       8.697591145833334      0.1437034460504154      0.1437034460504458
       8.747721354166668       0.143383515082907      0.1433835150829607
            8.7978515625      0.1430415992617771      0.1430415992623555
       8.847981770833334      0.1426779960610808       0.142677996061308
       8.898111979166668      0.1422930110003733      0.1422930110003351
            8.9482421875      0.1418869573731772       0.141886957372757
       8.998372395833334       0.141460155970466      0.1414601559700105
       9.048502604166668      0.1410129347922792      0.1410129347924283
            9.0986328125      0.1405456287695065      0.1405456287697267
       9.148763020833334      0.1400585794776414      0.1400585794779063
       9.198893229166668      0.1395521348494548      0.1395521348494776
            9.2490234375      0.1390266488889019      0.1390266488887873
       9.299153645833334      0.1384824813836428      0.1384824813836366
       9.349283854166668      0.1379199976154485      0.1379199976150735
            9.3994140625      0.1373395680681403      0.1373395680679635
       9.449544270833334      0.1367415681430097      0.1367415681431647
       9.499674479166668      0.1361263778660299      0.1361263778657471
            9.5498046875       0.135494381597725      0.1354943815976704
       9.599934895833334      0.1348459677460219      0.1348459677462646
       9.650065104166668      0.1341815284761679      0.1341815284767254
            9.7001953125       0.133501459425935      0.1335014594256214
       9.750325520833334      0.1328061594137405      0.1328061594123185
       9.800455729166668      0.1320960301536394      0.1320960301536003
            9.8505859375      0.1313714759799492      0.1313714759804304
       9.900716145833334      0.1306329035571683      0.1306329035563132
       9.950846354166668      0.1298807215924116      0.1298807215919242
           10.0009765625      0.1291153405712581      0.1291153405719888
       10.05110677083333      0.1283371724770191      0.1283371724765349
       10.10123697916667      0.1275466305018276      0.1275466305014799
           10.1513671875      0.1267441287949902       0.126744128795536
       10.20149739583333       0.125930082186449      0.1259300821864787
       10.25162760416667      0.1251049059119625      0.1251049059121838
           10.3017578125        0.12426901536136      0.1242690153614546
       10.35188802083333      0.1234228258127617      0.1234228258124377
       10.40201822916667      0.1225667521749248      0.1225667521744933
           10.4521484375      0.1217012087360242      0.1217012087365335
       10.50227864583333      0.1208266089166136      0.1208266089170802
       10.55240885416667      0.1199433650172331      0.1199433650165812
           10.6025390625      0.1190518879774229      0.1190518879771061
       10.65266927083333      0.1181525871420093      0.1181525871424096
       10.70279947916667      0.1172458700262014       0.117245870026618
           10.7529296875      0.1163321420837388      0.1163321420838453
       10.80305989583333      0.1154118064805524      0.1154118064807715
       10.85319010416667      0.1144852638794312      0.1144852638795136
           10.9033203125      0.1135529122205536      0.1135529122202724
       10.95345052083333      0.1126151465092373       0.112615146509697
       11.00358072916667       0.111672358615943      0.1116723586162272
           11.0537109375      0.1107249370693907      0.1107249370687468
       11.10384114583333      0.1097732668588823      0.1097732668591433
       11.15397135416667       0.108817729253334      0.1088177292530943
           11.2041015625      0.1078587016052923      0.1078587016041985
       11.25423177083333      0.1068965571793485       0.106896557179725
       11.30436197916667       0.105931664958041      0.1059316649588945
           11.3544921875      0.1049643895377075      0.1049643895375108
       11.40462239583333      0.1039950907841842      0.1039950907834256
       11.45475260416667      0.1030241241434168      0.1030241241434462
           11.5048828125      0.1020518392721445       0.102051839272672
       11.55501302083333      0.1010785830815577      0.1010785830816305
       11.60514322916667      0.1001046912522234      0.1001046912522975
           11.6552734375     0.09913050985071981     0.09913050985036156
       11.70540364583333      0.0981563386730485     0.09815633867222366
       11.75553385416667     0.09718257761252835     0.09718257761261666
           11.8056640625     0.09620934796996557     0.09620934797126629
       11.85579427083333     0.09523746805195132     0.09523746805239333
       11.90592447916667     0.09426594505746264     0.09426594505650318
           11.9560546875     0.09329840462858115     0.09329840462856417
       12.00618489583333     0.09232665035404453     0.09232665035511253
       12.05631510416667     0.09137259322063181     0.09137259322115403
           12.1064453125      0.0903815860153258     0.09038158601503152
       12.15657552083333     0.08949309276650366     0.08949309276604889
       12.20670572916667     0.08835554538269279     0.08835554538232676
           12.2568359375      0.0878564092536281     0.08785640925353064
       12.30696614583333      0.0857641015955444     0.08576410159504574
       12.35709635416667     0.08768037841639077     0.08768037841634568
           12.4072265625     0.07957936467123206     0.07957936467156784
       12.45735677083333     0.09649313042774141     0.09649313042689669
       12.50748697916667     0.05110538442146215     0.05110538442159289
           12.5576171875      0.1607922117751126      0.1607922117762518
       12.60774739583333     -0.1136304978092598     -0.1136304978097043
       12.65787760416667                       0                       0
           12.7080078125                       0                       0
       12.75813802083333                       0                       0
       12.80826822916667                       0                       0
           12.8583984375                       0                       0
       12.90852864583333                       0                       0
       12.95865885416667                       0                       0
           13.0087890625                       0                       0
