# File created on Wed Jul  8 11:31:13 2026
# Data for Inflation GW initial data initial data at coord time 0.0377973 and central proper time 0.0377973
# Evolved with (264,10,9) gridpoints (including 4 ghosts)
# Evolution with geodesic slicing and constant shift shift condition 
# data for phi = 3.14159
#              r           theta               Mom_r
#===============================================================
     0.025065104      0.78539816   0.0002547634127529016
     0.025065104       2.3561945   0.0002547634148245212

     0.075195312      0.78539816   0.0007646012491859771
     0.075195312       2.3561945   0.0007646012128033799

      0.12532552      0.78539816    0.001275371551814419
      0.12532552       2.3561945    0.001275371560882029

      0.17545573      0.78539816    0.001787694530273021
      0.17545573       2.3561945    0.001787694523648143

      0.22558594      0.78539816    0.002302187980323687
      0.22558594       2.3561945    0.002302187980210968

      0.27571615      0.78539816    0.002819466540553904
      0.27571615       2.3561945    0.002819466539597682

      0.32584635      0.78539816    0.003340140708057424
      0.32584635       2.3561945    0.003340140707526055

      0.37597656      0.78539816    0.003864815961637891
      0.37597656       2.3561945    0.003864815961244481

      0.42610677      0.78539816    0.004394091863603649
      0.42610677       2.3561945    0.004394091863252493

      0.47623698      0.78539816    0.004928561178509205
      0.47623698       2.3561945     0.00492856117829445

      0.52636719      0.78539816    0.005468809003414249
      0.52636719       2.3561945    0.005468809003264573

       0.5764974      0.78539816    0.006015411911401924
       0.5764974       2.3561945    0.006015411911252934

       0.6266276      0.78539816     0.00656893710973101
       0.6266276       2.3561945    0.006568937109657041

      0.67675781      0.78539816    0.007129941614560655
      0.67675781       2.3561945    0.007129941614410334

      0.72688802      0.78539816      0.0076989714433297
      0.72688802       2.3561945    0.007698971443186147

      0.77701823      0.78539816    0.008276560826529132
      0.77701823       2.3561945    0.008276560826530929

      0.82714844      0.78539816    0.008863231439283423
      0.82714844       2.3561945    0.008863231439257262

      0.87727865      0.78539816    0.009459491654240443
      0.87727865       2.3561945    0.009459491654283768

      0.92740885      0.78539816     0.01006583581837142
      0.92740885       2.3561945      0.0100658358183749

      0.97753906      0.78539816     0.01068274355220916
      0.97753906       2.3561945     0.01068274355209167

       1.0276693      0.78539816     0.01131067907489137
       1.0276693       2.3561945     0.01131067907495204

       1.0777995      0.78539816      0.0119500905551487
       1.0777995       2.3561945     0.01195009055525709

       1.1279297      0.78539816     0.01260140948813997
       1.1279297       2.3561945     0.01260140948817735

       1.1780599      0.78539816     0.01326505010149089
       1.1780599       2.3561945      0.0132650501015507

       1.2281901      0.78539816     0.01394140878901089
       1.2281901       2.3561945     0.01394140878908993

       1.2783203      0.78539816     0.01463086357281721
       1.2783203       2.3561945     0.01463086357295634

       1.3284505      0.78539816     0.01533377359705058
       1.3284505       2.3561945     0.01533377359710107

       1.3785807      0.78539816      0.0160504786518136
       1.3785807       2.3561945     0.01605047865182657

       1.4287109      0.78539816     0.01678129872660651
       1.4287109       2.3561945     0.01678129872657993

       1.4788411      0.78539816     0.01752653359702519
       1.4788411       2.3561945     0.01752653359686175

       1.5289714      0.78539816     0.01828646244243364
       1.5289714       2.3561945     0.01828646244233807

       1.5791016      0.78539816     0.01906134349619939
       1.5791016       2.3561945     0.01906134349611497

       1.6292318      0.78539816      0.0198514137285695
       1.6292318       2.3561945     0.01985141372844682

        1.679362      0.78539816     0.02065688856132079
        1.679362       2.3561945     0.02065688856146325

       1.7294922      0.78539816     0.02147796161617635
       1.7294922       2.3561945     0.02147796161659352

       1.7796224      0.78539816     0.02231480449582658
       1.7796224       2.3561945     0.02231480449560259

       1.8297526      0.78539816     0.02316756659632141
       1.8297526       2.3561945     0.02316756659603215

       1.8798828      0.78539816     0.02403637495437207
       1.8798828       2.3561945     0.02403637495457307

        1.930013      0.78539816     0.02492133412702931
        1.930013       2.3561945     0.02492133412658198

       1.9801432      0.78539816      0.0258225261001639
       1.9801432       2.3561945     0.02582252609995575

       2.0302734      0.78539816     0.02674001023435364
       2.0302734       2.3561945     0.02674001023483648

       2.0804036      0.78539816     0.02767382323896604
       2.0804036       2.3561945     0.02767382323911376

       2.1305339      0.78539816     0.02862397917755915
       2.1305339       2.3561945     0.02862397917737599

       2.1806641      0.78539816     0.02959046950712887
       2.1806641       2.3561945     0.02959046950678102

       2.2307943      0.78539816     0.03057326314352461
       2.2307943       2.3561945     0.03057326314333762

       2.2809245      0.78539816     0.03157230656110036
       2.2809245       2.3561945     0.03157230656091323

       2.3310547      0.78539816     0.03258752391948851
       2.3310547       2.3561945     0.03258752391930143

       2.3811849      0.78539816     0.03361881721852999
       2.3811849       2.3561945     0.03361881721861737

       2.4313151      0.78539816     0.03466606648353954
       2.4313151       2.3561945     0.03466606648342166

       2.4814453      0.78539816     0.03572912997453388
       2.4814453       2.3561945     0.03572912997460533

       2.5315755      0.78539816     0.03680784442641767
       2.5315755       2.3561945     0.03680784442665712

       2.5817057      0.78539816      0.0379020253126707
       2.5817057       2.3561945     0.03790202531258811

       2.6318359      0.78539816     0.03901146713228143
       2.6318359       2.3561945     0.03901146713218961

       2.6819661      0.78539816     0.04013594372440108
       2.6819661       2.3561945     0.04013594372436589

       2.7320964      0.78539816      0.0412752086054039
       2.7320964       2.3561945     0.04127520860522782

       2.7822266      0.78539816     0.04242899532848937
       2.7822266       2.3561945     0.04242899532824326

       2.8323568      0.78539816     0.04359701786296346
       2.8323568       2.3561945     0.04359701786305707

        2.882487      0.78539816     0.04477897099734598
        2.882487       2.3561945      0.0447789709975264

       2.9326172      0.78539816     0.04597453076085441
       2.9326172       2.3561945     0.04597453076083163

       2.9827474      0.78539816     0.04718335486329406
       2.9827474       2.3561945     0.04718335486330041

       3.0328776      0.78539816     0.04840508315415226
       3.0328776       2.3561945     0.04840508315443973

       3.0830078      0.78539816     0.04963933809814536
       3.0830078       2.3561945     0.04963933809863355

        3.133138      0.78539816     0.05088572526778832
        3.133138       2.3561945     0.05088572526785762

       3.1832682      0.78539816     0.05214383384759804
       3.1832682       2.3561945     0.05214383384764836

       3.2333984      0.78539816     0.05341323715748986
       3.2333984       2.3561945     0.05341323715770661

       3.2835286      0.78539816     0.05469349318712623
       3.2835286       2.3561945     0.05469349318733041

       3.3336589      0.78539816     0.05598414514019553
       3.3336589       2.3561945     0.05598414514052469

       3.3837891      0.78539816     0.05728472199466549
       3.3837891       2.3561945     0.05728472199471048

       3.4339193      0.78539816     0.05859473906883295
       3.4339193       2.3561945      0.0585947390689196

       3.4840495      0.78539816     0.05991369860033683
       3.4840495       2.3561945      0.0599136986006331

       3.5341797      0.78539816     0.06124109033251668
       3.5341797       2.3561945     0.06124109033254886

       3.5843099      0.78539816     0.06257639210577785
       3.5843099       2.3561945     0.06257639210579753

       3.6344401      0.78539816     0.06391907046059786
       3.6344401       2.3561945     0.06391907046090846

       3.6845703      0.78539816     0.06526858124276103
       3.6845703       2.3561945     0.06526858124339295

       3.7347005      0.78539816     0.06662437021368965
       3.7347005       2.3561945     0.06662437021441489

       3.7848307      0.78539816     0.06798587366699699
       3.7848307       2.3561945     0.06798587366686053

       3.8349609      0.78539816     0.06935251904475503
       3.8349609       2.3561945     0.06935251904434137

       3.8850911      0.78539816     0.07072372555956609
       3.8850911       2.3561945     0.07072372555960593

       3.9352214      0.78539816     0.07209890481835413
       3.9352214       2.3561945      0.0720989048187074

       3.9853516      0.78539816     0.07347746144257775
       3.9853516       2.3561945     0.07347746144274769

       4.0354818      0.78539816     0.07485879369116689
       4.0354818       2.3561945     0.07485879369127943

        4.085612      0.78539816     0.07624229408635909
        4.085612       2.3561945     0.07624229408706287

       4.1357422      0.78539816     0.07762735003332547
       4.1357422       2.3561945     0.07762735003321705

       4.1858724      0.78539816     0.07901334443528191
       4.1858724       2.3561945     0.07901334443476388

       4.2360026      0.78539816     0.08039965631283286
       4.2360026       2.3561945     0.08039965631251678

       4.2861328      0.78539816     0.08178566141707901
       4.2861328       2.3561945       0.081785661416268

        4.336263      0.78539816     0.08317073283539302
        4.336263       2.3561945     0.08317073283541529

       4.3863932      0.78539816     0.08455424159642798
       4.3863932       2.3561945     0.08455424159714628

       4.4365234      0.78539816     0.08593555726778371
       4.4365234       2.3561945     0.08593555726761409

       4.4866536      0.78539816     0.08731404854567702
       4.4866536       2.3561945     0.08731404854578662

       4.5367839      0.78539816     0.08868908384651447
       4.5367839       2.3561945     0.08868908384684625

       4.5869141      0.78539816     0.09006003188067013
       4.5869141       2.3561945     0.09006003188041023

       4.6370443      0.78539816     0.09142626222227454
       4.6370443       2.3561945     0.09142626222176543

       4.6871745      0.78539816     0.09278714587830425
       4.6871745       2.3561945     0.09278714587793886

       4.7373047      0.78539816     0.09414205583769672
       4.7373047       2.3561945     0.09414205583847331

       4.7874349      0.78539816     0.09549036762005275
       4.7874349       2.3561945      0.0954903676206858

       4.8375651      0.78539816     0.09683145981215288
       4.8375651       2.3561945     0.09683145981192237

       4.8876953      0.78539816     0.09816471459092252
       4.8876953       2.3561945      0.0981647145911701

       4.9378255      0.78539816     0.09948951824478829
       4.9378255       2.3561945     0.09948951824502286

       4.9879557      0.78539816      0.1008052616781897
       4.9879557       2.3561945      0.1008052616782213

       5.0380859      0.78539816      0.1021113409055742
       5.0380859       2.3561945      0.1021113409062212

       5.0882161      0.78539816      0.1034071575387301
       5.0882161       2.3561945      0.1034071575382042

       5.1383464      0.78539816      0.1046921192558253
       5.1383464       2.3561945      0.1046921192550188

       5.1884766      0.78539816      0.1059656402659664
       5.1884766       2.3561945      0.1059656402660714

       5.2386068      0.78539816      0.1072271417583838
       5.2386068       2.3561945       0.107227141758494

        5.288737      0.78539816       0.108476052339425
        5.288737       2.3561945      0.1084760523396888

       5.3388672      0.78539816      0.1097118084574357
       5.3388672       2.3561945      0.1097118084571792

       5.3889974      0.78539816      0.1109338548134588
       5.3889974       2.3561945      0.1109338548132155

       5.4391276      0.78539816      0.1121416447661743
       5.4391276       2.3561945      0.1121416447664726

       5.4892578      0.78539816      0.1133346407157986
       5.4892578       2.3561945      0.1133346407155602

        5.539388      0.78539816      0.1145123144765029
        5.539388       2.3561945      0.1145123144757362

       5.5895182      0.78539816      0.1156741476403937
       5.5895182       2.3561945       0.115674147640163

       5.6396484      0.78539816       0.116819631924845
       5.6396484       2.3561945      0.1168196319244629

       5.6897786      0.78539816      0.1179482695056372
       5.6897786       2.3561945      0.1179482695056114

       5.7399089      0.78539816      0.1190595733409177
       5.7399089       2.3561945      0.1190595733414597

       5.7900391      0.78539816      0.1201530674762797
       5.7900391       2.3561945      0.1201530674766354

       5.8401693      0.78539816      0.1212282873385664
       5.8401693       2.3561945      0.1212282873380895

       5.8902995      0.78539816      0.1222847800196095
       5.8902995       2.3561945      0.1222847800185773

       5.9404297      0.78539816      0.1233221045397366
       5.9404297       2.3561945      0.1233221045394986

       5.9905599      0.78539816      0.1243398321054076
       5.9905599       2.3561945      0.1243398321050614

       6.0406901      0.78539816      0.1253375463480411
       6.0406901       2.3561945      0.1253375463479852

       6.0908203      0.78539816      0.1263148435472065
       6.0908203       2.3561945      0.1263148435471865

       6.1409505      0.78539816      0.1272713328487372
       6.1409505       2.3561945      0.1272713328487303

       6.1910807      0.78539816      0.1282066364629193
       6.1910807       2.3561945      0.1282066364629483

       6.2412109      0.78539816      0.1291203898490228
       6.2412109       2.3561945      0.1291203898481069

       6.2913411      0.78539816      0.1300122418889001
       6.2913411       2.3561945      0.1300122418885225

       6.3414714      0.78539816      0.1308818550481016
       6.3414714       2.3561945      0.1308818550483413

       6.3916016      0.78539816      0.1317289055239557
       6.3916016       2.3561945      0.1317289055241395

       6.4417318      0.78539816      0.1325530833750072
       6.4417318       2.3561945        0.13255308337481

        6.491862      0.78539816      0.1333540926431402
        6.491862       2.3561945      0.1333540926428792

       6.5419922      0.78539816      0.1341316514638999
       6.5419922       2.3561945      0.1341316514645235

       6.5921224      0.78539816      0.1348854921583205
       6.5921224       2.3561945      0.1348854921580625

       6.6422526      0.78539816      0.1356153613155505
       6.6422526       2.3561945      0.1356153613147848

       6.6923828      0.78539816      0.1363210198655799
       6.6923828       2.3561945      0.1363210198659465

        6.742513      0.78539816      0.1370022431361576
        6.742513       2.3561945      0.1370022431365839

       6.7926432      0.78539816      0.1376588208943437
       6.7926432       2.3561945      0.1376588208949623

       6.8427734      0.78539816       0.138290557384327
       6.8427734       2.3561945      0.1382905573847997

       6.8929036      0.78539816      0.1388972713491018
       6.8929036       2.3561945      0.1388972713487635

       6.9430339      0.78539816      0.1394787960358144
       6.9430339       2.3561945      0.1394787960356248

       6.9931641      0.78539816      0.1400349791997983
       6.9931641       2.3561945      0.1400349791993878

       7.0432943      0.78539816      0.1405656830893191
       7.0432943       2.3561945      0.1405656830885555

       7.0934245      0.78539816      0.1410707844196255
       7.0934245       2.3561945      0.1410707844193796

       7.1435547      0.78539816      0.1415501743426514
       7.1435547       2.3561945      0.1415501743418558

       7.1936849      0.78539816       0.142003758396287
       7.1936849       2.3561945      0.1420037583959098

       7.2438151      0.78539816      0.1424314564518288
       7.2438151       2.3561945      0.1424314564525662

       7.2939453      0.78539816      0.1428332026476484
       7.2939453       2.3561945       0.142833202647607

       7.3440755      0.78539816      0.1432089453077359
       7.3440755       2.3561945      0.1432089453073233

       7.3942057      0.78539816      0.1435586468607211
       7.3942057       2.3561945      0.1435586468608143

       7.4443359      0.78539816      0.1438822837414719
       7.4443359       2.3561945      0.1438822837416274

       7.4944661      0.78539816      0.1441798462835363
       7.4944661       2.3561945      0.1441798462837948

       7.5445964      0.78539816      0.1444513386079263
       7.5445964       2.3561945      0.1444513386086618

       7.5947266      0.78539816      0.1446967784970289
       7.5947266       2.3561945      0.1446967784971791

       7.6448568      0.78539816      0.1449161972600112
       7.6448568       2.3561945      0.1449161972587513

        7.694987      0.78539816      0.1451096395942807
        7.694987       2.3561945       0.145109639593219

       7.7451172      0.78539816       0.145277163435112
       7.7451172       2.3561945      0.1452771634350612

       7.7952474      0.78539816      0.1454188397979021
       7.7952474       2.3561945      0.1454188397977252

       7.8453776      0.78539816      0.1455347526116373
       7.8453776       2.3561945      0.1455347526117609

       7.8955078      0.78539816      0.1456249985459218
       7.8955078       2.3561945      0.1456249985465444

        7.945638      0.78539816      0.1456896868325059
        7.945638       2.3561945      0.1456896868324593

       7.9957682      0.78539816      0.1457289390729493
       7.9957682       2.3561945      0.1457289390729674

       8.0458984      0.78539816      0.1457428890471531
       8.0458984       2.3561945      0.1457428890473147

       8.0960286      0.78539816      0.1457316825135433
       8.0960286       2.3561945      0.1457316825132087

       8.1461589      0.78539816      0.1456954769977637
       8.1461589       2.3561945      0.1456954769976548

       8.1962891      0.78539816      0.1456344415802897
       8.1962891       2.3561945      0.1456344415803067

       8.2464193      0.78539816      0.1455487566761985
       8.2464193       2.3561945      0.1455487566761632

       8.2965495      0.78539816      0.1454386138124807
       8.2965495       2.3561945      0.1454386138124117

       8.3466797      0.78539816      0.1453042153926811
       8.3466797       2.3561945      0.1453042153926277

       8.3968099      0.78539816      0.1451457744622114
       8.3968099       2.3561945      0.1451457744615629

       8.4469401      0.78539816      0.1449635144704109
       8.4469401       2.3561945       0.144963514469975

       8.4970703      0.78539816       0.144757669020284
       8.4970703       2.3561945      0.1447576690211316

       8.5472005      0.78539816      0.1445284816227811
       8.5472005       2.3561945      0.1445284816232215

       8.5973307      0.78539816      0.1442762054375494
       8.5973307       2.3561945       0.144276205437752

       8.6474609      0.78539816      0.1440011030178797
       8.6474609       2.3561945      0.1440011030185921

       8.6975911      0.78539816      0.1437034460504232
       8.6975911       2.3561945      0.1437034460504685

       8.7477214      0.78539816      0.1433835150829207
       8.7477214       2.3561945      0.1433835150830007

       8.7978516      0.78539816      0.1430415992619251
       8.7978516       2.3561945      0.1430415992627858

       8.8479818      0.78539816      0.1426779960611389
       8.8479818       2.3561945       0.142677996061477

        8.898112      0.78539816      0.1422930110003635
        8.898112       2.3561945      0.1422930110003067

       8.9482422      0.78539816      0.1418869573730697
       8.9482422       2.3561945      0.1418869573724442

       8.9983724      0.78539816      0.1414601559703495
       8.9983724       2.3561945      0.1414601559696715

       9.0485026      0.78539816      0.1410129347923174
       9.0485026       2.3561945      0.1410129347925392

       9.0986328      0.78539816      0.1405456287695628
       9.0986328       2.3561945      0.1405456287698906

        9.148763      0.78539816      0.1400585794777091
        9.148763       2.3561945      0.1400585794781035

       9.1988932      0.78539816      0.1395521348494606
       9.1988932       2.3561945      0.1395521348494946

       9.2490234      0.78539816      0.1390266488888726
       9.2490234       2.3561945      0.1390266488887021

       9.2991536      0.78539816      0.1384824813836412
       9.2991536       2.3561945       0.138482481383632

       9.3492839      0.78539816      0.1379199976153525
       9.3492839       2.3561945      0.1379199976147944

       9.3994141      0.78539816      0.1373395680680951
       9.3994141       2.3561945      0.1373395680678319

       9.4495443      0.78539816      0.1367415681430494
       9.4495443       2.3561945        0.13674156814328

       9.4996745      0.78539816      0.1361263778659575
       9.4996745       2.3561945      0.1361263778655366

       9.5498047      0.78539816      0.1354943815977111
       9.5498047       2.3561945      0.1354943815976297

       9.5999349      0.78539816       0.134845967746084
       9.5999349       2.3561945      0.1348459677464452

       9.6500651      0.78539816      0.1341815284763105
       9.6500651       2.3561945      0.1341815284771403

       9.7001953      0.78539816      0.1335014594258548
       9.7001953       2.3561945      0.1335014594253881

       9.7503255      0.78539816      0.1328061594133768
       9.7503255       2.3561945      0.1328061594112603

       9.8004557      0.78539816      0.1320960301536294
       9.8004557       2.3561945      0.1320960301535712

       9.8505859      0.78539816      0.1313714759800723
       9.8505859       2.3561945      0.1313714759807884

       9.9007161      0.78539816      0.1306329035569495
       9.9007161       2.3561945      0.1306329035556769

       9.9508464      0.78539816      0.1298807215922869
       9.9508464       2.3561945      0.1298807215915615

       10.000977      0.78539816       0.129115340571445
       10.000977       2.3561945      0.1291153405725325

       10.051107      0.78539816      0.1283371724768952
       10.051107       2.3561945      0.1283371724761747

       10.101237      0.78539816      0.1275466305017386
       10.101237       2.3561945      0.1275466305012212

       10.151367      0.78539816      0.1267441287951298
       10.151367       2.3561945      0.1267441287959421

       10.201497      0.78539816      0.1259300821864566
       10.201497       2.3561945      0.1259300821865008

       10.251628      0.78539816      0.1251049059120191
       10.251628       2.3561945      0.1251049059123485

       10.301758      0.78539816      0.1242690153613842
       10.301758       2.3561945       0.124269015361525

       10.351888      0.78539816      0.1234228258126788
       10.351888       2.3561945      0.1234228258121965

       10.402018      0.78539816      0.1225667521748144
       10.402018       2.3561945      0.1225667521741722

       10.452148      0.78539816      0.1217012087361545
       10.452148       2.3561945      0.1217012087369126

       10.502279      0.78539816       0.120826608916733
       10.502279       2.3561945      0.1208266089174274

       10.552409      0.78539816      0.1199433650170663
       10.552409       2.3561945       0.119943365016096

       10.602539      0.78539816      0.1190518879773419
       10.602539       2.3561945      0.1190518879768703

       10.652669      0.78539816      0.1181525871421117
       10.652669       2.3561945      0.1181525871427075

       10.702799      0.78539816       0.117245870026308
       10.702799       2.3561945      0.1172458700269281

        10.75293      0.78539816      0.1163321420837661
        10.75293       2.3561945      0.1163321420839245

        10.80306      0.78539816      0.1154118064806084
        10.80306       2.3561945      0.1154118064809345

        10.85319      0.78539816      0.1144852638794523
        10.85319       2.3561945      0.1144852638795749

        10.90332      0.78539816      0.1135529122204817
        10.90332       2.3561945      0.1135529122200632

       10.953451      0.78539816      0.1126151465093549
       10.953451       2.3561945      0.1126151465100392

       11.003581      0.78539816      0.1116723586160157
       11.003581       2.3561945      0.1116723586164387

       11.053711      0.78539816       0.110724937069226
       11.053711       2.3561945      0.1107249370682676

       11.103841      0.78539816      0.1097732668589491
       11.103841       2.3561945      0.1097732668593376

       11.153971      0.78539816      0.1088177292532727
       11.153971       2.3561945      0.1088177292529159

       11.204102      0.78539816      0.1078587016050125
       11.204102       2.3561945      0.1078587016033845

       11.254232      0.78539816      0.1068965571794448
       11.254232       2.3561945      0.1068965571800052

       11.304362      0.78539816      0.1059316649582594
       11.304362       2.3561945      0.1059316649595297

       11.354492      0.78539816      0.1049643895376572
       11.354492       2.3561945      0.1049643895373644

       11.404622      0.78539816      0.1039950907839901
       11.404622       2.3561945      0.1039950907828611

       11.454753      0.78539816      0.1030241241434243
       11.454753       2.3561945       0.103024124143468

       11.504883      0.78539816      0.1020518392722795
       11.504883       2.3561945      0.1020518392730646

       11.555013      0.78539816      0.1010785830815764
       11.555013       2.3561945      0.1010785830816847

       11.605143      0.78539816      0.1001046912522424
       11.605143       2.3561945      0.1001046912523525

       11.655273      0.78539816     0.09913050985062816
       11.655273       2.3561945     0.09913050985009496

       11.705404      0.78539816     0.09815633867283749
       11.705404       2.3561945     0.09815633867160983

       11.755534      0.78539816     0.09718257761255095
       11.755534       2.3561945     0.09718257761268237

       11.805664      0.78539816      0.0962093479702983
       11.805664       2.3561945     0.09620934797223425

       11.855794      0.78539816      0.0952374680520644
       11.855794       2.3561945     0.09523746805272226

       11.905924      0.78539816     0.09426594505721719
       11.905924       2.3561945     0.09426594505578915

       11.956055      0.78539816      0.0932984046285768
       11.956055       2.3561945     0.09329840462855153

       12.006185      0.78539816     0.09232665035431774
       12.006185       2.3561945     0.09232665035590734

       12.056315      0.78539816     0.09137259322076539
       12.056315       2.3561945     0.09137259322154266

       12.106445      0.78539816     0.09038158601525052
       12.106445       2.3561945     0.09038158601481253

       12.156576      0.78539816     0.08949309276638732
       12.156576       2.3561945     0.08949309276571044

       12.206706      0.78539816     0.08835554538259915
       12.206706       2.3561945     0.08835554538205438

       12.256836      0.78539816     0.08785640925360316
       12.256836       2.3561945      0.0878564092534581

       12.306966      0.78539816     0.08576410159541684
       12.306966       2.3561945     0.08576410159467464

       12.357096      0.78539816     0.08768037841637924
       12.357096       2.3561945     0.08768037841631214

       12.407227      0.78539816     0.07957936467131796
       12.407227       2.3561945     0.07957936467181773

       12.457357      0.78539816     0.09649313042752532
       12.457357       2.3561945     0.09649313042626809

       12.507487      0.78539816     0.05110538442149559
       12.507487       2.3561945     0.05110538442169018

       12.557617      0.78539816       0.160792211775404
       12.557617       2.3561945      0.1607922117770995

       12.607747      0.78539816     -0.1136304978093735
       12.607747       2.3561945     -0.1136304978100351

       12.657878      0.78539816                       0
       12.657878       2.3561945                       0

       12.708008      0.78539816                       0
       12.708008       2.3561945                       0

       12.758138      0.78539816                       0
       12.758138       2.3561945                       0

       12.808268      0.78539816                       0
       12.808268       2.3561945                       0

       12.858398      0.78539816                       0
       12.858398       2.3561945                       0

       12.908529      0.78539816                       0
       12.908529       2.3561945                       0

       12.958659      0.78539816                       0
       12.958659       2.3561945                       0

       13.008789      0.78539816                       0
       13.008789       2.3561945                       0

