# File created on Wed Jul  8 11:31:18 2026
# Data for Inflation GW initial data initial data at coord time 1.12447 and central proper time 1.12447
# Evolved with (264,10,9) gridpoints (including 4 ghosts)
# Evolution with geodesic slicing and constant shift shift condition 
# data for phi = 3.14159
#              r           theta               Mom_r
#===============================================================
     0.025065104      0.78539816   0.0002025827991230427
     0.025065104       2.3561945   0.0002025827991759684

     0.075195312      0.78539816    0.000237630045833272
     0.075195312       2.3561945   0.0002376300460455194

      0.12532552      0.78539816   -2.72065282772866e-05
      0.12532552       2.3561945  -2.720652831611318e-05

      0.17545573      0.78539816   0.0002447331480651127
      0.17545573       2.3561945   0.0002447331478453354

      0.22558594      0.78539816   0.0001549747195788483
      0.22558594       2.3561945   0.0001549747197931422

      0.27571615      0.78539816   0.0002777229927730402
      0.27571615       2.3561945   0.0002777229927714009

      0.32584635      0.78539816   0.0002873683132395485
      0.32584635       2.3561945   0.0002873683131041707

      0.37597656      0.78539816   0.0003634683754338321
      0.37597656       2.3561945   0.0003634683756626768

      0.42610677      0.78539816   0.0003991994466363419
      0.42610677       2.3561945   0.0003991994466293926

      0.47623698      0.78539816   0.0004828605420277195
      0.47623698       2.3561945   0.0004828605420131964

      0.52636719      0.78539816   0.0005111750060282153
      0.52636719       2.3561945   0.0005111750060943811

       0.5764974      0.78539816   0.0006340692568375279
       0.5764974       2.3561945   0.0006340692567762297

       0.6266276      0.78539816   0.0006584119818690073
       0.6266276       2.3561945   0.0006584119819194219

      0.67675781      0.78539816   0.0007879346214989535
      0.67675781       2.3561945   0.0007879346216086019

      0.72688802      0.78539816   0.0009575605636331849
      0.72688802       2.3561945   0.0009575605637064041

      0.77701823      0.78539816   0.0009345985342923205
      0.77701823       2.3561945   0.0009345985341833729

      0.82714844      0.78539816    0.001425836880682971
      0.82714844       2.3561945    0.001425836880891353

      0.87727865      0.78539816    0.002059993624291288
      0.87727865       2.3561945    0.002059993624649724

      0.92740885      0.78539816    0.001807680152628735
      0.92740885       2.3561945    0.001807680152623142

      0.97753906      0.78539816    0.001107793608116019
      0.97753906       2.3561945       0.001107793607957

       1.0276693      0.78539816   0.0007367421844892419
       1.0276693       2.3561945   0.0007367421843052363

       1.0777995      0.78539816   0.0006247552660364267
       1.0777995       2.3561945   0.0006247552660226252

       1.1279297      0.78539816     0.00053397538925231
       1.1279297       2.3561945   0.0005339753894221186

       1.1780599      0.78539816   0.0004564610285801296
       1.1780599       2.3561945   0.0004564610285195045

       1.2281901      0.78539816   0.0004111773322526546
       1.2281901       2.3561945   0.0004111773322242607

       1.2783203      0.78539816   0.0003822974315634414
       1.2783203       2.3561945   0.0003822974315523739

       1.3284505      0.78539816   0.0003622159648965714
       1.3284505       2.3561945   0.0003622159650437592

       1.3785807      0.78539816   0.0003501525327575805
       1.3785807       2.3561945   0.0003501525326868732

       1.4287109      0.78539816   0.0003441104672058937
       1.4287109       2.3561945   0.0003441104670676154

       1.4788411      0.78539816   0.0003423547824435991
       1.4788411       2.3561945   0.0003423547825580631

       1.5289714      0.78539816   0.0003438852448287427
       1.5289714       2.3561945   0.0003438852449098445

       1.5791016      0.78539816   0.0003479141183007489
       1.5791016       2.3561945   0.0003479141182502615

       1.6292318      0.78539816   0.0003538075119052242
       1.6292318       2.3561945   0.0003538075119641632

        1.679362      0.78539816   0.0003610813393075812
        1.679362       2.3561945   0.0003610813393237072

       1.7294922      0.78539816   0.0003693521008231587
       1.7294922       2.3561945   0.0003693521007195888

       1.7796224      0.78539816   0.0003783102635449009
       1.7796224       2.3561945   0.0003783102635732394

       1.8297526      0.78539816   0.0003877043320338475
       1.8297526       2.3561945   0.0003877043320519025

       1.8798828      0.78539816   0.0003973273462255372
       1.8798828       2.3561945   0.0003973273462183208

        1.930013      0.78539816   0.0004070069780384294
        1.930013       2.3561945   0.0004070069780394286

       1.9801432      0.78539816   0.0004165982267082119
       1.9801432       2.3561945   0.0004165982267092805

       2.0302734      0.78539816   0.0004259778004421511
       2.0302734       2.3561945   0.0004259778004569448

       2.0804036      0.78539816    0.000435039797022474
       2.0804036       2.3561945   0.0004350397971161074

       2.1305339      0.78539816   0.0004436923581416785
       2.1305339       2.3561945   0.0004436923580920238

       2.1806641      0.78539816   0.0004518550519434922
       2.1806641       2.3561945    0.000451855051945102

       2.2307943      0.78539816   0.0004594568151342626
       2.2307943       2.3561945   0.0004594568151305156

       2.2809245      0.78539816   0.0004664343210981081
       2.2809245       2.3561945   0.0004664343211548821

       2.3310547      0.78539816    0.000472730681786368
       2.3310547       2.3561945   0.0004727306817694787

       2.3811849      0.78539816    0.000478294409127597
       2.3811849       2.3561945   0.0004782944090609281

       2.4313151      0.78539816   0.0004830785805239046
       2.4313151       2.3561945   0.0004830785806676091

       2.4814453      0.78539816   0.0004870401658752799
       2.4814453       2.3561945   0.0004870401658330636

       2.5315755      0.78539816   0.0004901394835321454
       2.5315755       2.3561945   0.0004901394835155476

       2.5817057      0.78539816   0.0004923397596097445
       2.5817057       2.3561945   0.0004923397596375417

       2.6318359      0.78539816   0.0004936067679205403
       2.6318359       2.3561945   0.0004936067679585238

       2.6819661      0.78539816   0.0004939085392181991
       2.6819661       2.3561945   0.0004939085392458437

       2.7320964      0.78539816    0.000493215123740981
       2.7320964       2.3561945   0.0004932151237429933

       2.7822266      0.78539816   0.0004914983955204705
       2.7822266       2.3561945   0.0004914983955827817

       2.8323568      0.78539816   0.0004887318959804071
       2.8323568       2.3561945   0.0004887318960305476

        2.882487      0.78539816    0.000484890704975996
        2.882487       2.3561945   0.0004848907049298246

       2.9326172      0.78539816   0.0004799513347531065
       2.9326172       2.3561945   0.0004799513347307632

       2.9827474      0.78539816   0.0004738916462900672
       2.9827474       2.3561945   0.0004738916464154669

       3.0328776      0.78539816   0.0004666907791233549
       3.0328776       2.3561945   0.0004666907791174013

       3.0830078      0.78539816   0.0004583290961496095
       3.0830078       2.3561945   0.0004583290961348851

        3.133138      0.78539816   0.0004487881393096388
        3.133138       2.3561945   0.0004487881392924581

       3.1832682      0.78539816   0.0004380505942176011
       3.1832682       2.3561945   0.0004380505942153945

       3.2333984      0.78539816   0.0004261002623181798
       3.2333984       2.3561945   0.0004261002623732885

       3.2835286      0.78539816    0.000412922038629554
       3.2835286       2.3561945   0.0004129220385700738

       3.3336589      0.78539816   0.0003985018962033016
       3.3336589       2.3561945   0.0003985018962802678

       3.3837891      0.78539816   0.0003828268730096535
       3.3837891       2.3561945   0.0003828268729451495

       3.4339193      0.78539816   0.0003658850648030759
       3.4339193       2.3561945   0.0003658850648401851

       3.4840495      0.78539816   0.0003476656196943484
       3.4840495       2.3561945   0.0003476656198071748

       3.5341797      0.78539816   0.0003281587351159632
       3.5341797       2.3561945   0.0003281587350987686

       3.5843099      0.78539816   0.0003073556572513597
       3.5843099       2.3561945   0.0003073556572350117

       3.6344401      0.78539816   0.0002852486829061501
       3.6344401       2.3561945   0.0002852486829133805

       3.6845703      0.78539816   0.0002618311623266839
       3.6845703       2.3561945   0.0002618311622523128

       3.7347005      0.78539816    0.000237097503778913
       3.7347005       2.3561945   0.0002370975037260387

       3.7848307      0.78539816   0.0002110431804589058
       3.7848307       2.3561945   0.0002110431805219665

       3.8349609      0.78539816   0.0001836647378508777
       3.8349609       2.3561945   0.0001836647377883721

       3.8850911      0.78539816   0.0001549597999249835
       3.8850911       2.3561945   0.0001549597999412067

       3.9352214      0.78539816   0.0001249270810274872
       3.9352214       2.3561945   0.0001249270810638053

       3.9853516      0.78539816   9.356639436274017e-05
       3.9853516       2.3561945   9.356639432187008e-05

       4.0354818      0.78539816    6.08786647704751e-05
       4.0354818       2.3561945   6.087866479906334e-05

        4.085612      0.78539816   2.686594126143083e-05
        4.085612       2.3561945    2.68659412711314e-05

       4.1357422      0.78539816  -8.468589679108685e-06
       4.1357422       2.3561945  -8.468589904525592e-06

       4.1858724      0.78539816  -4.512059034497695e-05
       4.1858724       2.3561945   -4.51205903563151e-05

       4.2360026      0.78539816  -8.308455555872118e-05
       4.2360026       2.3561945   -8.30845556237525e-05

       4.2861328      0.78539816  -0.0001223537963821464
       4.2861328       2.3561945  -0.0001223537964650107

        4.336263      0.78539816  -0.0001629204224588149
        4.336263       2.3561945  -0.0001629204224845721

       4.3863932      0.78539816  -0.0002047753225312005
       4.3863932       2.3561945   -0.000204775322343656

       4.4365234      0.78539816   -0.000247908144220127
       4.4365234       2.3561945  -0.0002479081443565734

       4.4866536      0.78539816  -0.0002923072740370763
       4.4866536       2.3561945  -0.0002923072740505794

       4.5367839      0.78539816  -0.0003379598138493617
       4.5367839       2.3561945  -0.0003379598138209955

       4.5869141      0.78539816  -0.0003848515581574008
       4.5869141       2.3561945  -0.0003848515582035028

       4.6370443      0.78539816  -0.0004329669677649028
       4.6370443       2.3561945  -0.0004329669676133852

       4.6871745      0.78539816   -0.000482289142713116
       4.6871745       2.3561945  -0.0004822891429593634

       4.7373047      0.78539816   -0.000532799795379818
       4.7373047       2.3561945  -0.0005327997953188945

       4.7874349      0.78539816  -0.0005844792196482429
       4.7874349       2.3561945  -0.0005844792195422721

       4.8375651      0.78539816  -0.0006373062613363734
       4.8375651       2.3561945  -0.0006373062612473057

       4.8876953      0.78539816  -0.0006912582846944071
       4.8876953       2.3561945   -0.000691258284748697

       4.9378255      0.78539816  -0.0007463111371657505
       4.9378255       2.3561945   -0.000746311137261757

       4.9879557      0.78539816  -0.0008024391137723685
       4.9879557       2.3561945   -0.000802439113701453

       5.0380859      0.78539816  -0.0008596149182319157
       5.0380859       2.3561945  -0.0008596149181343271

       5.0882161      0.78539816  -0.0009178096237225375
       5.0882161       2.3561945  -0.0009178096236565625

       5.1383464      0.78539816  -0.0009769926322798217
       5.1383464       2.3561945  -0.0009769926323604516

       5.1884766      0.78539816   -0.001037131629631122
       5.1884766       2.3561945   -0.001037131629728044

       5.2386068      0.78539816   -0.001098192540423037
       5.2386068       2.3561945   -0.001098192540532922

        5.288737      0.78539816   -0.001160139478946942
        5.288737       2.3561945   -0.001160139478946443

       5.3388672      0.78539816   -0.001222934700125494
       5.3388672       2.3561945   -0.001222934700027156

       5.3889974      0.78539816   -0.001286538547905586
       5.3889974       2.3561945   -0.001286538547819488

       5.4391276      0.78539816   -0.001350909401573536
       5.4391276       2.3561945   -0.001350909401667238

       5.4892578      0.78539816   -0.001416003619033018
       5.4892578       2.3561945   -0.001416003619087641

        5.539388      0.78539816   -0.001481775477517849
        5.539388       2.3561945   -0.001481775477583686

       5.5895182      0.78539816   -0.001548177112932231
       5.5895182       2.3561945   -0.001548177112769833

       5.6396484      0.78539816   -0.001615158455466531
       5.6396484       2.3561945   -0.001615158455512161

       5.6897786      0.78539816   -0.001682667166578666
       5.6897786       2.3561945   -0.001682667166671231

       5.7399089      0.78539816   -0.001750648569200625
       5.7399089       2.3561945   -0.001750648569154273

       5.7900391      0.78539816   -0.001819045577233974
       5.7900391       2.3561945   -0.001819045577162698

       5.8401693      0.78539816   -0.001887798622937698
       5.8401693       2.3561945   -0.001887798622949272

       5.8902995      0.78539816   -0.001956845581301075
       5.8902995       2.3561945   -0.001956845581304212

       5.9404297      0.78539816   -0.002026121690340249
       5.9404297       2.3561945   -0.002026121690363508

       5.9905599      0.78539816   -0.002095559473099584
       5.9905599       2.3561945   -0.002095559473141828

       6.0406901      0.78539816   -0.002165088653976605
       6.0406901       2.3561945   -0.002165088653897362

       6.0908203      0.78539816   -0.002234636072231566
       6.0908203       2.3561945   -0.002234636072336704

       6.1409505      0.78539816   -0.002304125594634776
       6.1409505       2.3561945   -0.002304125594797785

       6.1910807      0.78539816   -0.002373478023798919
       6.1910807       2.3561945   -0.002373478023800862

       6.2412109      0.78539816    -0.00244261100488008
       6.2412109       2.3561945   -0.002442611004780965

       6.2913411      0.78539816   -0.002511438930224763
       6.2913411       2.3561945   -0.002511438930323323

       6.3414714      0.78539816   -0.002579872842366132
       6.3414714       2.3561945   -0.002579872842373904

       6.3916016      0.78539816   -0.002647820331734663
       6.3916016       2.3561945   -0.002647820331626055

       6.4417318      0.78539816   -0.002715185434090772
       6.4417318       2.3561945   -0.002715185434087636

        6.491862      0.78539816   -0.002781868524427772
        6.491862       2.3561945   -0.002781868524540432

       6.5419922      0.78539816   -0.002847766209226305
       6.5419922       2.3561945   -0.002847766209329472

       6.5921224      0.78539816   -0.002912771216963955
       6.5921224       2.3561945   -0.002912771217093851

       6.6422526      0.78539816   -0.002976772285814389
       6.6422526       2.3561945   -0.002976772285609719

       6.6923828      0.78539816   -0.003039654048927726
       6.6923828       2.3561945   -0.003039654048669321

        6.742513      0.78539816   -0.003101296918018553
        6.742513       2.3561945   -0.003101296918056134

       6.7926432      0.78539816   -0.003161576964534313
       6.7926432       2.3561945   -0.003161576964510138

       6.8427734      0.78539816   -0.003220365799434161
       6.8427734       2.3561945   -0.003220365799434965

       6.8929036      0.78539816   -0.003277530451593957
       6.8929036       2.3561945   -0.003277530451487154

       6.9430339      0.78539816   -0.003332933243774511
       6.9430339       2.3561945   -0.003332933243567454

       6.9931641      0.78539816   -0.003386431668390588
       6.9931641       2.3561945   -0.003386431668428058

       7.0432943      0.78539816   -0.003437878260005467
       7.0432943       2.3561945   -0.003437878260128757

       7.0934245      0.78539816    -0.00348712046716948
       7.0934245       2.3561945   -0.003487120467132038

       7.1435547      0.78539816   -0.003534000524295339
       7.1435547       2.3561945   -0.003534000524173714

       7.1936849      0.78539816   -0.003578355321665783
       7.1936849       2.3561945   -0.003578355321367882

       7.2438151      0.78539816   -0.003620016275242111
       7.2438151       2.3561945   -0.003620016274999444

       7.2939453      0.78539816   -0.003658809195748236
       7.2939453       2.3561945   -0.003658809195866058

       7.3440755      0.78539816   -0.003694554157704893
       7.3440755       2.3561945   -0.003694554157877339

       7.3942057      0.78539816   -0.003727065365690008
       7.3942057       2.3561945   -0.003727065365681181

       7.4443359      0.78539816   -0.003756151024967153
       7.4443359       2.3561945   -0.003756151024953386

       7.4944661      0.78539816   -0.003781613209817625
       7.4944661       2.3561945   -0.003781613209803553

       7.5445964      0.78539816   -0.003803247732152071
       7.5445964       2.3561945   -0.003803247732263815

       7.5947266      0.78539816   -0.003820844014101515
       7.5947266       2.3561945   -0.003820844014328556

       7.6448568      0.78539816   -0.003834184956421544
       7.6448568       2.3561945   -0.003834184956421016

        7.694987      0.78539816   -0.003843046811415562
        7.694987       2.3561945   -0.003843046811281753

       7.7451172      0.78539816   -0.003847199058500533
       7.7451172       2.3561945   -0.003847199058412965

       7.7952474      0.78539816   -0.003846404279616938
       7.7952474       2.3561945   -0.003846404279697763

       7.8453776      0.78539816   -0.003840418036753251
       7.8453776       2.3561945   -0.003840418036714727

       7.8955078      0.78539816   -0.003828988755036095
       7.8955078       2.3561945   -0.003828988754603774

        7.945638      0.78539816   -0.003811857604059554
        7.945638       2.3561945   -0.003811857604105656

       7.9957682      0.78539816   -0.003788758386988028
       7.9957682       2.3561945   -0.003788758387068658

       8.0458984      0.78539816   -0.003759417430403311
       8.0458984       2.3561945   -0.003759417430286932

       8.0960286      0.78539816   -0.003723553479847236
       8.0960286       2.3561945   -0.003723553479727942

       8.1461589      0.78539816   -0.003680877598813387
       8.1461589       2.3561945   -0.003680877599042426

       8.1962891      0.78539816   -0.003631093075396469
       8.1962891       2.3561945   -0.003631093075761954

       8.2464193      0.78539816   -0.003573895329517185
       8.2464193       2.3561945   -0.003573895329545024

       8.2965495      0.78539816   -0.003508971829942864
       8.2965495       2.3561945   -0.003508971829860569

       8.3466797      0.78539816   -0.003436002018147338
       8.3466797       2.3561945   -0.003436002018212952

       8.3968099      0.78539816    -0.00335465723668496
       8.3968099       2.3561945   -0.003354657236540354

       8.4469401      0.78539816   -0.003264600665159295
       8.4469401       2.3561945   -0.003264600665097123

       8.4970703      0.78539816   -0.003165487269014139
       8.4970703       2.3561945   -0.003165487268999706

       8.5472005      0.78539816   -0.003056963751188135
       8.5472005       2.3561945   -0.003056963751257635

       8.5973307      0.78539816    -0.00293866851418334
       8.5973307       2.3561945   -0.002938668514105847

       8.6474609      0.78539816   -0.002810231638060046
       8.6474609       2.3561945   -0.002810231637691452

       8.6975911      0.78539816   -0.002671274861582473
       8.6975911       2.3561945   -0.002671274861769518

       8.7477214      0.78539816   -0.002521411580381633
       8.7477214       2.3561945    -0.00252141158071631

       8.7978516      0.78539816   -0.002360246855641457
       8.7978516       2.3561945   -0.002360246855374948

       8.8479818      0.78539816   -0.002187377433255033
       8.8479818       2.3561945   -0.002187377433084864

        8.898112      0.78539816   -0.002002391782149532
        8.898112       2.3561945   -0.002002391782084639

       8.9482422      0.78539816   -0.001804870144496568
       8.9482422       2.3561945   -0.001804870144646309

       8.9983724      0.78539816    -0.00159438460227615
       8.9983724       2.3561945   -0.001594384602545768

       9.0485026      0.78539816   -0.001370499159681848
       9.0485026       2.3561945   -0.001370499159719929

       9.0986328      0.78539816   -0.001132769844048614
       9.0986328       2.3561945   -0.001132769843940645

        9.148763      0.78539816   -0.000880744825313029
        9.148763       2.3561945  -0.0008807448248132344

       9.1988932      0.78539816  -0.0006139645549124995
       9.1988932       2.3561945   -0.000613964554372598

       9.2490234      0.78539816  -0.0003319619260113982
       9.2490234       2.3561945   -0.000331961925947033

       9.2991536      0.78539816  -3.426245536840289e-05
       9.2991536       2.3561945  -3.426245536318484e-05

       9.3492839      0.78539816     0.00027961551192629
       9.3492839       2.3561945   0.0002796155121684296

       9.3994141      0.78539816   0.0006101605755561845
       9.3994141       2.3561945   0.0006101605756614475

       9.4495443      0.78539816   0.0009578680253809618
       9.4495443       2.3561945    0.000957868025015407

       9.4996745      0.78539816    0.001323239559538836
       9.4996745       2.3561945    0.001323239559786013

       9.5498047      0.78539816     0.00170678298220403
       9.5498047       2.3561945    0.001706782982400804

       9.5999349      0.78539816    0.002109011859656923
       9.5999349       2.3561945    0.002109011859256854

       9.6500651      0.78539816       0.002530445156864
       9.6500651       2.3561945    0.002530445156698702

       9.7001953      0.78539816    0.002971606844749217
       9.7001953       2.3561945    0.002971606844145588

       9.7503255      0.78539816    0.003433025462733941
       9.7503255       2.3561945    0.003433025462770981

       9.8004557      0.78539816    0.003915233661985665
       9.8004557       2.3561945    0.003915233662675238

       9.8505859      0.78539816    0.004418767703243551
       9.8505859       2.3561945    0.004418767703140744

       9.9007161      0.78539816    0.004944166920457946
       9.9007161       2.3561945    0.004944166920001464

       9.9508464      0.78539816     0.00549197315383923
       9.9508464       2.3561945    0.005491973154261656

       10.000977      0.78539816    0.006062730139273637
       10.000977       2.3561945    0.006062730139369685

       10.051107      0.78539816    0.006656982856283494
       10.051107       2.3561945    0.006656982855940866

       10.101237      0.78539816    0.007275276842487813
       10.101237       2.3561945     0.00727527684247295

       10.151367      0.78539816    0.007918157459727918
       10.151367       2.3561945    0.007918157460023251

       10.201497      0.78539816    0.008586169120185769
       10.201497       2.3561945     0.00858616912035394

       10.251628      0.78539816    0.009279854472419719
       10.251628       2.3561945     0.00927985447165966

       10.301758      0.78539816    0.009999753536724068
       10.301758       2.3561945    0.009999753536323444

       10.351888      0.78539816     0.01074640280644394
       10.351888       2.3561945     0.01074640280653548

       10.402018      0.78539816     0.01152033427822484
       10.402018       2.3561945     0.01152033427841682

       10.452148      0.78539816     0.01232207448748394
       10.452148       2.3561945     0.01232207448748582

       10.502279      0.78539816      0.0131521435635078
       10.502279       2.3561945     0.01315214356324562

       10.552409      0.78539816     0.01401105341056523
       10.552409       2.3561945     0.01401105340993374

       10.602539      0.78539816     0.01489930787005297
       10.602539       2.3561945     0.01489930787001212

       10.652669      0.78539816     0.01581740543504975
       10.652669       2.3561945     0.01581740543523606

       10.702799      0.78539816     0.01676581222210685
       10.702799       2.3561945     0.01676581222170756

        10.75293      0.78539816     0.01774499692873821
        10.75293       2.3561945     0.01774499692879922

        10.80306      0.78539816     0.01875558494580623
        10.80306       2.3561945     0.01875558494600692

        10.85319      0.78539816     0.01979757295009027
        10.85319       2.3561945     0.01979757294968724

        10.90332      0.78539816     0.02087095248313831
        10.90332       2.3561945     0.02087095248317632

       10.953451      0.78539816      0.0219812690646306
       10.953451       2.3561945     0.02198126906476838

       11.003581      0.78539816     0.02312043902203886
       11.003581       2.3561945     0.02312043902192508

       11.053711      0.78539816     0.02426435562530518
       11.053711       2.3561945     0.02426435562563041

       11.103841      0.78539816     0.02553590232445109
       11.103841       2.3561945     0.02553590232407568

       11.153971      0.78539816     0.02687822450137288
       11.153971       2.3561945     0.02687822450180985

       11.204102      0.78539816     0.02747005841434619
       11.204102       2.3561945     0.02747005841487207

       11.254232      0.78539816     0.02921378497604427
       11.254232       2.3561945      0.0292137849746203

       11.304362      0.78539816      0.0346862303301029
       11.304362       2.3561945     0.03468623032995669

       11.354492      0.78539816     0.02739219465631734
       11.354492       2.3561945     0.02739219465747827

       11.404622      0.78539816     0.01437732836224641
       11.404622       2.3561945      0.0143773283627619

       11.454753      0.78539816     0.08424996813435208
       11.454753       2.3561945     0.08424996813368979

       11.504883      0.78539816     0.09343440513424442
       11.504883       2.3561945     0.09343440513391073

       11.555013      0.78539816     -0.3184569418915839
       11.555013       2.3561945     -0.3184569418900439

       11.605143      0.78539816     -0.3911856639941015
       11.605143       2.3561945     -0.3911856639938811

       11.655273      0.78539816      0.5657549983540148
       11.655273       2.3561945       0.565754998352993

       11.705404      0.78539816     -0.7132642937793851
       11.705404       2.3561945     -0.7132642937747192

       11.755534      0.78539816      -4.990493394218381
       11.755534       2.3561945      -4.990493394212516

       11.805664      0.78539816      -5.378090077216553
       11.805664       2.3561945       -5.37809007721985

       11.855794      0.78539816      -1.810991053076955
       11.855794       2.3561945      -1.810991053080781

       11.905924      0.78539816      -0.655686114296815
       11.905924       2.3561945      -0.655686114295459

       11.956055      0.78539816      -1.570987502275366
       11.956055       2.3561945      -1.570987502274782

       12.006185      0.78539816      -1.627766879362828
       12.006185       2.3561945      -1.627766879363597

       12.056315      0.78539816     -0.8238713951744242
       12.056315       2.3561945     -0.8238713951751018

       12.106445      0.78539816     -0.3968981713210205
       12.106445       2.3561945     -0.3968981713205768

       12.156576      0.78539816     -0.4654320293144327
       12.156576       2.3561945     -0.4654320293140013

       12.206706      0.78539816     -0.4789943178192527
       12.206706       2.3561945     -0.4789943178192221

       12.256836      0.78539816     -0.3090078722193021
       12.256836       2.3561945     -0.3090078722201164

       12.306966      0.78539816     -0.1041351187828595
       12.306966       2.3561945     -0.1041351187827917

       12.357096      0.78539816    -0.04472347336033816
       12.357096       2.3561945    -0.04472347335982546

       12.407227      0.78539816     0.08784713454967522
       12.407227       2.3561945      0.0878471345491082

       12.457357      0.78539816       0.148207783785951
       12.457357       2.3561945      0.1482077837859987

       12.507487      0.78539816      0.1278755522879071
       12.507487       2.3561945      0.1278755522875535

       12.557617      0.78539816      0.9669851110600249
       12.557617       2.3561945      0.9669851110600901

       12.607747      0.78539816   -0.007841111409048501
       12.607747       2.3561945   -0.007841111407665829

       12.657878      0.78539816                       0
       12.657878       2.3561945                       0

       12.708008      0.78539816                       0
       12.708008       2.3561945                       0

       12.758138      0.78539816                       0
       12.758138       2.3561945                       0

       12.808268      0.78539816                       0
       12.808268       2.3561945                       0

       12.858398      0.78539816                       0
       12.858398       2.3561945                       0

       12.908529      0.78539816                       0
       12.908529       2.3561945                       0

       12.958659      0.78539816                       0
       12.958659       2.3561945                       0

       13.008789      0.78539816                       0
       13.008789       2.3561945                       0

