# File created on Wed Jul  8 11:31:18 2026
# Data for Inflation GW initial data initial data at coord time 1.12447 and central proper time 1.12447
# Evolved with (264,10,9) gridpoints (including 4 ghosts)
# Evolution with geodesic slicing and constant shift shift condition 
# data for phi = 3.14159
#              r           theta               Mom_t
#===============================================================
     0.025065104      0.78539816   1.122949120001503e-13
     0.025065104       2.3561945   2.248917561041338e-14

     0.075195312      0.78539816  -2.492412193529398e-14
     0.075195312       2.3561945  -2.758742475728411e-14

      0.12532552      0.78539816    3.21660197380841e-14
      0.12532552       2.3561945   1.969713677553064e-14

      0.17545573      0.78539816   8.033278890369909e-15
      0.17545573       2.3561945   3.489500942490444e-15

      0.22558594      0.78539816  -6.706577673901455e-15
      0.22558594       2.3561945   2.742178114362904e-15

      0.27571615      0.78539816   1.406604626630165e-14
      0.27571615       2.3561945   7.272322175854705e-16

      0.32584635      0.78539816    9.52052199590241e-15
      0.32584635       2.3561945   6.343689313484871e-15

      0.37597656      0.78539816  -9.883010453249134e-16
      0.37597656       2.3561945   3.470861717149798e-15

      0.42610677      0.78539816   2.000753350815249e-14
      0.42610677       2.3561945   1.923229374997144e-14

      0.47623698      0.78539816   9.131158710961405e-15
      0.47623698       2.3561945   9.675816932712077e-15

      0.52636719      0.78539816   1.019818146727346e-14
      0.52636719       2.3561945    1.16971520280774e-14

       0.5764974      0.78539816   3.439302307735583e-14
       0.5764974       2.3561945    3.03020484284722e-14

       0.6266276      0.78539816  -1.208237375282623e-14
       0.6266276       2.3561945  -1.020386552074773e-14

      0.67675781      0.78539816   3.066959105998222e-14
      0.67675781       2.3561945   3.063759374413626e-14

      0.72688802      0.78539816   6.561722159104924e-14
      0.72688802       2.3561945   6.469968532027647e-14

      0.77701823      0.78539816  -2.259151695071898e-14
      0.77701823       2.3561945  -2.147679498633989e-14

      0.82714844      0.78539816   6.216555967510678e-14
      0.82714844       2.3561945   6.244969078744178e-14

      0.87727865      0.78539816   1.905705193007587e-13
      0.87727865       2.3561945   1.905781544970935e-13

      0.92740885      0.78539816   3.437179315742488e-14
      0.92740885       2.3561945   3.365194793422993e-14

      0.97753906      0.78539816  -1.372120965671771e-13
      0.97753906       2.3561945   -1.36895344885019e-13

       1.0276693      0.78539816   -9.33129480751139e-14
       1.0276693       2.3561945  -9.278913638907245e-14

       1.0777995      0.78539816  -1.888690512008025e-14
       1.0777995       2.3561945  -1.951602179591893e-14

       1.1279297      0.78539816  -1.835232811348711e-14
       1.1279297       2.3561945   -1.69977472375939e-14

       1.1780599      0.78539816    -2.0596505416247e-14
       1.1780599       2.3561945  -2.072990247480414e-14

       1.2281901      0.78539816  -1.031405614121396e-14
       1.2281901       2.3561945  -1.114589552474154e-14

       1.2783203      0.78539816  -6.580537966622826e-15
       1.2783203       2.3561945  -6.726248453683565e-15

       1.3284505      0.78539816  -3.925330600067178e-15
       1.3284505       2.3561945  -3.094805449099678e-15

       1.3785807      0.78539816  -2.554661974194061e-15
       1.3785807       2.3561945    -3.3414636517546e-15

       1.4287109      0.78539816  -1.486437098415455e-15
       1.4287109       2.3561945  -2.124449932879133e-15

       1.4788411      0.78539816  -1.956607346378584e-15
       1.4788411       2.3561945  -1.227812424009367e-15

       1.5289714      0.78539816   1.648478033342529e-15
       1.5289714       2.3561945   1.523521881322544e-15

       1.5791016      0.78539816   2.539174330913302e-15
       1.5791016       2.3561945   1.868032680441763e-15

       1.6292318      0.78539816   2.292389490600159e-15
       1.6292318       2.3561945    2.32044948107965e-15

        1.679362      0.78539816    2.29474008550631e-15
        1.679362       2.3561945   2.695957754398657e-15

       1.7294922      0.78539816   3.660286606107387e-15
       1.7294922       2.3561945   3.566117535866876e-15

       1.7796224      0.78539816   2.658215970148348e-15
       1.7796224       2.3561945    2.76975310553298e-15

       1.8297526      0.78539816   3.691259663061043e-15
       1.8297526       2.3561945   3.546004057503028e-15

       1.8798828      0.78539816   3.743224921757039e-15
       1.8798828       2.3561945   4.002790244050068e-15

        1.930013      0.78539816   4.225373819848341e-15
        1.930013       2.3561945   4.277014225517263e-15

       1.9801432      0.78539816    4.09335045645247e-15
       1.9801432       2.3561945   4.616763555813656e-15

       2.0302734      0.78539816   4.159150799474145e-15
       2.0302734       2.3561945   3.828677467193337e-15

       2.0804036      0.78539816    4.40899050110578e-15
       2.0804036       2.3561945   4.445472594708959e-15

       2.1305339      0.78539816   5.166408746995083e-15
       2.1305339       2.3561945   4.128305229705711e-15

       2.1806641      0.78539816   5.063796015889003e-15
       2.1806641       2.3561945   5.748304758931926e-15

       2.2307943      0.78539816   4.936581593373777e-15
       2.2307943       2.3561945   4.657912832263284e-15

       2.2809245      0.78539816   4.863805512899407e-15
       2.2809245       2.3561945    4.98542652246068e-15

       2.3310547      0.78539816   5.081003687094193e-15
       2.3310547       2.3561945   5.468000062071106e-15

       2.3811849      0.78539816   5.474441312080315e-15
       2.3811849       2.3561945   5.089134624100989e-15

       2.4313151      0.78539816   5.135739455600691e-15
       2.4313151       2.3561945   4.829246755373845e-15

       2.4814453      0.78539816   5.473319858309266e-15
       2.4814453       2.3561945   5.773176383022867e-15

       2.5315755      0.78539816   5.194428890053397e-15
       2.5315755       2.3561945   5.382930156608525e-15

       2.5817057      0.78539816   4.814615526814246e-15
       2.5817057       2.3561945   4.504605051704663e-15

       2.6318359      0.78539816   5.110249441028933e-15
       2.6318359       2.3561945   4.837079096402055e-15

       2.6819661      0.78539816   5.381207710598392e-15
       2.6819661       2.3561945    5.98518614117774e-15

       2.7320964      0.78539816   5.427780320118338e-15
       2.7320964       2.3561945   5.247260489817537e-15

       2.7822266      0.78539816   6.165318322218301e-15
       2.7822266       2.3561945   5.536671941814185e-15

       2.8323568      0.78539816   5.616116233536093e-15
       2.8323568       2.3561945   6.581428271565648e-15

        2.882487      0.78539816   6.004889260487883e-15
        2.882487       2.3561945   5.976286016436504e-15

       2.9326172      0.78539816    5.78323995434787e-15
       2.9326172       2.3561945   5.712829522020398e-15

       2.9827474      0.78539816   5.930376204437765e-15
       2.9827474       2.3561945   5.873084738270749e-15

       3.0328776      0.78539816   6.127542918557571e-15
       3.0328776       2.3561945   6.150566663789668e-15

       3.0830078      0.78539816   6.451273854914551e-15
       3.0830078       2.3561945   6.469741171582482e-15

        3.133138      0.78539816   6.325188561943851e-15
        3.133138       2.3561945   5.608140006511882e-15

       3.1832682      0.78539816   6.120749949617574e-15
       3.1832682       2.3561945   7.035363588023518e-15

       3.2333984      0.78539816    6.04494862316908e-15
       3.2333984       2.3561945   5.534300391021905e-15

       3.2835286      0.78539816   6.477074724959266e-15
       3.2835286       2.3561945   6.882129968802835e-15

       3.3336589      0.78539816   6.499777658977389e-15
       3.3336589       2.3561945   6.489649955816544e-15

       3.3837891      0.78539816    6.52135822820552e-15
       3.3837891       2.3561945   6.720868526163153e-15

       3.4339193      0.78539816   6.912213564474383e-15
       3.4339193       2.3561945   6.468169241845548e-15

       3.4840495      0.78539816   6.620333411639573e-15
       3.4840495       2.3561945   7.038631472551737e-15

       3.5341797      0.78539816   7.762441869146933e-15
       3.5341797       2.3561945   7.510464825313167e-15

       3.5843099      0.78539816   7.500420759694878e-15
       3.5843099       2.3561945    7.70315898282413e-15

       3.6344401      0.78539816   7.949981858616229e-15
       3.6344401       2.3561945   7.734670434462162e-15

       3.6845703      0.78539816   7.994341244078059e-15
       3.6845703       2.3561945    7.26163893075095e-15

       3.7347005      0.78539816   7.163328034761112e-15
       3.7347005       2.3561945   7.611753367184104e-15

       3.7848307      0.78539816   7.626284932340539e-15
       3.7848307       2.3561945   7.369275677710164e-15

       3.8349609      0.78539816   7.601785942948264e-15
       3.8349609       2.3561945   8.094335314516949e-15

       3.8850911      0.78539816   7.597137505179165e-15
       3.8850911       2.3561945    7.58697706409153e-15

       3.9352214      0.78539816   7.569094744549722e-15
       3.9352214       2.3561945    8.07601605661797e-15

       3.9853516      0.78539816   7.814397965230167e-15
       3.9853516       2.3561945   6.960869136798096e-15

       4.0354818      0.78539816   7.950783894272404e-15
       4.0354818       2.3561945   8.437185042139279e-15

        4.085612      0.78539816   8.227096555515587e-15
        4.085612       2.3561945   8.479841466749993e-15

       4.1357422      0.78539816   7.942291149174861e-15
       4.1357422       2.3561945   7.894352448914018e-15

       4.1858724      0.78539816   7.970953704481176e-15
       4.1858724       2.3561945   7.667199807723888e-15

       4.2360026      0.78539816   7.808463555929382e-15
       4.2360026       2.3561945   7.553668898493563e-15

       4.2861328      0.78539816   6.844793421939846e-15
       4.2861328       2.3561945    7.19100508088341e-15

        4.336263      0.78539816   7.261865543119494e-15
        4.336263       2.3561945   7.276359698148094e-15

       4.3863932      0.78539816   7.853881145412306e-15
       4.3863932       2.3561945    7.77531179083883e-15

       4.4365234      0.78539816   7.751585705585271e-15
       4.4365234       2.3561945   7.514691397882175e-15

       4.4866536      0.78539816   7.052708916933515e-15
       4.4866536       2.3561945   7.509420041761771e-15

       4.5367839      0.78539816   6.907000882059468e-15
       4.5367839       2.3561945   7.050117071859343e-15

       4.5869141      0.78539816   7.999650967315843e-15
       4.5869141       2.3561945   7.648896021419823e-15

       4.6370443      0.78539816   6.472573738936052e-15
       4.6370443       2.3561945   6.373695237732175e-15

       4.6871745      0.78539816   7.718283746579747e-15
       4.6871745       2.3561945   7.702049967991999e-15

       4.7373047      0.78539816   6.462740991871012e-15
       4.7373047       2.3561945    7.32686560702176e-15

       4.7874349      0.78539816   7.445616133783896e-15
       4.7874349       2.3561945   7.420396440605403e-15

       4.8375651      0.78539816   7.868860002965936e-15
       4.8375651       2.3561945   7.243963738602327e-15

       4.8876953      0.78539816    8.48034272202769e-15
       4.8876953       2.3561945   7.679086211394349e-15

       4.9378255      0.78539816   6.992823067435934e-15
       4.9378255       2.3561945   7.406534134502434e-15

       4.9879557      0.78539816   6.939812133575421e-15
       4.9879557       2.3561945   7.212285203647438e-15

       5.0380859      0.78539816    8.01980345944476e-15
       5.0380859       2.3561945   7.679295759752532e-15

       5.0882161      0.78539816   8.649994967570129e-15
       5.0882161       2.3561945   8.421729583525844e-15

       5.1383464      0.78539816   8.468168030802052e-15
       5.1383464       2.3561945   9.181845246548831e-15

       5.1884766      0.78539816   7.856557418155483e-15
       5.1884766       2.3561945   8.083358342916264e-15

       5.2386068      0.78539816   8.032749445147747e-15
       5.2386068       2.3561945    7.41652526372649e-15

        5.288737      0.78539816   8.051538087830852e-15
        5.288737       2.3561945   7.756103165023731e-15

       5.3388672      0.78539816   7.664700282349056e-15
       5.3388672       2.3561945   8.808129790587032e-15

       5.3889974      0.78539816   8.384303330415382e-15
       5.3889974       2.3561945   8.151624734156229e-15

       5.4391276      0.78539816   8.810432436515589e-15
       5.4391276       2.3561945   8.983890349967068e-15

       5.4892578      0.78539816   8.200671074816122e-15
       5.4892578       2.3561945   7.814080677071148e-15

        5.539388      0.78539816   7.752732254252404e-15
        5.539388       2.3561945   7.707061597192196e-15

       5.5895182      0.78539816   8.660352369952735e-15
       5.5895182       2.3561945   9.127309400857842e-15

       5.6396484      0.78539816   8.642058484186898e-15
       5.6396484       2.3561945    8.28766074756984e-15

       5.6897786      0.78539816   8.139553343457276e-15
       5.6897786       2.3561945   8.685829792899192e-15

       5.7399089      0.78539816   8.076357734791273e-15
       5.7399089       2.3561945   7.676234100983116e-15

       5.7900391      0.78539816   8.349354572421432e-15
       5.7900391       2.3561945   8.478431209023432e-15

       5.8401693      0.78539816   8.965600808069839e-15
       5.8401693       2.3561945    8.60982828477305e-15

       5.8902995      0.78539816   8.115089154573846e-15
       5.8902995       2.3561945   9.492567635092172e-15

       5.9404297      0.78539816   9.198810553807993e-15
       5.9404297       2.3561945   8.173166079575119e-15

       5.9905599      0.78539816   7.620535328935565e-15
       5.9905599       2.3561945   8.219098782020344e-15

       6.0406901      0.78539816   8.262009726982194e-15
       6.0406901       2.3561945   7.624316222622899e-15

       6.0908203      0.78539816   8.859167962545491e-15
       6.0908203       2.3561945   8.933005348083754e-15

       6.1409505      0.78539816   8.699081396963949e-15
       6.1409505       2.3561945   8.387518719692513e-15

       6.1910807      0.78539816   7.835096832686809e-15
       6.1910807       2.3561945   8.241022018971132e-15

       6.2412109      0.78539816   8.065240469040811e-15
       6.2412109       2.3561945   8.130306444820837e-15

       6.2913411      0.78539816   8.400838508753891e-15
       6.2913411       2.3561945   8.465770252245528e-15

       6.3414714      0.78539816   8.117380355529856e-15
       6.3414714       2.3561945   8.227321096545112e-15

       6.3916016      0.78539816    8.16776976391075e-15
       6.3916016       2.3561945   7.892704685494223e-15

       6.4417318      0.78539816   7.869157652380803e-15
       6.4417318       2.3561945   7.884480799474653e-15

        6.491862      0.78539816   7.987604632265394e-15
        6.491862       2.3561945   8.068027968071132e-15

       6.5419922      0.78539816    7.77870018144171e-15
       6.5419922       2.3561945   8.411889898725612e-15

       6.5921224      0.78539816   7.745130299062046e-15
       6.5921224       2.3561945   7.374041278053587e-15

       6.6422526      0.78539816   7.011435206866908e-15
       6.6422526       2.3561945   6.389863567212195e-15

       6.6923828      0.78539816   7.448207899648791e-15
       6.6923828       2.3561945   7.768124088951952e-15

        6.742513      0.78539816   7.814662709289165e-15
        6.742513       2.3561945   7.831600646734856e-15

       6.7926432      0.78539816   8.050912725006879e-15
       6.7926432       2.3561945   8.094075122461694e-15

       6.8427734      0.78539816   7.485625230689999e-15
       6.8427734       2.3561945   8.188585921146556e-15

       6.8929036      0.78539816   7.652388019927982e-15
       6.8929036       2.3561945   8.231324766545928e-15

       6.9430339      0.78539816   8.884894410162876e-15
       6.9430339       2.3561945   7.734790632230837e-15

       6.9931641      0.78539816   8.571971472058514e-15
       6.9931641       2.3561945   8.561322841787274e-15

       7.0432943      0.78539816   7.899453545087893e-15
       7.0432943       2.3561945   7.775286146923062e-15

       7.0934245      0.78539816   8.376137176408989e-15
       7.0934245       2.3561945   8.313741874267561e-15

       7.1435547      0.78539816   8.263023075826712e-15
       7.1435547       2.3561945   8.616977750222098e-15

       7.1936849      0.78539816   8.740666706729513e-15
       7.1936849       2.3561945   8.934170906063382e-15

       7.2438151      0.78539816   1.070094157255626e-14
       7.2438151       2.3561945    9.99552138522381e-15

       7.2939453      0.78539816   1.010732122670313e-14
       7.2939453       2.3561945    1.05904810079257e-14

       7.3440755      0.78539816   9.088405984939966e-15
       7.3440755       2.3561945   9.790959498285456e-15

       7.3942057      0.78539816   8.697659752696661e-15
       7.3942057       2.3561945   8.894570501014039e-15

       7.4443359      0.78539816   9.839797339993952e-15
       7.4443359       2.3561945   9.230965964871688e-15

       7.4944661      0.78539816   9.751261814291464e-15
       7.4944661       2.3561945   9.898249769087209e-15

       7.5445964      0.78539816   9.951301852719584e-15
       7.5445964       2.3561945   9.624640811779714e-15

       7.5947266      0.78539816   8.902444737639727e-15
       7.5947266       2.3561945   8.513183530489713e-15

       7.6448568      0.78539816   8.469169073246381e-15
       7.6448568       2.3561945   8.869681773286828e-15

        7.694987      0.78539816   9.067626797611769e-15
        7.694987       2.3561945   8.787842055256669e-15

       7.7451172      0.78539816   8.569711203823516e-15
       7.7451172       2.3561945   9.498811490703101e-15

       7.7952474      0.78539816   9.544603174183057e-15
       7.7952474       2.3561945   8.531648593075741e-15

       7.8453776      0.78539816    8.53048647694264e-15
       7.8453776       2.3561945   9.067776905764613e-15

       7.8955078      0.78539816   9.622636895162438e-15
       7.8955078       2.3561945    9.31935495369755e-15

        7.945638      0.78539816   1.027956109625697e-14
        7.945638       2.3561945   1.099403393280797e-14

       7.9957682      0.78539816   1.059771957034129e-14
       7.9957682       2.3561945   9.519711526183614e-15

       8.0458984      0.78539816   9.630221353452281e-15
       8.0458984       2.3561945   9.979649536108308e-15

       8.0960286      0.78539816   1.020801593750265e-14
       8.0960286       2.3561945   1.072532413065467e-14

       8.1461589      0.78539816    1.17215568055957e-14
       8.1461589       2.3561945   1.111838059866752e-14

       8.1962891      0.78539816   1.084479078959479e-14
       8.1962891       2.3561945   1.021883076230621e-14

       8.2464193      0.78539816   9.090415800834129e-15
       8.2464193       2.3561945   1.004387796487518e-14

       8.2965495      0.78539816   1.050912478831231e-14
       8.2965495       2.3561945   9.355518421773239e-15

       8.3466797      0.78539816   1.009198696429499e-14
       8.3466797       2.3561945    1.04149908421164e-14

       8.3968099      0.78539816   8.824394805131612e-15
       8.3968099       2.3561945    1.04468498674504e-14

       8.4469401      0.78539816   1.081997595434795e-14
       8.4469401       2.3561945   8.963955457668496e-15

       8.4970703      0.78539816   1.048068726580308e-14
       8.4970703       2.3561945   1.087299604758149e-14

       8.5472005      0.78539816   1.000459832928147e-14
       8.5472005       2.3561945   1.067409406322433e-14

       8.5973307      0.78539816   1.077941487642619e-14
       8.5973307       2.3561945   1.010270895200499e-14

       8.6474609      0.78539816   1.036537021945414e-14
       8.6474609       2.3561945   1.080034955475647e-14

       8.6975911      0.78539816   1.092753023120907e-14
       8.6975911       2.3561945   1.012741613964959e-14

       8.7477214      0.78539816   9.516340339188602e-15
       8.7477214       2.3561945   1.063723329121859e-14

       8.7978516      0.78539816   9.768826523489009e-15
       8.7978516       2.3561945   9.277663749016955e-15

       8.8479818      0.78539816   9.573049965949761e-15
       8.8479818       2.3561945   1.022946974818366e-14

        8.898112      0.78539816   1.126652067820431e-14
        8.898112       2.3561945   1.105858636967787e-14

       8.9482422      0.78539816   1.086742811536734e-14
       8.9482422       2.3561945   1.146043538836048e-14

       8.9983724      0.78539816   1.106189389458437e-14
       8.9983724       2.3561945   1.041987217128057e-14

       9.0485026      0.78539816   1.058560073436423e-14
       9.0485026       2.3561945   9.638362413127717e-15

       9.0986328      0.78539816   9.942689358288027e-15
       9.0986328       2.3561945   1.079150525312852e-14

        9.148763      0.78539816   1.157750636240083e-14
        9.148763       2.3561945   1.111456367038368e-14

       9.1988932      0.78539816    1.15030792958797e-14
       9.1988932       2.3561945   1.153524022254972e-14

       9.2490234      0.78539816    1.18215910668849e-14
       9.2490234       2.3561945   1.213779367372824e-14

       9.2991536      0.78539816   1.200325309480181e-14
       9.2991536       2.3561945    1.19002663242189e-14

       9.3492839      0.78539816   1.225603642867477e-14
       9.3492839       2.3561945   1.272167919611685e-14

       9.3994141      0.78539816   1.281245084493387e-14
       9.3994141       2.3561945   1.296822287814068e-14

       9.4495443      0.78539816   1.237800821900677e-14
       9.4495443       2.3561945   1.207981187872178e-14

       9.4996745      0.78539816   1.275397515005767e-14
       9.4996745       2.3561945    1.27084105836854e-14

       9.5498047      0.78539816   1.345586448661761e-14
       9.5498047       2.3561945   1.411941715659414e-14

       9.5999349      0.78539816   1.342248852384597e-14
       9.5999349       2.3561945   1.313716152568156e-14

       9.6500651      0.78539816   1.293537640308238e-14
       9.6500651       2.3561945   1.237283929041401e-14

       9.7001953      0.78539816   1.258495625351031e-14
       9.7001953       2.3561945   1.258075976922689e-14

       9.7503255      0.78539816   1.173449977250204e-14
       9.7503255       2.3561945   1.227308964704862e-14

       9.8004557      0.78539816   1.287195759636618e-14
       9.8004557       2.3561945   1.232547937753163e-14

       9.8505859      0.78539816   1.323095473451236e-14
       9.8505859       2.3561945   1.322603634557525e-14

       9.9007161      0.78539816    1.18795039744718e-14
       9.9007161       2.3561945   1.265056719460768e-14

       9.9508464      0.78539816   1.178443147507501e-14
       9.9508464       2.3561945   1.223431187364367e-14

       10.000977      0.78539816   1.325240188526175e-14
       10.000977       2.3561945   1.259396061593415e-14

       10.051107      0.78539816   1.311092401044892e-14
       10.051107       2.3561945   1.270445625849068e-14

       10.101237      0.78539816   1.286078704761431e-14
       10.101237       2.3561945   1.328684809595094e-14

       10.151367      0.78539816   1.294877710573212e-14
       10.151367       2.3561945   1.274988564923089e-14

       10.201497      0.78539816   1.345938129877745e-14
       10.201497       2.3561945   1.363724314210637e-14

       10.251628      0.78539816   1.273633772719142e-14
       10.251628       2.3561945   1.269077412444932e-14

       10.301758      0.78539816   1.237999980838119e-14
       10.301758       2.3561945   1.207514133993827e-14

       10.351888      0.78539816   1.135318347164865e-14
       10.351888       2.3561945   1.234444219060214e-14

       10.402018      0.78539816   1.323495782953399e-14
       10.402018       2.3561945   1.252339616331116e-14

       10.452148      0.78539816    1.33983523201269e-14
       10.452148       2.3561945   1.314057725288378e-14

       10.502279      0.78539816   1.341727381588734e-14
       10.502279       2.3561945   1.365372192462241e-14

       10.552409      0.78539816   1.253245659821343e-14
       10.552409       2.3561945   1.227954975819071e-14

       10.602539      0.78539816   1.190966342724646e-14
       10.602539       2.3561945   1.185276767734244e-14

       10.652669      0.78539816   1.211966284451862e-14
       10.652669       2.3561945   1.200900523999586e-14

       10.702799      0.78539816    1.20738683443775e-14
       10.702799       2.3561945    1.28190262162281e-14

        10.75293      0.78539816   1.094770415456592e-14
        10.75293       2.3561945   1.106740100076629e-14

        10.80306      0.78539816   1.202927346776207e-14
        10.80306       2.3561945   1.133320617044844e-14

        10.85319      0.78539816   1.252584221611919e-14
        10.85319       2.3561945   1.251397945060595e-14

        10.90332      0.78539816    1.20831020926013e-14
        10.90332       2.3561945    1.20877851678715e-14

       10.953451      0.78539816   1.082248803047685e-14
       10.953451       2.3561945   1.079291902126749e-14

       11.003581      0.78539816    1.08474597840092e-14
       11.003581       2.3561945   1.023126129613994e-14

       11.053711      0.78539816   1.039279408401798e-14
       11.053711       2.3561945   1.147185992498332e-14

       11.103841      0.78539816   1.057196219369067e-14
       11.103841       2.3561945   1.019167314231253e-14

       11.153971      0.78539816   1.070408090993847e-14
       11.153971       2.3561945    1.05535005769339e-14

       11.204102      0.78539816   1.138463176362759e-14
       11.204102       2.3561945   1.167577662516797e-14

       11.254232      0.78539816   1.096395401333776e-14
       11.254232       2.3561945   1.068351323331778e-14

       11.304362      0.78539816   1.024072632071001e-14
       11.304362       2.3561945   1.024409424488686e-14

       11.354492      0.78539816   1.084612193401337e-14
       11.354492       2.3561945    1.15132561800504e-14

       11.404622      0.78539816   1.007140376604015e-14
       11.404622       2.3561945   9.484136901259891e-15

       11.454753      0.78539816   8.618772803921441e-15
       11.454753       2.3561945   8.256324906351982e-15

       11.504883      0.78539816   1.817640460613671e-14
       11.504883       2.3561945   1.774759000534464e-14

       11.555013      0.78539816   9.000741160976574e-15
       11.555013       2.3561945   9.746172719371405e-15

       11.605143      0.78539816  -6.949326719807165e-14
       11.605143       2.3561945  -6.919258160802845e-14

       11.655273      0.78539816  -1.682592443225808e-13
       11.655273       2.3561945  -1.687590921888449e-13

       11.705404      0.78539816  -1.936018217365045e-13
       11.705404       2.3561945  -1.939240540261002e-13

       11.755534      0.78539816  -1.635444912635938e-13
       11.755534       2.3561945  -1.633713029214028e-13

       11.805664      0.78539816  -1.180677825203472e-13
       11.805664       2.3561945  -1.183733611084549e-13

       11.855794      0.78539816  -7.449207117227084e-14
       11.855794       2.3561945  -7.379375149699626e-14

       11.905924      0.78539816     -4.683106355038e-14
       11.905924       2.3561945  -4.692948481898801e-14

       11.956055      0.78539816  -3.548769287598922e-14
       11.956055       2.3561945  -3.578599042736213e-14

       12.006185      0.78539816  -4.069578496113498e-14
       12.006185       2.3561945  -4.088824833179179e-14

       12.056315      0.78539816  -4.138749960337719e-14
       12.056315       2.3561945  -4.219578634784733e-14

       12.106445      0.78539816  -3.706738242742395e-14
       12.106445       2.3561945  -3.598666486097427e-14

       12.156576      0.78539816  -3.150059596716972e-14
       12.156576       2.3561945  -3.138839335940229e-14

       12.206706      0.78539816  -3.252697989744173e-14
       12.206706       2.3561945  -3.318318717692183e-14

       12.256836      0.78539816  -4.216556727207321e-14
       12.256836       2.3561945  -4.143841460580951e-14

       12.306966      0.78539816  -4.414592584362024e-14
       12.306966       2.3561945  -4.416500100574273e-14

       12.357096      0.78539816  -5.864365145023504e-14
       12.357096       2.3561945  -5.952968200646201e-14

       12.407227      0.78539816  -5.656524115256832e-14
       12.407227       2.3561945  -5.709819288230318e-14

       12.457357      0.78539816  -1.033726068884656e-13
       12.457357       2.3561945  -1.039699158081892e-13

       12.507487      0.78539816  -9.901448679634495e-14
       12.507487       2.3561945  -9.903585821314223e-14

       12.557617      0.78539816  -2.916794011030512e-13
       12.557617       2.3561945   -2.93363412111094e-13

       12.607747      0.78539816   9.516876405077356e-15
       12.607747       2.3561945   1.035953613673227e-14

       12.657878      0.78539816                       0
       12.657878       2.3561945                       0

       12.708008      0.78539816                       0
       12.708008       2.3561945                       0

       12.758138      0.78539816                       0
       12.758138       2.3561945                       0

       12.808268      0.78539816                       0
       12.808268       2.3561945                       0

       12.858398      0.78539816                       0
       12.858398       2.3561945                       0

       12.908529      0.78539816                       0
       12.908529       2.3561945                       0

       12.958659      0.78539816                       0
       12.958659       2.3561945                       0

       13.008789      0.78539816                       0
       13.008789       2.3561945                       0

