# File created on Wed Jul  8 11:33:16 2026
# Data for Inflation GW initial data initial data at coord time 0.188986 and central proper time 0.188986
# Evolved with (264,10,9) gridpoints (including 4 ghosts)
# Evolution with geodesic slicing and constant shift shift condition 
# data for phi = 3.14159
#              r           theta               Mom_r
#===============================================================
     0.030078125      0.78539816   0.0002775257341277274
     0.030078125       2.3561945   0.0002775257193868622

     0.090234375      0.78539816   0.0008328949403792136
     0.090234375       2.3561945   0.0008328949466190139

      0.15039062      0.78539816    0.001389216911861129
      0.15039062       2.3561945    0.001389216927475964

      0.21054687      0.78539816    0.001947125071508765
      0.21054687       2.3561945    0.001947125062405523

      0.27070312      0.78539816    0.002507250162412628
      0.27070312       2.3561945    0.002507250157494447

      0.33085938      0.78539816    0.003070219290137028
      0.33085938       2.3561945    0.003070219290544195

      0.39101563      0.78539816    0.003636654832420975
      0.39101563       2.3561945    0.003636654832027884

      0.45117188      0.78539816    0.004207173418463463
      0.45117188       2.3561945    0.004207173417976807

      0.51132813      0.78539816    0.004782384933098186
      0.51132813       2.3561945    0.004782384933064009

      0.57148438      0.78539816    0.005362891520994256
      0.57148438       2.3561945    0.005362891520772253

      0.63164063      0.78539816    0.005949286617119673
      0.63164063       2.3561945    0.005949286616996285

      0.69179687      0.78539816    0.006542153998754623
      0.69179687       2.3561945    0.006542153998713239

      0.75195312      0.78539816    0.007142066864406799
      0.75195312       2.3561945     0.00714206686424123

      0.81210938      0.78539816    0.007749586934507328
      0.81210938       2.3561945    0.007749586934453399

      0.87226563      0.78539816    0.008365263588019714
      0.87226563       2.3561945    0.008365263588272664

      0.93242188      0.78539816    0.008989633026386001
      0.93242188       2.3561945    0.008989633026197034

      0.99257812      0.78539816    0.009623217468360722
      0.99257812       2.3561945    0.009623217468129476

       1.0527344      0.78539816     0.01026652438541332
       1.0527344       2.3561945     0.01026652438569314

       1.1128906      0.78539816     0.01092004576892427
       1.1128906       2.3561945     0.01092004576874749

       1.1730469      0.78539816      0.0115842574348876
       1.1730469       2.3561945     0.01158425743507327

       1.2332031      0.78539816     0.01225961837100878
       1.2332031       2.3561945     0.01225961837103459

       1.2933594      0.78539816     0.01294657011980892
       1.2933594       2.3561945     0.01294657011970723

       1.3535156      0.78539816     0.01364553620534599
       1.3535156       2.3561945      0.0136455362055334

       1.4136719      0.78539816     0.01435692160072688
       1.4136719       2.3561945     0.01435692160076683

       1.4738281      0.78539816     0.01508111223805098
       1.4738281       2.3561945     0.01508111223802158

       1.5339844      0.78539816     0.01581847456137622
       1.5339844       2.3561945     0.01581847456141704

       1.5941406      0.78539816     0.01656935512176493
       1.5941406       2.3561945     0.01656935512170959

       1.6542969      0.78539816     0.01733408021869956
       1.6542969       2.3561945     0.01733408021858932

       1.7144531      0.78539816     0.01811295558089288
       1.7144531       2.3561945     0.01811295558102925

       1.7746094      0.78539816     0.01890626609238608
       1.7746094       2.3561945     0.01890626609241787

       1.8347656      0.78539816     0.01971427556261618
       1.8347656       2.3561945     0.01971427556263239

       1.8949219      0.78539816     0.02053722653695808
       1.8949219       2.3561945     0.02053722653709841

       1.9550781      0.78539816     0.02137534014856271
       1.9550781       2.3561945     0.02137534014836837

       2.0152344      0.78539816     0.02222881601513141
       2.0152344       2.3561945     0.02222881601515729

       2.0753906      0.78539816     0.02309783217313363
       2.0753906       2.3561945      0.0230978321729451

       2.1355469      0.78539816     0.02398254505088952
       2.1355469       2.3561945     0.02398254505062111

       2.1957031      0.78539816     0.02488308948239996
       2.1957031       2.3561945     0.02488308948260889

       2.2558594      0.78539816      0.0257995787587591
       2.2558594       2.3561945      0.0257995787590363

       2.3160156      0.78539816     0.02673210471195597
       2.3160156       2.3561945     0.02673210471194352

       2.3761719      0.78539816     0.02768073783720193
       2.3761719       2.3561945     0.02768073783693692

       2.4363281      0.78539816     0.02864552744798325
       2.4363281       2.3561945     0.02864552744798783

       2.4964844      0.78539816     0.02962650186153115
       2.4964844       2.3561945      0.0296265018612078

       2.5566406      0.78539816     0.03062366861499236
       2.5566406       2.3561945     0.03062366861488264

       2.6167969      0.78539816     0.03163701471409136
       2.6167969       2.3561945     0.03163701471417443

       2.6769531      0.78539816     0.03266650690230609
       2.6769531       2.3561945     0.03266650690229982

       2.7371094      0.78539816     0.03371209196144312
       2.7371094       2.3561945     0.03371209196146979

       2.7972656      0.78539816     0.03477369703490071
       2.7972656       2.3561945     0.03477369703472255

       2.8574219      0.78539816     0.03585122996879028
       2.8574219       2.3561945     0.03585122996891568

       2.9175781      0.78539816     0.03694457968244635
       2.9175781       2.3561945     0.03694457968222103

       2.9777344      0.78539816     0.03805361654727646
       2.9777344       2.3561945     0.03805361654715825

       3.0378906      0.78539816     0.03917819279068885
       3.0378906       2.3561945     0.03917819279074067

       3.0980469      0.78539816     0.04031814291368288
       3.0980469       2.3561945     0.04031814291338692

       3.1582031      0.78539816     0.04147328411768347
       3.1582031       2.3561945     0.04147328411782789

       3.2183594      0.78539816     0.04264341675134734
       3.2183594       2.3561945     0.04264341675149835

       3.2785156      0.78539816     0.04382832475971934
       3.2785156       2.3561945     0.04382832475962828

       3.3386719      0.78539816      0.0450277761496255
       3.3386719       2.3561945     0.04502777614961898

       3.3988281      0.78539816     0.04624152345532073
       3.3988281       2.3561945     0.04624152345521917

       3.4589844      0.78539816     0.04746930421770987
       3.4589844       2.3561945     0.04746930421797452

       3.5191406      0.78539816     0.04871084146198323
       3.5191406       2.3561945     0.04871084146208376

       3.5792969      0.78539816     0.04996584418015318
       3.5792969       2.3561945     0.04996584418021741

       3.6394531      0.78539816     0.05123400781638712
       3.6394531       2.3561945     0.05123400781637646

       3.6996094      0.78539816     0.05251501475218892
       3.6996094       2.3561945     0.05251501475227677

       3.7597656      0.78539816     0.05380853479044129
       3.7597656       2.3561945     0.05380853479073935

       3.8199219      0.78539816     0.05511422563760737
       3.8199219       2.3561945     0.05511422563762586

       3.8800781      0.78539816     0.05643173338271645
       3.8800781       2.3561945     0.05643173338296131

       3.9402344      0.78539816      0.0577606929753936
       3.9402344       2.3561945     0.05776069297566694

       4.0003906      0.78539816     0.05910072869295238
       4.0003906       2.3561945     0.05910072869301339

       4.0605469      0.78539816     0.06045145460773482
       4.0605469       2.3561945     0.06045145460774351

       4.1207031      0.78539816     0.06181247504415271
       4.1207031       2.3561945     0.06181247504438817

       4.1808594      0.78539816     0.06318338503086859
       4.1808594       2.3561945     0.06318338503103649

       4.2410156      0.78539816     0.06456377074233405
       4.2410156       2.3561945     0.06456377074281258

       4.3011719      0.78539816     0.06595320993466808
       4.3011719       2.3561945     0.06595320993507928

       4.3613281      0.78539816     0.06735127237055448
       4.3613281       2.3561945     0.06735127237035178

       4.4214844      0.78539816     0.06875752023476395
       4.4214844       2.3561945     0.06875752023474307

       4.4816406      0.78539816     0.07017150854083214
       4.4816406       2.3561945     0.07017150854087054

       4.5417969      0.78539816     0.07159278552813239
       4.5417969       2.3561945     0.07159278552827152

       4.6019531      0.78539816     0.07302089304462257
       4.6019531       2.3561945     0.07302089304515516

       4.6621094      0.78539816     0.07445536692431907
       4.6621094       2.3561945     0.07445536692468063

       4.7222656      0.78539816     0.07589573735079401
       4.7222656       2.3561945     0.07589573735106075

       4.7824219      0.78539816     0.07734152920999787
       4.7824219       2.3561945     0.07734152920975487

       4.8425781      0.78539816      0.0787922624323473
       4.8425781       2.3561945     0.07879226243202281

       4.9027344      0.78539816     0.08024745232665627
       4.9027344       2.3561945     0.08024745232669836

       4.9628906      0.78539816     0.08170660989864681
       4.9628906       2.3561945     0.08170660989838355

       5.0230469      0.78539816     0.08316924216347373
       5.0230469       2.3561945     0.08316924216355839

       5.0832031      0.78539816      0.0846348524445692
       5.0832031       2.3561945     0.08463485244527738

       5.1433594      0.78539816     0.08610294066530177
       5.1433594       2.3561945     0.08610294066513104

       5.2035156      0.78539816     0.08757300362637456
       5.2035156       2.3561945     0.08757300362633398

       5.2636719      0.78539816     0.08904453527957676
       5.2636719       2.3561945     0.08904453527959387

       5.3238281      0.78539816     0.09051702698702507
       5.3238281       2.3561945     0.09051702698634634

       5.3839844      0.78539816     0.09198996777421695
       5.3839844       2.3561945     0.09198996777410337

       5.4441406      0.78539816     0.09346284457544739
       5.4441406       2.3561945     0.09346284457551883

       5.5042969      0.78539816     0.09493514246786568
       5.5042969       2.3561945     0.09493514246824326

       5.5644531      0.78539816     0.09640634490097025
       5.5644531       2.3561945     0.09640634490130766

       5.6246094      0.78539816     0.09787593391877239
       5.6246094       2.3561945     0.09787593391877497

       5.6847656      0.78539816     0.09934339037313746
       5.6847656       2.3561945     0.09934339037326087

       5.7449219      0.78539816      0.1008081941329866
       5.7449219       2.3561945      0.1008081941328896

       5.8050781      0.78539816      0.1022698242883105
       5.8050781       2.3561945      0.1022698242879396

       5.8652344      0.78539816      0.1037277593463336
       5.8652344       2.3561945      0.1037277593469912

       5.9253906      0.78539816      0.1051814774278247
       5.9253906       2.3561945      0.1051814774279893

       5.9855469      0.78539816      0.1066304564540895
       5.9855469       2.3561945      0.1066304564535485

       6.0457031      0.78539816      0.1080741743324531
       6.0457031       2.3561945      0.1080741743326781

       6.1058594      0.78539816       0.109512109143081
       6.1058594       2.3561945      0.1095121091431201

       6.1660156      0.78539816      0.1109437393162845
       6.1660156       2.3561945      0.1109437393165616

       6.2261719      0.78539816      0.1123685438132118
       6.2261719       2.3561945      0.1123685438133662

       6.2863281      0.78539816      0.1137860023021208
       6.2863281       2.3561945      0.1137860023017977

       6.3464844      0.78539816      0.1151955953357557
       6.3464844       2.3561945      0.1151955953355008

       6.4066406      0.78539816      0.1165968045292837
       6.4066406       2.3561945      0.1165968045291435

       6.4667969      0.78539816      0.1179891127338061
       6.4667969       2.3561945      0.1179891127337273

       6.5269531      0.78539816      0.1193720042169147
       6.5269531       2.3561945      0.1193720042166837

       6.5871094      0.78539816      0.1207449648391699
       6.5871094       2.3561945      0.1207449648389469

       6.6472656      0.78539816      0.1221074822346211
       6.6472656       2.3561945      0.1221074822346269

       6.7074219      0.78539816      0.1234590459939408
       6.7074219       2.3561945      0.1234590459943259

       6.7675781      0.78539816      0.1247991478487492
       6.7675781       2.3561945      0.1247991478487944

       6.8277344      0.78539816      0.1261272818557997
       6.8277344       2.3561945      0.1261272818551334

       6.8878906      0.78539816      0.1274429445920757
       6.8878906       2.3561945      0.1274429445915943

       6.9480469      0.78539816      0.1287456353451012
       6.9480469       2.3561945      0.1287456353447683

       7.0082031      0.78539816      0.1300348563129055
       7.0082031       2.3561945      0.1300348563126629

       7.0683594      0.78539816      0.1313101128064686
       7.0683594       2.3561945      0.1313101128065886

       7.1285156      0.78539816      0.1325709134517669
       7.1285156       2.3561945      0.1325709134521789

       7.1886719      0.78539816       0.133816770405343
       7.1886719       2.3561945      0.1338167704051223

       7.2488281      0.78539816      0.1350471995665089
       7.2488281       2.3561945      0.1350471995659202

       7.3089844      0.78539816      0.1362617207976836
       7.3089844       2.3561945      0.1362617207971618

       7.3691406      0.78539816       0.137459858152107
       7.3691406       2.3561945      0.1374598581517768

       7.4292969      0.78539816      0.1386411401013245
       7.4292969       2.3561945      0.1386411401014959

       7.4894531      0.78539816      0.1398050997736077
       7.4894531       2.3561945      0.1398050997734959

       7.5496094      0.78539816      0.1409512751919143
       7.5496094       2.3561945      0.1409512751920518

       7.6097656      0.78539816      0.1420792095214453
       7.6097656       2.3561945      0.1420792095213202

       7.6699219      0.78539816      0.1431884513206281
       7.6699219       2.3561945      0.1431884513203625

       7.7300781      0.78539816      0.1442785547960026
       7.7300781       2.3561945      0.1442785547957396

       7.7902344      0.78539816      0.1453490800640222
       7.7902344       2.3561945      0.1453490800636748

       7.8503906      0.78539816      0.1463995934187433
       7.8503906       2.3561945      0.1463995934191924

       7.9105469      0.78539816      0.1474296676015141
       7.9105469       2.3561945      0.1474296676015318

       7.9707031      0.78539816       0.148438882071421
       7.9707031       2.3561945      0.1484388820716914

       8.0308594      0.78539816      0.1494268232925172
       8.0308594       2.3561945      0.1494268232929795

       8.0910156      0.78539816      0.1503930850115155
       8.0910156       2.3561945      0.1503930850111174

       8.1511719      0.78539816      0.1513372685436508
       8.1511719       2.3561945      0.1513372685432491

       8.2113281      0.78539816      0.1522589830674993
       8.2113281       2.3561945      0.1522589830673332

       8.2714844      0.78539816      0.1531578459157106
       8.2714844       2.3561945      0.1531578459156255

       8.3316406      0.78539816      0.1540334828682011
       8.3316406       2.3561945      0.1540334828681699

       8.3917969      0.78539816      0.1548855284515443
       8.3917969       2.3561945      0.1548855284515861

       8.4519531      0.78539816      0.1557136262405523
       8.4519531       2.3561945       0.155713626240411

       8.5121094      0.78539816      0.1565174291532712
       8.5121094       2.3561945      0.1565174291533303

       8.5722656      0.78539816      0.1572965997570205
       8.5722656       2.3561945       0.157296599756927

       8.6324219      0.78539816      0.1580508105666088
       8.6324219       2.3561945      0.1580508105659246

       8.6925781      0.78539816      0.1587797443456159
       8.6925781       2.3561945      0.1587797443456068

       8.7527344      0.78539816      0.1594830944072719
       8.7527344       2.3561945      0.1594830944071114

       8.8128906      0.78539816       0.160160564910578
       8.8128906       2.3561945      0.1601605649103698

       8.8730469      0.78539816      0.1608118711576677
       8.8730469       2.3561945      0.1608118711583645

       8.9332031      0.78539816      0.1614367398888821
       8.9332031       2.3561945      0.1614367398889693

       8.9933594      0.78539816      0.1620349095661205
       8.9933594       2.3561945      0.1620349095651249

       9.0535156      0.78539816      0.1626061306652619
       9.0535156       2.3561945      0.1626061306646925

       9.1136719      0.78539816       0.163150165954043
       9.1136719       2.3561945      0.1631501659543035

       9.1738281      0.78539816      0.1636667907672917
       9.1738281       2.3561945      0.1636667907672609

       9.2339844      0.78539816      0.1641557932770802
       9.2339844       2.3561945      0.1641557932773717

       9.2941406      0.78539816      0.1646169747555295
       9.2941406       2.3561945      0.1646169747560781

       9.3542969      0.78539816      0.1650501498293738
       9.3542969       2.3561945       0.165050149828961

       9.4144531      0.78539816      0.1654551467265754
       9.4144531       2.3561945      0.1654551467260518

       9.4746094      0.78539816       0.165831807515317
       9.4746094       2.3561945      0.1658318075150876

       9.5347656      0.78539816      0.1661799883344299
       9.5347656       2.3561945      0.1661799883340913

       9.5949219      0.78539816      0.1664995596099472
       9.5949219       2.3561945      0.1664995596099934

       9.6550781      0.78539816      0.1667904062636588
       9.6550781       2.3561945      0.1667904062639996

       9.7152344      0.78539816      0.1670524279103705
       9.7152344       2.3561945      0.1670524279103336

       9.7753906      0.78539816      0.1672855390430133
       9.7753906       2.3561945      0.1672855390430149

       9.8355469      0.78539816      0.1674896692030133
       9.8355469       2.3561945      0.1674896692028851

       9.8957031      0.78539816      0.1676647631402496
       9.8957031       2.3561945      0.1676647631398452

       9.9558594      0.78539816      0.1678107809592072
       9.9558594       2.3561945      0.1678107809590489

       10.016016      0.78539816      0.1679276982487619
       10.016016       2.3561945      0.1679276982491953

       10.076172      0.78539816      0.1680155061972992
       10.076172       2.3561945      0.1680155061974735

       10.136328      0.78539816      0.1680742116953036
       10.136328       2.3561945      0.1680742116954388

       10.196484      0.78539816      0.1681038374189706
       10.196484       2.3561945      0.1681038374191818

       10.256641      0.78539816      0.1681044218997842
       10.256641       2.3561945       0.168104421899486

       10.316797      0.78539816       0.168076019574974
       10.316797       2.3561945      0.1680760195749403

       10.376953      0.78539816      0.1680187008250991
       10.376953       2.3561945      0.1680187008256832

       10.437109      0.78539816      0.1679325519913984
       10.437109       2.3561945      0.1679325519918975

       10.497266      0.78539816      0.1678176753728263
       10.497266       2.3561945      0.1678176753727758

       10.557422      0.78539816       0.167674189210264
       10.557422       2.3561945      0.1676741892102059

       10.617578      0.78539816       0.167502227655969
       10.617578       2.3561945      0.1675022276558876

       10.677734      0.78539816       0.167301940708752
       10.677734       2.3561945      0.1673019407088709

       10.737891      0.78539816       0.167073494150104
       10.737891       2.3561945      0.1670734941506626

       10.798047      0.78539816       0.166817069451626
       10.798047       2.3561945      0.1668170694520284

       10.858203      0.78539816      0.1665328636614442
       10.858203       2.3561945      0.1665328636616036

       10.918359      0.78539816      0.1662210892793793
       10.918359       2.3561945       0.166221089278867

       10.978516      0.78539816      0.1658819741103576
       10.978516       2.3561945      0.1658819741099212

       11.038672      0.78539816      0.1655157610980286
       11.038672       2.3561945      0.1655157610978784

       11.098828      0.78539816       0.165122708140132
       11.098828       2.3561945      0.1651227081400976

       11.158984      0.78539816      0.1647030878884058
       11.158984       2.3561945        0.16470308788879

       11.219141      0.78539816      0.1642571875273998
       11.219141       2.3561945      0.1642571875272197

       11.279297      0.78539816      0.1637853085369672
       11.279297       2.3561945      0.1637853085367963

       11.339453      0.78539816      0.1632877664360616
       11.339453       2.3561945      0.1632877664364043

       11.399609      0.78539816       0.162764890513012
       11.399609       2.3561945      0.1627648905132337

       11.459766      0.78539816      0.1622170235328525
       11.459766       2.3561945      0.1622170235320355

       11.519922      0.78539816      0.1616445214313871
       11.519922       2.3561945      0.1616445214303199

       11.580078      0.78539816      0.1610477529961054
       11.580078       2.3561945      0.1610477529963616

       11.640234      0.78539816      0.1604270995287003
       11.640234       2.3561945      0.1604270995288148

       11.700391      0.78539816      0.1597829544898929
       11.700391       2.3561945      0.1597829544890568

       11.760547      0.78539816      0.1591157231320627
       11.760547       2.3561945      0.1591157231324831

       11.820703      0.78539816      0.1584258221237954
       11.820703       2.3561945      0.1584258221243642

       11.880859      0.78539816      0.1577136791533118
       11.880859       2.3561945      0.1577136791516797

       11.941016      0.78539816      0.1569797325137433
       11.941016       2.3561945      0.1569797325133041

       12.001172      0.78539816      0.1562244306983707
       12.001172       2.3561945      0.1562244306992821

       12.061328      0.78539816       0.155448231965911
       12.061328       2.3561945      0.1554482319653186

       12.121484      0.78539816      0.1546516038895703
       12.121484       2.3561945      0.1546516038891251

       12.181641      0.78539816      0.1538350229204237
       12.181641       2.3561945      0.1538350229210199

       12.241797      0.78539816      0.1529989739246093
       12.241797       2.3561945      0.1529989739241526

       12.301953      0.78539816      0.1521439497072797
       12.301953       2.3561945      0.1521439497066045

       12.362109      0.78539816      0.1512704505468744
       12.362109       2.3561945      0.1512704505476053

       12.422266      0.78539816      0.1503789837117984
       12.422266       2.3561945      0.1503789837122742

       12.482422      0.78539816      0.1494700629674341
       12.482422       2.3561945      0.1494700629668695

       12.542578      0.78539816      0.1485442080851959
       12.542578       2.3561945      0.1485442080851674

       12.602734      0.78539816      0.1476019443471309
       12.602734       2.3561945      0.1476019443475253

       12.662891      0.78539816      0.1466438020449626
       12.662891       2.3561945      0.1466438020445799

       12.723047      0.78539816      0.1456703159730036
       12.723047       2.3561945      0.1456703159734548

       12.783203      0.78539816       0.144682024927479
       12.783203       2.3561945       0.144682024928131

       12.843359      0.78539816      0.1436794711979545
       12.843359       2.3561945      0.1436794711974498

       12.903516      0.78539816      0.1426632000596909
       12.903516       2.3561945      0.1426632000592817

       12.963672      0.78539816      0.1416337592700639
       12.963672       2.3561945      0.1416337592707922

       13.023828      0.78539816      0.1405916985656602
       13.023828       2.3561945      0.1405916985658568

       13.083984      0.78539816      0.1395375691564809
       13.083984       2.3561945      0.1395375691563984

       13.144141      0.78539816      0.1384719232290847
       13.144141       2.3561945      0.1384719232295198

       13.204297      0.78539816      0.1373953134520128
       13.204297       2.3561945      0.1373953134513967

       13.264453      0.78539816      0.1363082924844854
       13.264453       2.3561945      0.1363082924835897

       13.324609      0.78539816      0.1352114124901214
       13.324609       2.3561945      0.1352114124910062

       13.384766      0.78539816      0.1341052246592203
       13.384766       2.3561945      0.1341052246600709

       13.444922      0.78539816      0.1329902787381471
       13.444922       2.3561945       0.132990278737414

       13.505078      0.78539816      0.1318671225545456
       13.505078       2.3561945      0.1318671225540556

       13.565234      0.78539816      0.1307363015791106
       13.565234       2.3561945      0.1307363015792447

       13.625391      0.78539816      0.1295983584389638
       13.625391       2.3561945      0.1295983584385807

       13.685547      0.78539816      0.1284538325716819
       13.685547       2.3561945      0.1284538325716253

       13.745703      0.78539816       0.127303259547513
       13.745703       2.3561945      0.1273032595481793

       13.805859      0.78539816      0.1261471713087263
       13.805859       2.3561945      0.1261471713083025

       13.866016      0.78539816      0.1249860940140562
       13.866016       2.3561945      0.1249860940130644

       13.926172      0.78539816      0.1238205522598873
       13.926172       2.3561945      0.1238205522599152

       13.986328      0.78539816      0.1226510565292172
       13.986328       2.3561945      0.1226510565307322

       14.046484      0.78539816      0.1214781348186823
       14.046484       2.3561945      0.1214781348189555

       14.106641      0.78539816      0.1203022479165343
       14.106641       2.3561945      0.1203022479156365

       14.166797      0.78539816      0.1191240113353284
       14.166797       2.3561945       0.119124011335602

       14.226953      0.78539816      0.1179436251028732
       14.226953       2.3561945      0.1179436251030895

       14.287109      0.78539816      0.1167622166993268
       14.287109       2.3561945      0.1167622166992595

       14.347266      0.78539816      0.1155789441099054
       14.347266       2.3561945      0.1155789441105948

       14.407422      0.78539816      0.1143993127687314
       14.407422       2.3561945      0.1143993127688976

       14.467578      0.78539816      0.1131903775961217
       14.467578       2.3561945      0.1131903775953714

       14.527734      0.78539816      0.1121109403644672
       14.527734       2.3561945      0.1121109403639803

       14.587891      0.78539816      0.1109099348204454
       14.587891       2.3561945      0.1109099348207842

       14.648047      0.78539816       0.107422687985224
       14.648047       2.3561945      0.1074226879860114

       14.708203      0.78539816      0.0974550721833301
       14.708203       2.3561945     0.09745507218332523

       14.768359      0.78539816      0.4524697123340642
       14.768359       2.3561945      0.4524697123325006

       14.828516      0.78539816      -63.49365970867402
       14.828516       2.3561945      -63.49365970853925

       14.888672      0.78539816  -1.048079187819089e+64
       14.888672       2.3561945  -1.048079187787629e+64

       14.948828      0.78539816                    -nan
       14.948828       2.3561945                    -nan

       15.008984      0.78539816                    -nan
       15.008984       2.3561945                    -nan

       15.069141      0.78539816                    -nan
       15.069141       2.3561945                    -nan

       15.129297      0.78539816                    -nan
       15.129297       2.3561945                    -nan

       15.189453      0.78539816                       0
       15.189453       2.3561945                       0

       15.249609      0.78539816                       0
       15.249609       2.3561945                       0

       15.309766      0.78539816                       0
       15.309766       2.3561945                       0

       15.369922      0.78539816                       0
       15.369922       2.3561945                       0

       15.430078      0.78539816                       0
       15.430078       2.3561945                       0

       15.490234      0.78539816                       0
       15.490234       2.3561945                       0

       15.550391      0.78539816                       0
       15.550391       2.3561945                       0

       15.610547      0.78539816                       0
       15.610547       2.3561945                       0

