# File created on Wed Jul  8 11:31:11 2026
# ======================================== 
# = Running code assuming AXISYMMETRY    = 
# ======================================== 
# Data for Inflation GW initial data initial data at coord. time 0.0377973 and proper central time 0.0377973
# Evolved with (264,10,9) gridpoints (including 4 ghosts)
# Evolution with geodesic slicing and constant shift
# using eighth-order spatial differencing with 4 ghost zones 
# data 1 at theta = 0 and phi = 3.14159
# data 2 at theta = 1.5708 and phi = 3.14159
#                      r                   Mom_t                   Mom_t
#                               (     0,3.14159)        (1.5708,3.14159)
#========================================================================
            -0.210546875                       0   -3.66964088264204e-12
            -0.150390625                       0   2.980804907731134e-12
    -0.09023437500000001   1.615587133892632e-27  -1.586739600836073e-11
            -0.030078125                       0  -1.176197796889574e-10
             0.030078125                       0  -1.176197796889574e-10
     0.09023437500000001                       0  -1.586739600836074e-11
             0.150390625                       0   2.980804907731134e-12
             0.210546875  -1.009741958682895e-28   -3.66964088264204e-12
             0.270703125   5.048709793414476e-29   5.788013552736078e-13
             0.330859375                       0  -1.424132299461343e-13
             0.391015625   1.262177448353619e-29   1.446257359417235e-13
             0.451171875                       0   1.816359333731208e-13
             0.511328125                       0    2.06676887850202e-13
             0.571484375                       0   2.161531669931386e-13
      0.6316406250000001                       0    2.18036450256509e-13
             0.691796875                       0   2.149875051061314e-13
             0.751953125  -6.310887241768094e-30   2.089297346033394e-13
             0.812109375   1.577721810442024e-30   2.019748736920458e-13
             0.872265625                       0    1.93887417912913e-13
      0.9324218750000001                       0   1.858656389073158e-13
             0.992578125                       0   1.777196039769213e-13
             1.052734375                       0   1.713882917255775e-13
             1.112890625                       0   1.653154505513286e-13
             1.173046875                       0   1.577491846945068e-13
             1.233203125                       0   1.507065355505993e-13
             1.293359375                       0   1.462944179756225e-13
             1.353515625                       0   1.411750272170746e-13
             1.413671875  -1.262177448353619e-29   1.358809051187293e-13
             1.473828125  -3.155443620884047e-30   1.299214495407575e-13
             1.533984375                       0   1.252017059643025e-13
             1.594140625   1.262177448353619e-29   1.219867415525759e-13
             1.654296875   3.155443620884047e-30   1.181217489271676e-13
             1.714453125                       0   1.141684362407425e-13
             1.774609375   3.155443620884047e-30   1.101587015372375e-13
             1.834765625                       0   1.064072068589676e-13
             1.894921875                       0   1.029631946453021e-13
             1.955078125                       0   9.945995991304719e-14
             2.015234375  -3.155443620884047e-30    9.70140638803979e-14
             2.075390625                       0   9.493001191985051e-14
             2.135546875                       0   9.318484927236939e-14
             2.195703125                       0   8.920869583352233e-14
             2.255859375                       0   8.696300535576907e-14
             2.316015625                       0   8.496431866838492e-14
             2.376171875                       0   8.005365921620035e-14
             2.436328125                       0    7.87249235930144e-14
             2.496484375                       0   7.799725450143609e-14
             2.556640625                       0    7.52090008415817e-14
             2.616796875                       0   7.311192882654284e-14
             2.676953125   6.310887241768094e-30   7.142701609861022e-14
             2.737109375                       0    6.95970017071306e-14
             2.797265625                       0   6.686172775246351e-14
             2.857421875  -6.310887241768094e-30   6.549854061517538e-14
             2.917578125   6.310887241768094e-30   6.434840718113875e-14
             2.977734375                       0   6.180116623987579e-14
             3.037890625                       0   6.155279867709137e-14
             3.098046875   6.310887241768094e-30   6.063654971020519e-14
             3.158203125                       0   5.844394882527829e-14
             3.218359375                       0   5.758662809420018e-14
             3.278515625                       0   5.665926947203747e-14
             3.338671875                       0   5.457452918465055e-14
             3.398828125                       0   5.339938131936864e-14
             3.458984375                       0   5.291787077191442e-14
             3.519140625                       0   5.191506805735074e-14
             3.579296875                       0   5.131286985282961e-14
             3.639453125                       0    4.99585468854477e-14
             3.699609375                       0   4.955164919179686e-14
             3.759765625                       0   4.954189705091552e-14
             3.819921875                       0   4.789639914560403e-14
             3.880078125                       0   4.688800865828124e-14
             3.940234375                       0    4.62635802190257e-14
       4.000390625000001                       0   4.584305840320944e-14
             4.060546875                       0    4.50656678147299e-14
             4.120703125                       0   4.413626848303684e-14
             4.180859375                       0   4.400509552899395e-14
             4.241015625                       0   4.386772171308794e-14
       4.301171875000001                       0   4.348585471563309e-14
             4.361328125                       0   4.347518798216691e-14
             4.421484375                       0   4.405363548484624e-14
             4.481640625                       0   4.469296671444488e-14
             4.541796875                       0   4.504635618908585e-14
       4.601953125000001                       0   4.308818447163387e-14
             4.662109375                       0   4.186650457669924e-14
             4.722265625                       0   4.140433225589633e-14
             4.782421875                       0   4.105131214717643e-14
             4.842578125                       0    3.93817228107342e-14
       4.902734375000001                       0     3.9066021413649e-14
             4.962890625                       0   4.002405209180362e-14
             5.023046875   7.888609052210118e-31   3.773337026906571e-14
             5.083203125  -3.155443620884047e-30   3.604016008077033e-14
             5.143359375   3.155443620884047e-30    3.55356057698343e-14
       5.203515625000001   3.155443620884047e-30   3.451356937052068e-14
             5.263671875                       0    3.42402508353777e-14
             5.323828125   7.888609052210118e-31   3.354017230338888e-14
             5.383984375                       0   3.226025285286838e-14
             5.444140625                       0   3.288328091523112e-14
       5.504296875000001   3.155443620884047e-30   3.215416665279125e-14
             5.564453125                       0   3.053600274161145e-14
             5.624609375  -7.888609052210118e-31   2.913086132689376e-14
             5.684765625   7.888609052210118e-31   2.883145694307585e-14
             5.744921875                       0   3.058630714445872e-14
       5.805078125000001                       0    3.02434777929313e-14
             5.865234375                       0   2.902049023794184e-14
             5.925390625                       0   2.971823789097919e-14
             5.985546875                       0   2.870638986820001e-14
             6.045703125                       0   2.867670066726567e-14
       6.105859375000001                       0   2.981251482627454e-14
             6.166015625                       0   2.670804244353287e-14
             6.226171875                       0    2.61629795281594e-14
             6.286328125                       0   2.643063526049979e-14
             6.346484375                       0   2.641053977800623e-14
       6.406640625000001                       0   2.633287611745068e-14
             6.466796875  -9.860761315262648e-31   2.522045742649736e-14
             6.526953125                       0   2.610198102275786e-14
             6.587109375                       0   2.660711402807987e-14
             6.647265625   7.888609052210118e-31   2.444749801184266e-14
       6.707421875000001                       0   2.430648984057483e-14
             6.767578125                       0    2.49708977080163e-14
             6.827734375                       0   2.408679719385643e-14
             6.887890625                       0   2.457621327047558e-14
             6.948046875  -7.888609052210118e-31   2.426877673593475e-14
       7.008203125000001                       0   2.465058861099522e-14
             7.068359375                       0   2.371826158725681e-14
             7.128515625                       0   2.342709577459654e-14
             7.188671875                       0   2.409081645199687e-14
             7.248828125   7.888609052210118e-31   2.319378574473402e-14
       7.308984375000001                       0   2.294430177896823e-14
             7.369140625                       0   2.224154550622658e-14
             7.429296875                       0   2.216292414960698e-14
             7.489453125                       0   2.099237428058674e-14
             7.549609375                       0   2.020753539603196e-14
       7.609765625000001                       0   2.062870660327173e-14
             7.669921875                       0   2.013194375058707e-14
             7.730078125                       0   1.933608693659226e-14
             7.790234375  -1.183291357831518e-30   1.881700143021008e-14
             7.850390625  -1.577721810442024e-30   1.903183369741499e-14
       7.910546875000001  -1.183291357831518e-30    1.90609468402425e-14
             7.970703125                       0   1.843750660551882e-14
             8.030859375  -1.577721810442024e-30   1.874009663395803e-14
       8.091015625000001   3.944304526105059e-31   1.910981609180242e-14
       8.151171875000001                       0   2.020119632813362e-14
             8.211328125                       0   2.079370196202879e-14
             8.271484375                       0   1.996293734298129e-14
             8.331640625                       0   2.018578671249438e-14
       8.391796875000001                       0   2.046083843736446e-14
       8.451953125000001                       0   1.969687688018221e-14
             8.512109375                       0   1.875845652587307e-14
             8.572265625  -3.944304526105059e-31   1.750211329176788e-14
             8.632421875                       0   1.639920785723551e-14
       8.692578125000001                       0   1.628973745038955e-14
       8.752734375000001  -1.577721810442024e-30   1.629407873804351e-14
             8.812890625  -1.577721810442024e-30   1.680737030871917e-14
             8.873046875                       0   1.723047918928718e-14
             8.933203125  -1.577721810442024e-30   1.840011195203708e-14
       8.993359375000001                       0   1.856825370258323e-14
       9.053515625000001                       0   1.713442894429671e-14
             9.113671875                       0   1.831086886648903e-14
             9.173828125                       0   1.941120106380504e-14
             9.233984375                       0   1.732371566293299e-14
       9.294140625000001  -1.577721810442024e-30   1.649199815623577e-14
       9.354296875000001  -1.577721810442024e-30   1.719638977204881e-14
             9.414453125   1.577721810442024e-30   1.669989796888771e-14
             9.474609375                       0   1.696280385000301e-14
             9.534765625  -1.577721810442024e-30   1.853116839259028e-14
       9.594921875000001  -1.577721810442024e-30   1.783192018172128e-14
       9.655078125000001   3.944304526105059e-31   1.664073920569555e-14
             9.715234375                       0    1.70183139654016e-14
             9.775390625   1.577721810442024e-30   1.670795380697284e-14
             9.835546875                       0   1.541590023159299e-14
       9.895703125000001  -1.577721810442024e-30   1.627911569753537e-14
       9.955859375000001                       0   1.783300747479738e-14
            10.016015625  -3.944304526105059e-31   1.748690436630558e-14
            10.076171875                       0    1.78433851343777e-14
            10.136328125                       0   1.703170773121985e-14
            10.196484375   1.577721810442024e-30   1.684918485653761e-14
            10.256640625   -1.97215226305253e-30    1.73993789746984e-14
            10.316796875                       0   1.699651205279344e-14
            10.376953125                       0   1.811829313161794e-14
            10.437109375                       0   1.833690123552308e-14
            10.497265625                       0   1.801401773727034e-14
            10.557421875                       0   1.983775473516517e-14
            10.617578125                       0   2.064483141073513e-14
            10.677734375                       0     1.9968895372932e-14
            10.737890625                       0   2.014584770539991e-14
            10.798046875                       0   1.975559264380665e-14
            10.858203125                       0   1.929895542133873e-14
            10.918359375                       0   1.849600085594159e-14
            10.978515625                       0    1.78390303617952e-14
            11.038671875                       0   1.811219433586892e-14
            11.098828125                       0   1.724402064785097e-14
            11.158984375                       0   1.759839875302595e-14
            11.219140625                       0   1.930632831854622e-14
            11.279296875                       0   1.826733290284098e-14
            11.339453125   3.944304526105059e-31   1.769611531233632e-14
            11.399609375                       0   1.794490611983164e-14
            11.459765625   1.577721810442024e-30   1.702538968928648e-14
            11.519921875   3.944304526105059e-31   1.663848687694176e-14
            11.580078125                       0   1.707398556763271e-14
            11.640234375                       0   2.001869915424043e-14
            11.700390625                       0   1.737178991540378e-14
            11.760546875                       0   1.394237909996073e-14
            11.820703125                       0   1.677081721777303e-14
            11.880859375                       0   1.579977725564187e-14
            11.941015625                       0   1.183152092971662e-14
            12.001171875  -1.577721810442024e-30   1.540964988230078e-14
            12.061328125  -3.944304526105059e-31   1.713577945790674e-14
            12.121484375  -2.958228394578794e-31   1.257636942054954e-14
            12.181640625                       0   1.232271750018502e-14
            12.241796875                       0   1.087738596899889e-14
            12.301953125                       0    1.02571069936532e-14
            12.362109375                       0   1.116554150033035e-14
            12.422265625                       0    1.10339674829359e-14
            12.482421875                       0   1.079080941501162e-14
            12.542578125                       0   9.533554367490569e-15
            12.602734375                       0   9.776931460403677e-15
            12.662890625                       0   8.578548041113063e-15
            12.723046875                       0   6.537606895887418e-15
            12.783203125                       0   5.557367191404236e-15
            12.843359375    1.97215226305253e-31   7.090480437556291e-15
            12.903515625                       0   9.780619822830956e-15
            12.963671875                       0   1.035274787316181e-14
            13.023828125                       0   1.038255976641299e-14
            13.083984375                       0   9.381150765778898e-15
            13.144140625  -7.888609052210118e-31   8.342022037059068e-15
            13.204296875                       0   1.025233997734732e-14
            13.264453125                       0   9.562835208820156e-15
            13.324609375                       0   9.736341486787977e-15
            13.384765625                       0   1.245306333469001e-14
            13.444921875  -5.916456789157589e-31   7.586908026974193e-15
            13.505078125                       0   3.516692219035102e-15
            13.565234375                       0   6.903811037308181e-15
            13.625390625    1.97215226305253e-31   8.558545153325808e-15
            13.685546875                       0   6.005276329360726e-15
            13.745703125                       0   5.636506409502679e-15
            13.805859375                       0   7.005758758132468e-15
            13.866015625                       0   6.034232858124623e-15
            13.926171875                       0    5.12400954593632e-15
            13.986328125                       0   5.562670797669991e-15
            14.046484375   9.860761315262648e-32   3.770526977884728e-15
            14.106640625                       0   1.194471904154631e-15
            14.166796875                       0   3.984048836843373e-15
            14.226953125  -7.888609052210118e-31   8.858681885493593e-15
            14.287109375                       0   5.231767865492408e-15
            14.347265625  -2.465190328815662e-32  -2.692902060162889e-16
            14.407421875                       0    2.79916132819292e-15
            14.467578125                       0   6.616379874007682e-15
            14.527734375   3.944304526105059e-31   4.048380325599952e-15
            14.587890625                       0   1.070781351969073e-15
            14.648046875                       0   9.131666623191935e-16
            14.708203125   -1.97215226305253e-31   2.109989078079105e-15
            14.768359375                       0   2.320628688705925e-15
            14.828515625   4.930380657631324e-32   1.575216664147961e-15
            14.888671875                       0   4.709517085390529e-15
            14.948828125                       0   3.263239227047321e-15
            15.008984375                       0  -2.312611835432066e-15
            15.069140625                       0   3.043767493587625e-16
            15.129296875                       0   5.287563784843845e-15
            15.189453125                       0                       0
            15.249609375                       0                       0
            15.309765625                       0                       0
            15.369921875                       0                       0
            15.430078125                       0                       0
            15.490234375                       0                       0
            15.550390625                       0                       0
            15.610546875                       0                       0
