# File created on Tue Jul  7 16:46:48 2026
# Data for Inflation GW initial data initial data at coord time 0 and central proper time 0
# Evolved with (264,10,9) gridpoints (including 4 ghosts)
# Evolution with geodesic slicing and constant shift shift condition 
# data for phi = 3.14159
#              r           theta               Mom_r
#===============================================================
       0.0390625      0.78539816     -0.5593347943146102
       0.0390625       2.3561945     -0.5593347943146026

       0.1171875      0.78539816      -1.068377027302672
       0.1171875       2.3561945      -1.068377027302693

       0.1953125      0.78539816     -0.8266705879063493
       0.1953125       2.3561945     -0.8266705879063433

       0.2734375      0.78539816     -0.3622500976956469
       0.2734375       2.3561945     -0.3622500976956511

       0.3515625      0.78539816     0.07052178223194945
       0.3515625       2.3561945     0.07052178223194812

       0.4296875      0.78539816      0.4120476365271279
       0.4296875       2.3561945      0.4120476365271367

       0.5078125      0.78539816      0.5986369930716032
       0.5078125       2.3561945        0.59863699307161

       0.5859375      0.78539816      0.6397589445951095
       0.5859375       2.3561945      0.6397589445951122

       0.6640625      0.78539816      0.5770011520863593
       0.6640625       2.3561945      0.5770011520863539

       0.7421875      0.78539816      0.4632551678800446
       0.7421875       2.3561945      0.4632551678800365

       0.8203125      0.78539816      0.3438103214594938
       0.8203125       2.3561945      0.3438103214594957

       0.8984375      0.78539816      0.2452666758901458
       0.8984375       2.3561945      0.2452666758901516

       0.9765625      0.78539816      0.1754603533272497
       0.9765625       2.3561945      0.1754603533272405

       1.0546875      0.78539816      0.1303229440421474
       1.0546875       2.3561945      0.1303229440421273

       1.1328125      0.78539816      0.1018968625201721
       1.1328125       2.3561945      0.1018968625201663

       1.2109375      0.78539816     0.08331262696185378
       1.2109375       2.3561945     0.08331262696185829

       1.2890625      0.78539816     0.07021816259432899
       1.2890625       2.3561945     0.07021816259433951

       1.3671875      0.78539816     0.06029393854621089
       1.3671875       2.3561945      0.0602939385462266

       1.4453125      0.78539816      0.0523884832000487
       1.4453125       2.3561945     0.05238848320005405

       1.5234375      0.78539816      0.0459088377704601
       1.5234375       2.3561945     0.04590883777046899

       1.6015625      0.78539816     0.04051003946451381
       1.6015625       2.3561945     0.04051003946451968

       1.6796875      0.78539816     0.03596258188827898
       1.6796875       2.3561945      0.0359625818882677

       1.7578125      0.78539816     0.03209941953791016
       1.7578125       2.3561945      0.0320994195379104

       1.8359375      0.78539816     0.02879326494402414
       1.8359375       2.3561945     0.02879326494403745

       1.9140625      0.78539816     0.02594490197837844
       1.9140625       2.3561945     0.02594490197837939

       1.9921875      0.78539816     0.02347593824823525
       1.9921875       2.3561945     0.02347593824822777

       2.0703125      0.78539816     0.02132379126151562
       2.0703125       2.3561945     0.02132379126151406

       2.1484375      0.78539816     0.01943804824034494
       2.1484375       2.3561945     0.01943804824035103

       2.2265625      0.78539816     0.01777776463277881
       2.2265625       2.3561945     0.01777776463278849

       2.3046875      0.78539816     0.01630943217925828
       2.3046875       2.3561945     0.01630943217926148

       2.3828125      0.78539816     0.01500543401650083
       2.3828125       2.3561945     0.01500543401649152

       2.4609375      0.78539816     0.01384285859088953
       2.4609375       2.3561945     0.01384285859087854

       2.5390625      0.78539816     0.01280258078815893
       2.5390625       2.3561945     0.01280258078815864

       2.6171875      0.78539816       0.011868544048616
       2.6171875       2.3561945      0.0118685440486303

       2.6953125      0.78539816     0.01102719506209515
       2.6953125       2.3561945     0.01102719506210939

       2.7734375      0.78539816     0.01026703530534023
       2.7734375       2.3561945     0.01026703530534378

       2.8515625      0.78539816    0.009578262788326674
       2.8515625       2.3561945    0.009578262788328731

       2.9296875      0.78539816     0.00895248398330864
       2.9296875       2.3561945    0.008952483983306284

       3.0078125      0.78539816    0.008382480752211768
       3.0078125       2.3561945     0.00838248075220021

       3.0859375      0.78539816    0.007862020668433788
       3.0859375       2.3561945     0.00786202066842113

       3.1640625      0.78539816    0.007385701798941484
       3.1640625       2.3561945    0.007385701798931775

       3.2421875      0.78539816    0.006948825019490926
       3.2421875       2.3561945    0.006948825019480087

       3.3203125      0.78539816    0.006547288456091603
       3.3203125       2.3561945    0.006547288456084306

       3.3984375      0.78539816    0.006177499805727562
       3.3984375       2.3561945    0.006177499805728149

       3.4765625      0.78539816    0.005836303180194229
       3.4765625       2.3561945    0.005836303180194275

       3.5546875      0.78539816    0.005520917805734809
       3.5546875       2.3561945     0.00552091780573374

       3.6328125      0.78539816    0.005228886447165464
       3.6328125       2.3561945    0.005228886447167533

       3.7109375      0.78539816    0.004958031844401556
       3.7109375       2.3561945    0.004958031844403838

       3.7890625      0.78539816    0.004706419779363495
       3.7890625       2.3561945    0.004706419779368837

       3.8671875      0.78539816    0.004472327652413751
       3.8671875       2.3561945    0.004472327652427589

       3.9453125      0.78539816     0.00425421765505026
       3.9453125       2.3561945    0.004254217655062251

       4.0234375      0.78539816    0.004050713791512697
       4.0234375       2.3561945     0.00405071379151423

       4.1015625      0.78539816    0.003860582135253109
       4.1015625       2.3561945    0.003860582135253174

       4.1796875      0.78539816    0.003682713813715099
       4.1796875       2.3561945     0.00368271381371551

       4.2578125      0.78539816    0.003516110301834193
       4.2578125       2.3561945    0.003516110301828637

       4.3359375      0.78539816    0.003359870675586514
       4.3359375       2.3561945    0.003359870675581976

       4.4140625      0.78539816    0.003213180534719956
       4.4140625       2.3561945    0.003213180534719421

       4.4921875      0.78539816    0.003075302351123319
       4.4921875       2.3561945    0.003075302351114181

       4.5703125      0.78539816    0.002945567038485148
       4.5703125       2.3561945    0.002945567038466938

       4.6484375      0.78539816    0.002823366571002697
       4.6484375       2.3561945     0.00282336657098618

       4.7265625      0.78539816    0.002708147505568853
       4.7265625       2.3561945    0.002708147505564091

       4.8046875      0.78539816    0.002599405284154387
       4.8046875       2.3561945    0.002599405284165131

       4.8828125      0.78539816    0.002496679211571584
       4.8828125       2.3561945     0.00249667921158615

       4.9609375      0.78539816    0.002399548019270858
       4.9609375       2.3561945    0.002399548019282063

       5.0390625      0.78539816     0.00230762593892738
       5.0390625       2.3561945    0.002307625938932924

       5.1171875      0.78539816    0.002220559220383147
       5.1171875       2.3561945    0.002220559220380383

       5.1953125      0.78539816    0.002138023037754041
       5.1953125       2.3561945    0.002138023037762804

       5.2734375      0.78539816    0.002059718735494343
       5.2734375       2.3561945    0.002059718735516884

       5.3515625      0.78539816    0.001985371372599814
       5.3515625       2.3561945    0.001985371372610142

       5.4296875      0.78539816    0.001914727528906566
       5.4296875       2.3561945    0.001914727528897946

       5.5078125      0.78539816    0.001847553342288373
       5.5078125       2.3561945    0.001847553342262911

       5.5859375      0.78539816    0.001783632749514392
       5.5859375       2.3561945    0.001783632749492615

       5.6640625      0.78539816    0.001722765907188906
       5.6640625       2.3561945     0.00172276590718966

       5.7421875      0.78539816    0.001664767772170843
       5.7421875       2.3561945    0.001664767772183746

       5.8203125      0.78539816      0.0016094668234204
       5.8203125       2.3561945    0.001609466823431469

       5.8984375      0.78539816    0.001556703909518633
       5.8984375       2.3561945    0.001556703909518085

       5.9765625      0.78539816     0.00150633120809936
       5.9765625       2.3561945    0.001506331208079392

       6.0546875      0.78539816    0.001458211284980049
       6.0546875       2.3561945    0.001458211284946554

       6.1328125      0.78539816    0.001412216242274266
       6.1328125       2.3561945     0.00141221624225371

       6.2109375      0.78539816     0.00136822694615061
       6.2109375       2.3561945    0.001368226946154765

       6.2890625      0.78539816    0.001326132325853152
       6.2890625       2.3561945    0.001326132325872018

       6.3671875      0.78539816    0.001285828736620691
       6.3671875       2.3561945    0.001285828736637504

       6.4453125      0.78539816     0.00124721937996527
       6.4453125       2.3561945    0.001247219379971367

       6.5234375      0.78539816    0.001210213775558842
       6.5234375       2.3561945    0.001210213775556953

       6.6015625      0.78539816    0.001174727279593771
       6.6015625       2.3561945    0.001174727279586164

       6.6796875      0.78539816    0.001140680645008016
       6.6796875       2.3561945    0.001140680645006278

       6.7578125      0.78539816    0.001107999619517208
       6.7578125       2.3561945    0.001107999619533441

       6.8359375      0.78539816    0.001076614577780426
       6.8359375       2.3561945    0.001076614577799801

       6.9140625      0.78539816    0.001046460184464085
       6.9140625       2.3561945    0.001046460184466537

       6.9921875      0.78539816    0.001017475085306389
       6.9921875       2.3561945    0.001017475085298274

       7.0703125      0.78539816   0.0009896016236069557
       7.0703125       2.3561945   0.0009896016235992617

       7.1484375      0.78539816   0.0009627855797314166
       7.1484375       2.3561945   0.0009627855797296334

       7.2265625      0.78539816   0.0009369759315452471
       7.2265625       2.3561945   0.0009369759315420099

       7.3046875      0.78539816   0.0009121246339340331
       7.3046875       2.3561945   0.0009121246339249377

       7.3828125      0.78539816   0.0008881864156879749
       7.3828125       2.3561945   0.0008881864156909017

       7.4609375      0.78539816   0.0008651185922129076
       7.4609375       2.3561945   0.0008651185922311858

       7.5390625      0.78539816   0.0008428808926491144
       7.5390625       2.3561945   0.0008428808926698835

       7.6171875      0.78539816   0.0008214353001948618
       7.6171875       2.3561945   0.0008214353002093715

       7.6953125      0.78539816   0.0008007459045122489
       7.6953125       2.3561945   0.0008007459045130413

       7.7734375      0.78539816   0.0007807787651699876
       7.7734375       2.3561945   0.0007807787651553453

       7.8515625      0.78539816   0.0007615017851992076
       7.8515625       2.3561945   0.0007615017851812807

       7.9296875      0.78539816   0.0007428845939322321
       7.9296875       2.3561945   0.0007428845939242054

       8.0078125      0.78539816   0.0007248984383436526
       8.0078125       2.3561945   0.0007248984383465529

       8.0859375      0.78539816   0.0007075160821931745
       8.0859375       2.3561945   0.0007075160822044868

       8.1640625      0.78539816   0.0006907117123559306
       8.1640625       2.3561945   0.0006907117123689221

       8.2421875      0.78539816   0.0006744608517669156
       8.2421875       2.3561945   0.0006744608517768566

       8.3203125      0.78539816   0.0006587402784566551
       8.3203125       2.3561945   0.0006587402784636217

       8.3984375      0.78539816   0.0006435279501701857
       8.3984375       2.3561945   0.0006435279501721638

       8.4765625      0.78539816   0.0006288029341579713
       8.4765625       2.3561945    0.000628802934154628

       8.5546875      0.78539816   0.0006145453417995809
       8.5546875       2.3561945   0.0006145453417963783

       8.6328125      0.78539816   0.0006007362676657896
       8.6328125       2.3561945   0.0006007362676676722

       8.7109375      0.78539816   0.0005873577326571968
       8.7109375       2.3561945   0.0005873577326557621

       8.7890625      0.78539816   0.0005743926308915251
       8.7890625       2.3561945   0.0005743926308810751

       8.8671875      0.78539816   0.0005618246800216889
       8.8671875       2.3561945    0.000561824680011038

       8.9453125      0.78539816   0.0005496383747121498
       8.9453125       2.3561945   0.0005496383747058505

       9.0234375      0.78539816   0.0005378189430145982
       9.0234375       2.3561945   0.0005378189430088025

       9.1015625      0.78539816   0.0005263523055018755
       9.1015625       2.3561945   0.0005263523054964977

       9.1796875      0.78539816   0.0005152250370954968
       9.1796875       2.3561945   0.0005152250370964658

       9.2578125      0.78539816   0.0005044243315023233
       9.2578125       2.3561945   0.0005044243315130338

       9.3359375      0.78539816   0.0004939379680934337
       9.3359375       2.3561945   0.0004939379681061604

       9.4140625      0.78539816   0.0004837542809692763
       9.4140625       2.3561945   0.0004837542809764607

       9.4921875      0.78539816   0.0004738621299491122
       9.4921875       2.3561945   0.0004738621299481765

       9.5703125      0.78539816   0.0004642508730701568
       9.5703125       2.3561945    0.000464250873058446

       9.6484375      0.78539816   0.0004549103402365986
       9.6484375       2.3561945   0.0004549103402165305

       9.7265625      0.78539816    0.000445830807926785
       9.7265625       2.3561945    0.000445830807901245

       9.8046875      0.78539816    0.000437002975072978
       9.8046875       2.3561945   0.0004370029750529653

       9.8828125      0.78539816   0.0004284179404824389
       9.8828125       2.3561945   0.0004284179404840463

       9.9609375      0.78539816   0.0004200671821794517
       9.9609375       2.3561945   0.0004200671821989446

       10.039062      0.78539816   0.0004119425389094726
       10.039062       2.3561945   0.0004119425389280378

       10.117188      0.78539816   0.0004040361937551987
       10.117188       2.3561945   0.0004040361937642262

       10.195312      0.78539816   0.0003963406592962789
       10.195312       2.3561945   0.0003963406592994462

       10.273438      0.78539816   0.0003888487634323559
       10.273438       2.3561945   0.0003888487634379874

       10.351562      0.78539816   0.0003815536349482313
       10.351562       2.3561945   0.0003815536349593751

       10.429688      0.78539816     0.00037444868816013
       10.429688       2.3561945   0.0003744486881663638

       10.507812      0.78539816   0.0003675276066479522
       10.507812       2.3561945    0.000367527606642102

       10.585938      0.78539816   0.0003607843267405002
       10.585938       2.3561945    0.000360784326732168

       10.664062      0.78539816    0.000354213021904063
       10.664062       2.3561945    0.000354213021903647

       10.742188      0.78539816   0.0003478080893153488
       10.742188       2.3561945   0.0003478080893193244

       10.820312      0.78539816   0.0003415641395816116
       10.820312       2.3561945   0.0003415641395840262

       10.898438      0.78539816    0.000335475989761119
       10.898438       2.3561945   0.0003354759897580825

       10.976562      0.78539816   0.0003295386588786693
       10.976562       2.3561945   0.0003295386588725011

       11.054688      0.78539816    0.000323747364434586
       11.054688       2.3561945   0.0003237473644286891

       11.132812      0.78539816   0.0003180975180473525
       11.132812       2.3561945   0.0003180975180432406

       11.210938      0.78539816   0.0003125847186940718
       11.210938       2.3561945   0.0003125847187000533

       11.289062      0.78539816   0.0003072047428083766
       11.289062       2.3561945    0.000307204742817729

       11.367188      0.78539816   0.0003019535314921811
       11.367188       2.3561945   0.0003019535314897974

       11.445312      0.78539816    0.000296827176158111
       11.445312       2.3561945   0.0002968271761479152

       11.523438      0.78539816   0.0002918219045747305
       11.523438       2.3561945   0.0002918219045705193

       11.601562      0.78539816   0.0002869340692764478
       11.601562       2.3561945   0.0002869340692829165

       11.679688      0.78539816   0.0002821601398405424
       11.679688       2.3561945   0.0002821601398589026

       11.757812      0.78539816   0.0002774966996624907
       11.757812       2.3561945   0.0002774966996876186

       11.835938      0.78539816   0.0002729404466765438
       11.835938       2.3561945   0.0002729404466888345

       11.914062      0.78539816   0.0002684881965493744
       11.914062       2.3561945   0.0002684881965447777

       11.992188      0.78539816   0.0002641368864184072
       11.992188       2.3561945   0.0002641368864085213

       12.070312      0.78539816   0.0002598835770552875
       12.070312       2.3561945   0.0002598835770482709

       12.148438      0.78539816   0.0002557254518018947
       12.148438       2.3561945   0.0002557254517977126

       12.226562      0.78539816   0.0002516598115002275
       12.226562       2.3561945   0.0002516598114946705

       12.304688      0.78539816   0.0002476840655531199
       12.304688       2.3561945   0.0002476840655511098

       12.382812      0.78539816   0.0002437957201553423
       12.382812       2.3561945   0.0002437957201604163

       12.460938      0.78539816   0.0002399923653242547
       12.460938       2.3561945   0.0002399923653280539

       12.539062      0.78539816   0.0002362716626346256
       12.539062       2.3561945   0.0002362716626300442

       12.617188      0.78539816   0.0002326313353972389
       12.617188       2.3561945    0.000232631335389542

       12.695312      0.78539816   0.0002290691625346118
       12.695312       2.3561945   0.0002290691625315537

       12.773438      0.78539816   0.0002255829766234845
       12.773438       2.3561945   0.0002255829766253275

       12.851562      0.78539816   0.0002221706658032633
       12.851562       2.3561945   0.0002221706658019451

       12.929688      0.78539816   0.0002188301786570563
       12.929688       2.3561945   0.0002188301786491837

       13.007812      0.78539816   0.0002155595306078684
       13.007812       2.3561945   0.0002155595306043787

       13.085938      0.78539816   0.0002123568102007719
       13.085938       2.3561945   0.0002123568102047518

       13.164062      0.78539816   0.0002092201837717641
       13.164062       2.3561945   0.0002092201837768654

       13.242188      0.78539816    0.000206147897373842
       13.242188       2.3561945   0.0002061478973795457

       13.320312      0.78539816   0.0002031382753150288
       13.320312       2.3561945   0.0002031382753190408

       13.398438      0.78539816   0.0002001897152850008
       13.398438       2.3561945   0.0002001897152858635

       13.476562      0.78539816   0.0001973006806475644
       13.476562       2.3561945   0.0001973006806455492

       13.554688      0.78539816   0.0001944696908128222
       13.554688       2.3561945   0.0001944696908061569

       13.632812      0.78539816   0.0001916953109197133
       13.632812       2.3561945   0.0001916953109122486

       13.710938      0.78539816   0.0001889761421185626
       13.710938       2.3561945   0.0001889761421184535

       13.789062      0.78539816   0.0001863108135688161
       13.789062       2.3561945    0.000186310813577539

       13.867188      0.78539816    0.000183697976971077
       13.867188       2.3561945   0.0001836979769768884

       13.945312      0.78539816   0.0001811363040869851
       13.945312       2.3561945   0.0001811363040836613

       14.023438      0.78539816   0.0001786244872740285
       14.023438       2.3561945   0.0001786244872681974

       14.101562      0.78539816   0.0001761612426191047
       14.101562       2.3561945   0.0001761612426180999

       14.179688      0.78539816   0.0001737453149627134
       14.179688       2.3561945   0.0001737453149670888

       14.257812      0.78539816   0.0001713754839125896
       14.257812       2.3561945   0.0001713754839169558

       14.335938      0.78539816   0.0001690505698969914
       14.335938       2.3561945   0.0001690505699024054

       14.414062      0.78539816   0.0001667694393296008
       14.414062       2.3561945   0.0001667694393347339

       14.492188      0.78539816   0.0001645310081068601
       14.492188       2.3561945   0.0001645310081081067

       14.570312      0.78539816   0.0001623342429968366
       14.570312       2.3561945   0.0001623342429964798

       14.648438      0.78539816   0.0001601781607088645
       14.648438       2.3561945   0.0001601781607022925

       14.726562      0.78539816   0.0001580618246952095
       14.726562       2.3561945   0.0001580618246792793

       14.804688      0.78539816   0.0001559843400560912
       14.804688       2.3561945   0.0001559843400351011

       14.882812      0.78539816   0.0001539448470958658
       14.882812       2.3561945   0.0001539448470803557

       14.960938      0.78539816   0.0001519425142193249
       14.960938       2.3561945   0.0001519425142263555

       15.039062      0.78539816   0.0001499765308396752
       15.039062       2.3561945   0.0001499765308678578

       15.117188      0.78539816   0.0001480461009236159
       15.117188       2.3561945   0.0001480461009542249

       15.195312      0.78539816   0.0001461504377927151
       15.195312       2.3561945   0.0001461504378074569

       15.273438      0.78539816   0.0001442887605841152
       15.273438       2.3561945   0.0001442887605755797

       15.351562      0.78539816   0.0001424602925580072
       15.351562       2.3561945   0.0001424602925367264

       15.429688      0.78539816   0.0001406642612496245
       15.429688       2.3561945   0.0001406642612300596

       15.507812      0.78539816   0.0001388999002662224
       15.507812       2.3561945   0.0001388999002562549

       15.585938      0.78539816   0.0001371664524407674
       15.585938       2.3561945   0.0001371664524377324

       15.664062      0.78539816   0.0001354631739014542
       15.664062       2.3561945   0.0001354631738986261

       15.742188      0.78539816   0.0001337893385833154
       15.742188       2.3561945   0.0001337893385780456

       15.820312      0.78539816   0.0001321442426970742
       15.820312       2.3561945   0.0001321442426859382

       15.898438      0.78539816   0.0001305272086310805
       15.898438       2.3561945   0.0001305272086230544

       15.976562      0.78539816   0.0001289375879669894
       15.976562       2.3561945   0.0001289375879726313

       16.054688      0.78539816   0.0001273747633307036
       16.054688       2.3561945   0.0001273747633415894

       16.132812      0.78539816   0.0001258381489047507
       16.132812       2.3561945   0.0001258381489113802

       16.210938      0.78539816   0.0001243271896103357
       16.210938       2.3561945   0.0001243271896094051

       16.289062      0.78539816    0.000122841359012032
       16.289062       2.3561945   0.0001228413590048888

       16.367188      0.78539816   0.0001213801561789525
       16.367188       2.3561945   0.0001213801561735438

       16.445312      0.78539816   0.0001199431017704152
       16.445312       2.3561945   0.0001199431017751976

       16.523438      0.78539816   0.0001185297336514732
       16.523438       2.3561945   0.0001185297336617694

       16.601562      0.78539816   0.0001171396023887985
       16.601562       2.3561945   0.0001171396023924294

       16.679688      0.78539816   0.0001157722669368438
       16.679688       2.3561945   0.0001157722669313663

       16.757812      0.78539816   0.0001144272908449897
       16.757812       2.3561945   0.0001144272908382644

       16.835938      0.78539816   0.0001131042391945319
       16.835938       2.3561945   0.0001131042391975189

       16.914062      0.78539816   0.0001118026764134385
       16.914062       2.3561945   0.0001118026764287853

       16.992188      0.78539816   0.0001105221651286976
       16.992188       2.3561945   0.0001105221651481152

       17.070312      0.78539816   0.0001092622660578145
       17.070312       2.3561945   0.0001092622660746594

       17.148438      0.78539816   0.0001080225387356942
       17.148438       2.3561945    0.000108022538748921

       17.226562      0.78539816   0.0001068025430277636
       17.226562       2.3561945   0.0001068025430287496

       17.304688      0.78539816   0.0001056018413769412
       17.304688       2.3561945   0.0001056018413609245

       17.382812      0.78539816   0.0001044200018026776
       17.382812       2.3561945   0.0001044200017744242

       17.460938      0.78539816   0.0001032566004105733
       17.460938       2.3561945   0.0001032566003785681

       17.539062      0.78539816   0.0001021112242667094
       17.539062       2.3561945   0.0001021112242424096

       17.617188      0.78539816   0.0001009834729655423
       17.617188       2.3561945   0.0001009834729519823

       17.695312      0.78539816   9.987296455145818e-05
       17.695312       2.3561945   9.987296454914322e-05

       17.773438      0.78539816   9.877933121566744e-05
       17.773438       2.3561945   9.877933122265988e-05

       17.851562      0.78539816   9.770223165088553e-05
       17.851562       2.3561945   9.770223166355056e-05

       17.929688      0.78539816    9.66413207120324e-05
       17.929688       2.3561945   9.664132072843953e-05

       18.007812      0.78539816   9.559632067245308e-05
       18.007812       2.3561945   9.559632068640451e-05

       18.085938      0.78539816   9.456687013446676e-05
       18.085938       2.3561945   9.456687013993062e-05

       18.164062      0.78539816   9.355285571879543e-05
       18.164062       2.3561945   9.355285571927924e-05

       18.242188      0.78539816   9.255364088586474e-05
       18.242188       2.3561945   9.255364088250254e-05

       18.320312      0.78539816   9.156979226675257e-05
       18.320312       2.3561945   9.156979225756874e-05

       18.398438      0.78539816   9.059924126125061e-05
       18.398438       2.3561945   9.059924125225512e-05

       18.476562      0.78539816   8.964589140748943e-05
       18.476562       2.3561945   8.964589140250579e-05

       18.554688      0.78539816    8.87002115190812e-05
       18.554688       2.3561945   8.870021151617538e-05

       18.632812      0.78539816   8.778274790818156e-05
       18.632812       2.3561945    8.77827479056879e-05

       18.710938      0.78539816   8.684664997479483e-05
       18.710938       2.3561945   8.684664997647876e-05

       18.789062      0.78539816   8.599646280064516e-05
       18.789062       2.3561945   8.599646280777338e-05

       18.867188      0.78539816   8.499689170509683e-05
       18.867188       2.3561945   8.499689171737097e-05

       18.945312      0.78539816   8.437478781093376e-05
       18.945312       2.3561945    8.43747878290145e-05

       19.023438      0.78539816   8.294710436832659e-05
       19.023438       2.3561945    8.29471043843181e-05

       19.101562      0.78539816   8.336815910201104e-05
       19.101562       2.3561945   8.336815910557208e-05

       19.179688      0.78539816   7.968190404785216e-05
       19.179688       2.3561945    7.96819040398223e-05

       19.257812      0.78539816   8.525046586615655e-05
       19.257812       2.3561945   8.525046585773974e-05

       19.335938      0.78539816   7.009016509761015e-05
       19.335938       2.3561945   7.009016509579466e-05

       19.414062      0.78539816   0.0001014727095563321
       19.414062       2.3561945   0.0001014727095556347

       19.492188      0.78539816   2.846555452683449e-05
       19.492188       2.3561945   2.846555452302127e-05

       19.570312      0.78539816   0.0001898724877851074
       19.570312       2.3561945   0.0001898724877778472

       19.648438      0.78539816  -0.0001743317120363249
       19.648438       2.3561945  -0.0001743317120535635

       19.726562      0.78539816                       0
       19.726562       2.3561945                       0

       19.804688      0.78539816                       0
       19.804688       2.3561945                       0

       19.882812      0.78539816                       0
       19.882812       2.3561945                       0

       19.960938      0.78539816                       0
       19.960938       2.3561945                       0

       20.039062      0.78539816                       0
       20.039062       2.3561945                       0

       20.117188      0.78539816                       0
       20.117188       2.3561945                       0

       20.195312      0.78539816                       0
       20.195312       2.3561945                       0

       20.273438      0.78539816                       0
       20.273438       2.3561945                       0

