# File created on Wed Jul  8 11:31:14 2026
# Data for Inflation GW initial data initial data at coord time 0.163788 and central proper time 0.163788
# Evolved with (264,10,9) gridpoints (including 4 ghosts)
# Evolution with geodesic slicing and constant shift shift condition 
# data for phi = 3.14159
#              r           theta               Mom_r
#===============================================================
     0.025065104      0.78539816    -0.02738690951518128
     0.025065104       2.3561945    -0.02738690958459251

     0.075195312      0.78539816     0.02082326789806829
     0.075195312       2.3561945     0.02082326791751574

      0.12532552      0.78539816     0.03480396225603308
      0.12532552       2.3561945     0.03480396227719234

      0.17545573      0.78539816    -0.00877864957244506
      0.17545573       2.3561945   -0.008778649582309556

      0.22558594      0.78539816    -0.01813026351546547
      0.22558594       2.3561945    -0.01813026352549271

      0.27571615      0.78539816     -0.0153334711847203
      0.27571615       2.3561945    -0.01533347118427873

      0.32584635      0.78539816    -0.01389254074174386
      0.32584635       2.3561945    -0.01389254074213432

      0.37597656      0.78539816    -0.01192320331172548
      0.37597656       2.3561945    -0.01192320331272751

      0.42610677      0.78539816    -0.01003428102696999
      0.42610677       2.3561945    -0.01003428102718052

      0.47623698      0.78539816       -0.00837193140791
      0.47623698       2.3561945    -0.00837193140821892

      0.52636719      0.78539816   -0.006864642126136904
      0.52636719       2.3561945   -0.006864642126159469

       0.5764974      0.78539816   -0.005496529299374608
       0.5764974       2.3561945   -0.005496529299635414

       0.6266276      0.78539816   -0.004244290004880621
       0.6266276       2.3561945   -0.004244290004925697

      0.67675781      0.78539816   -0.003086854152928302
      0.67675781       2.3561945   -0.003086854153238588

      0.72688802      0.78539816   -0.002007307975024977
      0.72688802       2.3561945    -0.00200730797497202

      0.77701823      0.78539816  -0.0009917456670551494
      0.77701823       2.3561945  -0.0009917456669403801

      0.82714844      0.78539816  -2.884456849085171e-05
      0.82714844       2.3561945  -2.884456883969072e-05

      0.87727865      0.78539816   0.0008906422434675001
      0.87727865       2.3561945   0.0008906422435698419

      0.92740885      0.78539816    0.001774314400662523
      0.92740885       2.3561945    0.001774314400617719

      0.97753906      0.78539816    0.002628461688096086
      0.97753906       2.3561945    0.002628461688074797

       1.0276693      0.78539816    0.003458329861118152
       1.0276693       2.3561945    0.003458329861046203

       1.0777995      0.78539816    0.004268328029247627
       1.0777995       2.3561945    0.004268328029139082

       1.1279297      0.78539816    0.005062190463586316
       1.1279297       2.3561945    0.005062190463830357

       1.1780599      0.78539816    0.005843103241656031
       1.1780599       2.3561945    0.005843103241705672

       1.2281901      0.78539816    0.006613803870457194
       1.2281901       2.3561945    0.006613803870376786

       1.2783203      0.78539816     0.00737666009358981
       1.2783203       2.3561945    0.007376660093734555

       1.3284505      0.78539816    0.008133732600297788
       1.3284505       2.3561945    0.008133732600249896

       1.3785807      0.78539816    0.008886825259643003
       1.3785807       2.3561945    0.008886825259675352

       1.4287109      0.78539816    0.009637525604930572
       1.4287109       2.3561945    0.009637525605143582

       1.4788411      0.78539816     0.01038723764795166
       1.4788411       2.3561945     0.01038723764793538

       1.5289714      0.78539816     0.01113720865932714
       1.5289714       2.3561945     0.01113720865921586

       1.5791016      0.78539816     0.01188855113858235
       1.5791016       2.3561945     0.01188855113880875

       1.6292318      0.78539816     0.01264226093850054
       1.6292318       2.3561945      0.0126422609382307

        1.679362      0.78539816     0.01339923230103039
        1.679362       2.3561945     0.01339923230107215

       1.7294922      0.78539816     0.01416027039761646
       1.7294922       2.3561945     0.01416027039768301

       1.7796224      0.78539816     0.01492610182906889
       1.7796224       2.3561945     0.01492610182894154

       1.8297526      0.78539816     0.01569738347514035
       1.8297526       2.3561945     0.01569738347529349

       1.8798828      0.78539816     0.01647470998052525
       1.8798828       2.3561945     0.01647470998061135

        1.930013      0.78539816     0.01725862011592978
        1.930013       2.3561945     0.01725862011601866

       1.9801432      0.78539816      0.0180496022115785
       1.9801432       2.3561945      0.0180496022111685

       2.0302734      0.78539816      0.0188480988165608
       2.0302734       2.3561945     0.01884809881662258

       2.0804036      0.78539816     0.01965451070891169
       2.0804036       2.3561945     0.01965451070906094

       2.1305339      0.78539816     0.02046920036615206
       2.1305339       2.3561945     0.02046920036576511

       2.1806641      0.78539816     0.02129249498463248
       2.1806641       2.3561945     0.02129249498449121

       2.2307943      0.78539816     0.02212468910844662
       2.2307943       2.3561945     0.02212468910877101

       2.2809245      0.78539816     0.02296604693846406
       2.2809245       2.3561945     0.02296604693866121

       2.3310547      0.78539816     0.02381680436247054
       2.3310547       2.3561945     0.02381680436239487

       2.3811849      0.78539816     0.02467717074978824
       2.3811849       2.3561945      0.0246771707495306

       2.4313151      0.78539816     0.02554733054860051
       2.4313151       2.3561945     0.02554733054873159

       2.4814453      0.78539816     0.02642744470823437
       2.4814453       2.3561945     0.02642744470775053

       2.5315755      0.78539816     0.02731765195524741
       2.5315755       2.3561945     0.02731765195500817

       2.5817057      0.78539816     0.02821806994543063
       2.5817057       2.3561945     0.02821806994560173

       2.6318359      0.78539816     0.02912879630275313
       2.6318359       2.3561945     0.02912879630284042

       2.6819661      0.78539816     0.03004990956595296
       2.6819661       2.3561945     0.03004990956594228

       2.7320964      0.78539816     0.03098147005705039
       2.7320964       2.3561945     0.03098147005668432

       2.7822266      0.78539816     0.03192352067094001
       2.7822266       2.3561945     0.03192352067109148

       2.8323568      0.78539816     0.03287608761209719
       2.8323568       2.3561945     0.03287608761206459

        2.882487      0.78539816       0.033839181073203
        2.882487       2.3561945     0.03383918107300672

       2.9326172      0.78539816     0.03481279586540192
       2.9326172       2.3561945     0.03481279586543164

       2.9827474      0.78539816     0.03579691201447135
       2.9827474       2.3561945     0.03579691201447638

       3.0328776      0.78539816     0.03679149531663024
       3.0328776       2.3561945     0.03679149531641755

       3.0830078      0.78539816     0.03779649786023366
       3.0830078       2.3561945     0.03779649786033155

        3.133138      0.78539816     0.03881185852641388
        3.133138       2.3561945     0.03881185852625212

       3.1832682      0.78539816     0.03983750345954692
       3.1832682       2.3561945     0.03983750345950007

       3.2333984      0.78539816     0.04087334651391319
       3.2333984       2.3561945      0.0408733465139644

       3.2835286      0.78539816     0.04191928969259788
       3.2835286       2.3561945     0.04191928969265751

       3.3336589      0.78539816     0.04297522356074347
       3.3336589       2.3561945     0.04297522356086124

       3.3837891      0.78539816     0.04404102763671856
       3.3837891       2.3561945     0.04404102763658239

       3.4339193      0.78539816     0.04511657078480273
       3.4339193       2.3561945     0.04511657078481339

       3.4840495      0.78539816     0.04620171158276454
       3.4840495       2.3561945     0.04620171158283834

       3.5341797      0.78539816     0.04729629867734385
       3.5341797       2.3561945     0.04729629867742134

       3.5843099      0.78539816     0.04840017114410643
       3.5843099       2.3561945     0.04840017114438845

       3.6344401      0.78539816     0.04951315882301578
       3.6344401       2.3561945     0.04951315882306663

       3.6845703      0.78539816     0.05063508264582134
       3.6845703       2.3561945      0.0506350826457406

       3.7347005      0.78539816     0.05176575496498441
       3.7347005       2.3561945     0.05176575496513293

       3.7848307      0.78539816     0.05290497986233443
       3.7848307       2.3561945     0.05290497986262048

       3.8349609      0.78539816     0.05405255345422415
       3.8349609       2.3561945     0.05405255345436542

       3.8850911      0.78539816     0.05520826420037515
       3.8850911       2.3561945     0.05520826420078942

       3.9352214      0.78539816     0.05637189319492725
       3.9352214       2.3561945     0.05637189319503855

       3.9853516      0.78539816      0.0575432144489387
       3.9853516       2.3561945      0.0575432144487702

       4.0354818      0.78539816     0.05872199517552437
       4.0354818       2.3561945      0.0587219951759025

        4.085612      0.78539816     0.05990799606441001
        4.085612       2.3561945     0.05990799606449991

       4.1357422      0.78539816     0.06110097154224282
       4.1357422       2.3561945     0.06110097154243795

       4.1858724      0.78539816     0.06230067005044551
       4.1858724       2.3561945     0.06230067005048148

       4.2360026      0.78539816     0.06350683429854669
       4.2360026       2.3561945     0.06350683429885687

       4.2861328      0.78539816     0.06471920151121462
       4.2861328       2.3561945     0.06471920151182139

        4.336263      0.78539816     0.06593750368459241
        4.336263       2.3561945     0.06593750368485737

       4.3863932      0.78539816     0.06716146782072373
       4.3863932       2.3561945       0.067161467820748

       4.4365234      0.78539816     0.06839081616246037
       4.4365234       2.3561945      0.0683908161621502

       4.4866536      0.78539816     0.06962526643549483
       4.4866536       2.3561945     0.06962526643545389

       4.5367839      0.78539816     0.07086453207504831
       4.5367839       2.3561945     0.07086453207540075

       4.5869141      0.78539816     0.07210832243928483
       4.5869141       2.3561945     0.07210832243974166

       4.6370443      0.78539816     0.07335634303479814
       4.6370443       2.3561945     0.07335634303526012

       4.6871745      0.78539816     0.07460829572623293
       4.6871745       2.3561945     0.07460829572621737

       4.7373047      0.78539816     0.07586387893696882
       4.7373047       2.3561945      0.0758638789371969

       4.7874349      0.78539816     0.07712278786729609
       4.7874349       2.3561945     0.07712278786732742

       4.8375651      0.78539816     0.07838471468753644
       4.8375651       2.3561945      0.0783847146871753

       4.8876953      0.78539816     0.07964934872734933
       4.8876953       2.3561945     0.07964934872751121

       4.9378255      0.78539816     0.08091637667379951
       4.9378255       2.3561945     0.08091637667351884

       4.9879557      0.78539816     0.08218548275187659
       4.9879557       2.3561945     0.08218548275155944

       5.0380859      0.78539816     0.08345634890014683
       5.0380859       2.3561945     0.08345634890056955

       5.0882161      0.78539816      0.0847286549637115
       5.0882161       2.3561945     0.08472865496425164

       5.1383464      0.78539816     0.08600207885748247
       5.1383464       2.3561945     0.08600207885747763

       5.1884766      0.78539816     0.08727629673611932
       5.1884766       2.3561945      0.0872762967356448

       5.2386068      0.78539816      0.0885509831629141
       5.2386068       2.3561945     0.08855098316283962

        5.288737      0.78539816     0.08982581126900885
        5.288737       2.3561945     0.08982581126911883

       5.3388672      0.78539816     0.09110045290552929
       5.3388672       2.3561945     0.09110045290502215

       5.3889974      0.78539816     0.09237457880862965
       5.3889974       2.3561945     0.09237457880853039

       5.4391276      0.78539816     0.09364785874901477
       5.4391276       2.3561945     0.09364785874919837

       5.4892578      0.78539816     0.09491996167313611
       5.4892578       2.3561945     0.09491996167302037

        5.539388      0.78539816     0.09619055585367056
        5.539388       2.3561945     0.09619055585407686

       5.5895182      0.78539816     0.09745930902916192
       5.5895182       2.3561945     0.09745930902983151

       5.6396484      0.78539816     0.09872588853475556
       5.6396484       2.3561945     0.09872588853460548

       5.6897786      0.78539816     0.09998996144873212
       5.6897786       2.3561945     0.09998996144844305

       5.7399089      0.78539816      0.1012511947226409
       5.7399089       2.3561945      0.1012511947226299

       5.7900391      0.78539816      0.1025092553081035
       5.7900391       2.3561945      0.1025092553079872

       5.8401693      0.78539816      0.1037638102872928
       5.8401693       2.3561945      0.1037638102876492

       5.8902995      0.78539816      0.1050145269958859
       5.8902995       2.3561945      0.1050145269964949

       5.9404297      0.78539816      0.1062610731422655
       5.9404297       2.3561945      0.1062610731422503

       5.9905599      0.78539816      0.1075031169355452
       5.9905599       2.3561945      0.1075031169349113

       6.0406901      0.78539816      0.1087403272023376
       6.0406901       2.3561945      0.1087403272023991

       6.0908203      0.78539816      0.1099723735011375
       6.0908203       2.3561945      0.1099723735014174

       6.1409505      0.78539816      0.1111989262408961
       6.1409505       2.3561945      0.1111989262408305

       6.1910807      0.78539816      0.1124196567905036
       6.1910807       2.3561945      0.1124196567908166

       6.2412109      0.78539816      0.1136342375885347
       6.2412109       2.3561945      0.1136342375885871

       6.2913411      0.78539816      0.1148423422586104
       6.2913411       2.3561945      0.1148423422581725

       6.3414714      0.78539816      0.1160436457200012
       6.3414714       2.3561945      0.1160436457198234

       6.3916016      0.78539816      0.1172378242902051
       6.3916016       2.3561945      0.1172378242901157

       6.4417318      0.78539816      0.1184245557944289
       6.4417318       2.3561945      0.1184245557944225

        6.491862      0.78539816       0.119603519672024
        6.491862       2.3561945      0.1196035196718823

       6.5419922      0.78539816      0.1207743970744408
       6.5419922       2.3561945      0.1207743970740518

       6.5921224      0.78539816      0.1219368709781311
       6.5921224       2.3561945      0.1219368709780415

       6.6422526      0.78539816      0.1230906262850257
       6.6422526       2.3561945      0.1230906262847323

       6.6923828      0.78539816      0.1242353499239217
       6.6923828       2.3561945      0.1242353499243027

        6.742513      0.78539816      0.1253707309556118
        6.742513       2.3561945      0.1253707309557393

       6.7926432      0.78539816      0.1264964606702956
       6.7926432       2.3561945      0.1264964606700233

       6.8427734      0.78539816      0.1276122326878583
       6.8427734       2.3561945      0.1276122326878109

       6.8929036      0.78539816      0.1287177430668742
       6.8929036       2.3561945      0.1287177430659142

       6.9430339      0.78539816      0.1298126903964412
       6.9430339       2.3561945      0.1298126903958884

       6.9931641      0.78539816      0.1308967759027512
       6.9931641       2.3561945      0.1308967759029245

       7.0432943      0.78539816      0.1319697035511337
       7.0432943       2.3561945      0.1319697035508991

       7.0934245      0.78539816      0.1330311801381851
       7.0934245       2.3561945      0.1330311801387321

       7.1435547      0.78539816      0.1340809153974094
       7.1435547       2.3561945      0.1340809153974723

       7.1936849      0.78539816      0.1351186220990774
       7.1936849       2.3561945      0.1351186220982837

       7.2438151      0.78539816      0.1361440161512016
       7.2438151       2.3561945      0.1361440161510664

       7.2939453      0.78539816       0.137156816698455
       7.2939453       2.3561945       0.137156816698051

       7.3440755      0.78539816      0.1381567462248791
       7.3440755       2.3561945      0.1381567462243816

       7.3942057      0.78539816      0.1391435306531582
       7.3942057       2.3561945      0.1391435306528557

       7.4443359      0.78539816      0.1401168994419458
       7.4443359       2.3561945      0.1401168994420947

       7.4944661      0.78539816      0.1410765856922475
       7.4944661       2.3561945      0.1410765856923338

       7.5445964      0.78539816      0.1420223262451965
       7.5445964       2.3561945       0.142022326245239

       7.5947266      0.78539816      0.1429538617830973
       7.5947266       2.3561945      0.1429538617830291

       7.6448568      0.78539816      0.1438709369321412
       7.6448568       2.3561945      0.1438709369315998

        7.694987      0.78539816      0.1447733003613354
        7.694987       2.3561945      0.1447733003612906

       7.7451172      0.78539816      0.1456607048835225
       7.7451172       2.3561945      0.1456607048835736

       7.7952474      0.78539816      0.1465329075579065
       7.7952474       2.3561945      0.1465329075572899

       7.8453776      0.78539816      0.1473896697881526
       7.8453776       2.3561945      0.1473896697884503

       7.8955078      0.78539816      0.1482307574284613
       7.8955078       2.3561945      0.1482307574288052

        7.945638      0.78539816      0.1490559408784617
        7.945638       2.3561945       0.149055940878136

       7.9957682      0.78539816      0.1498649951861097
       7.9957682       2.3561945      0.1498649951869235

       8.0458984      0.78539816      0.1506577001498007
       8.0458984       2.3561945      0.1506577001501861

       8.0960286      0.78539816      0.1514338404129032
       8.0960286       2.3561945      0.1514338404122205

       8.1461589      0.78539816      0.1521932055644767
       8.1461589       2.3561945      0.1521932055642002

       8.1962891      0.78539816      0.1529355902435082
       8.1962891       2.3561945       0.152935590243648

       8.2464193      0.78539816      0.1536607942314211
       8.2464193       2.3561945      0.1536607942311112

       8.2965495      0.78539816      0.1543686225505483
       8.2965495       2.3561945      0.1543686225504911

       8.3466797      0.78539816      0.1550588855622325
       8.3466797       2.3561945      0.1550588855625604

       8.3968099      0.78539816      0.1557313990615589
       8.3968099       2.3561945       0.155731399061316

       8.4469401      0.78539816      0.1563859843695968
       8.4469401       2.3561945      0.1563859843691394

       8.4970703      0.78539816      0.1570224684316879
       8.4970703       2.3561945      0.1570224684315796

       8.5472005      0.78539816      0.1576406839079469
       8.5472005       2.3561945       0.157640683908201

       8.5973307      0.78539816       0.158240469265634
       8.5973307       2.3561945       0.158240469265059

       8.6474609      0.78539816      0.1588216688662769
       8.6474609       2.3561945      0.1588216688661196

       8.6975911      0.78539816      0.1593841330557099
       8.6975911       2.3561945       0.159384133055493

       8.7477214      0.78539816      0.1599277182487917
       8.7477214       2.3561945      0.1599277182482833

       8.7978516      0.78539816      0.1604522870164403
       8.7978516       2.3561945      0.1604522870164719

       8.8479818      0.78539816      0.1609577081677651
       8.8479818       2.3561945      0.1609577081680924

        8.898112      0.78539816      0.1614438568315295
        8.898112       2.3561945      0.1614438568320911

       8.9482422      0.78539816      0.1619106145366171
       8.9482422       2.3561945      0.1619106145367193

       8.9983724      0.78539816      0.1623578692805411
       8.9983724       2.3561945      0.1623578692796435

       9.0485026      0.78539816      0.1627855156105433
       9.0485026       2.3561945      0.1627855156098187

       9.0986328      0.78539816      0.1631934546937361
       9.0986328       2.3561945       0.163193454693927

        9.148763      0.78539816      0.1635815943863311
        9.148763       2.3561945      0.1635815943860168

       9.1988932      0.78539816      0.1639498492969717
       9.1988932       2.3561945      0.1639498492972668

       9.2490234      0.78539816      0.1642981408566238
       9.2490234       2.3561945      0.1642981408573249

       9.2991536      0.78539816       0.164626397368486
       9.2991536       2.3561945      0.1646263973685581

       9.3492839      0.78539816      0.1649345540690652
       9.3492839       2.3561945      0.1649345540683587

       9.3994141      0.78539816      0.1652225531862366
       9.3994141       2.3561945      0.1652225531855111

       9.4495443      0.78539816      0.1654903439819672
       9.4495443       2.3561945      0.1654903439823507

       9.4996745      0.78539816      0.1657378828064898
       9.4996745       2.3561945      0.1657378828061739

       9.5498047      0.78539816      0.1659651331382853
       9.5498047       2.3561945      0.1659651331378226

       9.5999349      0.78539816      0.1661720656192198
       9.5999349       2.3561945      0.1661720656196371

       9.6500651      0.78539816       0.166358658092651
       9.6500651       2.3561945      0.1663586580928562

       9.7001953      0.78539816      0.1665248956373236
       9.7001953       2.3561945      0.1665248956372391

       9.7503255      0.78539816      0.1666707705911128
       9.7503255       2.3561945      0.1666707705909767

       9.8004557      0.78539816      0.1667962825757898
       9.8004557       2.3561945      0.1667962825762104

       9.8505859      0.78539816      0.1669014385202875
       9.8505859       2.3561945      0.1669014385199648

       9.9007161      0.78539816      0.1669862526644453
       9.9007161       2.3561945      0.1669862526639325

       9.9508464      0.78539816      0.1670507465753277
       9.9508464       2.3561945      0.1670507465749147

       10.000977      0.78539816       0.167094949154806
       10.000977       2.3561945       0.167094949155102

       10.051107      0.78539816      0.1671188966357858
       10.051107       2.3561945      0.1671188966362848

       10.101237      0.78539816      0.1671226325828933
       10.101237       2.3561945      0.1671226325826727

       10.151367      0.78539816      0.1671062078823637
       10.151367       2.3561945      0.1671062078826365

       10.201497      0.78539816       0.167069680725279
       10.201497       2.3561945      0.1670696807255985

       10.251628      0.78539816      0.1670131165915253
       10.251628       2.3561945      0.1670131165914505

       10.301758      0.78539816      0.1669365882295559
       10.301758       2.3561945      0.1669365882291194

       10.351888      0.78539816      0.1668401756217948
       10.351888       2.3561945      0.1668401756221168

       10.402018      0.78539816      0.1667239659612902
       10.402018       2.3561945       0.166723965962301

       10.452148      0.78539816      0.1665880536086377
       10.452148       2.3561945      0.1665880536090614

       10.502279      0.78539816      0.1664325400442007
       10.502279       2.3561945      0.1664325400440656

       10.552409      0.78539816      0.1662575338241461
       10.552409       2.3561945       0.166257533824362

       10.602539      0.78539816      0.1660631505329981
       10.602539       2.3561945      0.1660631505327465

       10.652669      0.78539816      0.1658495127158056
       10.652669       2.3561945      0.1658495127153364

       10.702799      0.78539816      0.1656167498206553
       10.702799       2.3561945      0.1656167498213572

        10.75293      0.78539816      0.1653649981359197
        10.75293       2.3561945      0.1653649981364237

        10.80306      0.78539816      0.1650944007054058
        10.80306       2.3561945      0.1650944007056577

        10.85319      0.78539816      0.1648051072545817
        10.85319       2.3561945      0.1648051072548147

        10.90332      0.78539816      0.1644972741135326
        10.90332       2.3561945       0.164497274113034

       10.953451      0.78539816      0.1641710641231588
       10.953451       2.3561945      0.1641710641226141

       11.003581      0.78539816      0.1638266465461627
       11.003581       2.3561945      0.1638266465460613

       11.053711      0.78539816      0.1634641969712771
       11.053711       2.3561945      0.1634641969711205

       11.103841      0.78539816        0.16308389720468
       11.103841       2.3561945      0.1630838972047692

       11.153971      0.78539816      0.1626859351682856
       11.153971       2.3561945      0.1626859351686815

       11.204102      0.78539816       0.162270504790398
       11.204102       2.3561945      0.1622705047901609

       11.254232      0.78539816      0.1618378058849093
       11.254232       2.3561945      0.1618378058846517

       11.304362      0.78539816      0.1613880440389272
       11.304362       2.3561945      0.1613880440391077

       11.354492      0.78539816      0.1609214304868229
       11.354492       2.3561945      0.1609214304868985

       11.404622      0.78539816      0.1604381819758731
       11.404622       2.3561945      0.1604381819758353

       11.454753      0.78539816      0.1599385206404331
       11.454753       2.3561945      0.1599385206405581

       11.504883      0.78539816      0.1594226738671248
       11.504883       2.3561945       0.159422673866169

       11.555013      0.78539816      0.1588908741492105
       11.555013       2.3561945      0.1588908741480791

       11.605143      0.78539816      0.1583433589482495
       11.605143       2.3561945       0.158343358948484

       11.655273      0.78539816      0.1577803705540576
       11.655273       2.3561945      0.1577803705544711

       11.705404      0.78539816       0.157202155923136
       11.705404       2.3561945      0.1572021559226224

       11.755534      0.78539816      0.1566089664569188
       11.755534       2.3561945      0.1566089664569529

       11.805664      0.78539816      0.1560010583579193
       11.805664       2.3561945      0.1560010583580342

       11.855794      0.78539816      0.1553786912376762
       11.855794       2.3561945       0.155378691236841

       11.905924      0.78539816       0.154742121111045
       11.905924       2.3561945      0.1547421211101381

       11.956055      0.78539816      0.1540916802740928
       11.956055       2.3561945      0.1540916802739646

       12.006185      0.78539816      0.1534274434791819
       12.006185       2.3561945      0.1534274434797519

       12.056315      0.78539816      0.1527493440198995
       12.056315       2.3561945       0.152749344019471

       12.106445      0.78539816      0.1520639516565898
       12.106445       2.3561945      0.1520639516561078

       12.156576      0.78539816      0.1513432990270702
       12.156576       2.3561945      0.1513432990279303

       12.206706      0.78539816      0.1506243648418531
       12.206706       2.3561945      0.1506243648417504

       12.256836      0.78539816      0.1501759271374964
       12.256836       2.3561945      0.1501759271363798

       12.306966      0.78539816      0.1482040462228795
       12.306966       2.3561945      0.1482040462228791

       12.357096      0.78539816      0.1495576960825698
       12.357096       2.3561945      0.1495576960831441

       12.407227      0.78539816      0.1519903372449685
       12.407227       2.3561945      0.1519903372455415

       12.457357      0.78539816      0.1275315480581716
       12.457357       2.3561945      0.1275315480581906

       12.507487      0.78539816      0.1804014745767392
       12.507487       2.3561945      0.1804014745761573

       12.557617      0.78539816     0.05567373877181163
       12.557617       2.3561945     0.05567373877172938

       12.607747      0.78539816      0.6065896299244944
       12.607747       2.3561945      0.6065896299244504

       12.657878      0.78539816                       0
       12.657878       2.3561945                       0

       12.708008      0.78539816                       0
       12.708008       2.3561945                       0

       12.758138      0.78539816                       0
       12.758138       2.3561945                       0

       12.808268      0.78539816                       0
       12.808268       2.3561945                       0

       12.858398      0.78539816                       0
       12.858398       2.3561945                       0

       12.908529      0.78539816                       0
       12.908529       2.3561945                       0

       12.958659      0.78539816                       0
       12.958659       2.3561945                       0

       13.008789      0.78539816                       0
       13.008789       2.3561945                       0

