# File created on Wed Jul  8 11:33:16 2026
# ======================================== 
# = Running code assuming AXISYMMETRY    = 
# ======================================== 
# Data for Inflation GW initial data initial data at coord. time 0.188986 and proper central time 0.188986
# Evolved with (264,10,9) gridpoints (including 4 ghosts)
# Evolution with geodesic slicing and constant shift
# using eighth-order spatial differencing with 4 ghost zones 
# data 1 at theta = 0 and phi = 3.14159
# data 2 at theta = 1.5708 and phi = 3.14159
#                      r                   Mom_r                   Mom_r
#                               (     0,3.14159)        (1.5708,3.14159)
#========================================================================
            -0.210546875   -0.001947125060840903   -0.001947125066957144
            -0.150390625   -0.001389216930159764   -0.001389216919668547
    -0.09023437500000001  -0.0008328949476914796  -0.0008328949434991137
            -0.030078125   -0.000277525716853276  -0.0002775257267572948
             0.030078125   0.0002775257366613136   0.0002775257267572948
     0.09023437500000001   0.0008328949393067479   0.0008328949434991137
             0.150390625    0.001389216909177329    0.001389216919668547
             0.210546875    0.001947125073073385    0.001947125066957144
             0.270703125     0.00250725016325794    0.002507250159953537
             0.330859375    0.003070219290067046    0.003070219290340612
             0.391015625    0.003636654832488538     0.00363665483222443
             0.451171875    0.004207173418547107    0.004207173418220135
             0.511328125    0.004782384933104061    0.004782384933081097
             0.571484375    0.005362891521032413    0.005362891520883255
      0.6316406250000001     0.00594928661714088    0.005949286617057979
             0.691796875    0.006542153998761735    0.006542153998733931
             0.751953125    0.007142066864435256    0.007142066864324014
             0.812109375    0.007749586934516597    0.007749586934480364
             0.872265625    0.008365263587976238    0.008365263588146189
      0.9324218750000001    0.008989633026418479    0.008989633026291518
             0.992578125    0.009623217468400468    0.009623217468245099
             1.052734375     0.01026652438536522     0.01026652438555323
             1.112890625     0.01092004576895466     0.01092004576883588
             1.173046875     0.01158425743485569     0.01158425743498043
             1.233203125     0.01225961837100434     0.01225961837102169
             1.293359375     0.01294657011982639     0.01294657011975808
             1.353515625     0.01364553620531378     0.01364553620543969
             1.413671875     0.01435692160072001     0.01435692160074686
             1.473828125     0.01508111223805603     0.01508111223803628
             1.533984375     0.01581847456136921     0.01581847456139663
             1.594140625     0.01656935512177444     0.01656935512173726
             1.654296875     0.01733408021871851     0.01733408021864444
             1.714453125     0.01811295558086943     0.01811295558096106
             1.774609375     0.01890626609238061     0.01890626609240197
             1.834765625     0.01971427556261339     0.01971427556262428
             1.894921875     0.02053722653693396     0.02053722653702825
             1.955078125     0.02137534014859611     0.02137534014846554
             2.015234375     0.02222881601512696     0.02222881601514435
             2.075390625     0.02309783217316604     0.02309783217303937
             2.135546875     0.02398254505093565     0.02398254505075532
             2.195703125     0.02488308948236405     0.02488308948250443
             2.255859375     0.02579957875871146      0.0257995787588977
             2.316015625     0.02673210471195811     0.02673210471194975
             2.376171875     0.02768073783724748     0.02768073783706942
             2.436328125     0.02864552744798246     0.02864552744798554
             2.496484375     0.02962650186158673     0.02962650186136948
             2.556640625     0.03062366861501121      0.0306236686149375
             2.616796875     0.03163701471407709      0.0316370147141329
             2.676953125     0.03266650690230716     0.03266650690230295
             2.737109375     0.03371209196143854     0.03371209196145646
             2.797265625     0.03477369703493134     0.03477369703481163
             2.857421875     0.03585122996876873     0.03585122996885298
             2.917578125     0.03694457968248508     0.03694457968233369
             2.977734375     0.03805361654729678     0.03805361654721735
             3.037890625     0.03917819279067994     0.03917819279071476
             3.098046875     0.04031814291373375      0.0403181429135349
             3.158203125     0.04147328411765865     0.04147328411775567
             3.218359375     0.04264341675132138     0.04264341675142284
             3.278515625     0.04382832475973499     0.04382832475967381
             3.338671875     0.04502777614962662     0.04502777614962224
             3.398828125     0.04624152345533818     0.04624152345526995
             3.458984375     0.04746930421766438     0.04746930421784219
             3.519140625     0.04871084146196596      0.0487108414620335
             3.579296875     0.04996584418014214     0.04996584418018529
             3.639453125     0.05123400781638895     0.05123400781638179
             3.699609375     0.05251501475217383     0.05251501475223284
             3.759765625     0.05380853479039005     0.05380853479059032
             3.819921875     0.05511422563760419     0.05511422563761662
             3.880078125     0.05643173338267437     0.05643173338283888
             3.940234375     0.05776069297534663     0.05776069297553027
       4.000390625000001      0.0591007286929419     0.05910072869298288
             4.060546875     0.06045145460773333     0.06045145460773917
             4.120703125     0.06181247504411224     0.06181247504427044
             4.180859375     0.06318338503083974     0.06318338503095254
             4.241015625     0.06456377074225181     0.06456377074257331
       4.301171875000001      0.0659532099345974     0.06595320993487368
             4.361328125     0.06735127237058933     0.06735127237045313
             4.421484375     0.06875752023476753     0.06875752023475351
             4.481640625     0.07017150854082553     0.07017150854085133
             4.541796875     0.07159278552810848     0.07159278552820195
       4.601953125000001     0.07302089304453104     0.07302089304488887
             4.662109375     0.07445536692425693     0.07445536692449986
             4.722265625     0.07589573735074816     0.07589573735092739
             4.782421875     0.07734152921003964     0.07734152920987637
             4.842578125     0.07879226243240307     0.07879226243218505
       4.902734375000001     0.08024745232664904     0.08024745232667732
             4.962890625     0.08170660989869205     0.08170660989851518
             5.023046875     0.08316924216345917     0.08316924216351607
             5.083203125     0.08463485244444748     0.08463485244492329
             5.143359375     0.08610294066533113      0.0861029406652164
       5.203515625000001     0.08757300362638153     0.08757300362635426
             5.263671875     0.08904453527957382     0.08904453527958531
             5.323828125     0.09051702698714174     0.09051702698668571
             5.383984375     0.09198996777423647     0.09198996777416016
             5.444140625     0.09346284457543512     0.09346284457548312
       5.504296875000001     0.09493514246780078     0.09493514246805447
             5.564453125     0.09640634490091225     0.09640634490113895
             5.624609375     0.09787593391877195     0.09787593391877368
             5.684765625     0.09934339037311624     0.09934339037319917
             5.744921875      0.1008081941330033      0.1008081941329381
       5.805078125000001      0.1022698242883742       0.102269824288125
             5.865234375      0.1037277593462205      0.1037277593466624
             5.925390625      0.1051814774277964       0.105181477427907
             5.985546875      0.1066304564541825       0.106630456453819
             6.045703125      0.1080741743324144      0.1080741743325656
       6.105859375000001      0.1095121091430743      0.1095121091431005
             6.166015625      0.1109437393162369      0.1109437393164231
             6.226171875      0.1123685438131853       0.112368543813289
             6.286328125      0.1137860023021763      0.1137860023019592
             6.346484375      0.1151955953357995      0.1151955953356282
       6.406640625000001      0.1165968045293078      0.1165968045292136
             6.466796875      0.1179891127338196      0.1179891127337667
             6.526953125      0.1193720042169544      0.1193720042167992
             6.587109375      0.1207449648392082      0.1207449648390584
             6.647265625      0.1221074822346201       0.122107482234624
       6.707421875000001      0.1234590459938746      0.1234590459941333
             6.767578125      0.1247991478487415      0.1247991478487718
             6.827734375      0.1261272818559142      0.1261272818554665
             6.887890625      0.1274429445921584       0.127442944591835
             6.948046875      0.1287456353451584      0.1287456353449348
       7.008203125000001      0.1300348563129472      0.1300348563127842
             7.068359375      0.1313101128064479      0.1313101128065286
             7.128515625      0.1325709134516961      0.1325709134519729
             7.188671875       0.133816770405381      0.1338167704052327
             7.248828125      0.1350471995666101      0.1350471995662145
       7.308984375000001      0.1362617207977733      0.1362617207974227
             7.369140625      0.1374598581521638      0.1374598581519419
             7.429296875      0.1386411401012951      0.1386411401014102
             7.489453125      0.1398050997736269      0.1398050997735518
             7.549609375      0.1409512751918907       0.140951275191983
       7.609765625000001      0.1420792095214668      0.1420792095213828
             7.669921875      0.1431884513206738      0.1431884513204953
             7.730078125      0.1442785547960478      0.1442785547958711
             7.790234375       0.145349080064082      0.1453490800638485
             7.850390625       0.146399593418666      0.1463995934189679
       7.910546875000001       0.147429667601511       0.147429667601523
             7.970703125      0.1484388820713745      0.1484388820715562
             8.030859375      0.1494268232924377      0.1494268232927483
       8.091015625000001      0.1503930850115839      0.1503930850113164
       8.151171875000001      0.1513372685437198        0.15133726854345
             8.211328125      0.1522589830675278      0.1522589830674163
             8.271484375      0.1531578459157252      0.1531578459156681
             8.331640625      0.1540334828682064      0.1540334828681855
       8.391796875000001      0.1548855284515371      0.1548855284515652
       8.451953125000001      0.1557136262405766      0.1557136262404817
             8.512109375       0.156517429153261      0.1565174291533007
             8.572265625      0.1572965997570366      0.1572965997569737
             8.632421875      0.1580508105667265      0.1580508105662667
       8.692578125000001      0.1587797443456175      0.1587797443456114
       8.752734375000001      0.1594830944072994      0.1594830944071917
             8.812890625      0.1601605649106138      0.1601605649104739
             8.873046875      0.1608118711575479      0.1608118711580161
             8.933203125      0.1614367398888671      0.1614367398889257
       8.993359375000001      0.1620349095662917      0.1620349095656227
       9.053515625000001      0.1626061306653597      0.1626061306649772
             9.113671875      0.1631501659539982      0.1631501659541733
             9.173828125      0.1636667907672969      0.1636667907672763
             9.233984375      0.1641557932770301      0.1641557932772259
       9.294140625000001      0.1646169747554352      0.1646169747558038
       9.354296875000001      0.1650501498294448      0.1650501498291674
             9.414453125      0.1654551467266654      0.1654551467263136
             9.474609375      0.1658318075153564      0.1658318075152023
             9.534765625      0.1661799883344881      0.1661799883342606
       9.594921875000001      0.1664995596099392      0.1664995596099703
       9.655078125000001      0.1667904062636002      0.1667904062638292
             9.715234375      0.1670524279103769      0.1670524279103521
             9.775390625       0.167285539043013      0.1672855390430141
             9.835546875      0.1674896692030354      0.1674896692029492
       9.895703125000001      0.1676647631403191      0.1676647631400474
       9.955859375000001      0.1678107809592344       0.167810780959128
            10.016015625      0.1679276982486874      0.1679276982489786
            10.076171875      0.1680155061972692      0.1680155061973863
            10.136328125      0.1680742116952803      0.1680742116953712
            10.196484375      0.1681038374189343      0.1681038374190762
            10.256640625      0.1681044218998355      0.1681044218996351
            10.316796875      0.1680760195749798      0.1680760195749572
            10.376953125      0.1680187008249987      0.1680187008253911
            10.437109375      0.1679325519913126       0.167932551991648
            10.497265625       0.167817675372835       0.167817675372801
            10.557421875       0.167674189210274      0.1676741892102349
            10.617578125       0.167502227655983      0.1675022276559283
            10.677734375      0.1673019407087316      0.1673019407088115
            10.737890625       0.167073494150008      0.1670734941503833
            10.798046875      0.1668170694515568      0.1668170694518272
            10.858203125      0.1665328636614168      0.1665328636615239
            10.918359375      0.1662210892794673      0.1662210892791232
            10.978515625      0.1658819741104326      0.1658819741101394
            11.038671875      0.1655157610980544      0.1655157610979535
            11.098828125      0.1651227081401379      0.1651227081401148
            11.158984375      0.1647030878883397      0.1647030878885979
            11.219140625      0.1642571875274307      0.1642571875273097
            11.279296875      0.1637853085369965      0.1637853085368817
            11.339453125      0.1632877664360027       0.163287766436233
            11.399609375      0.1627648905129739      0.1627648905131228
            11.459765625       0.162217023532993       0.162217023532444
            11.519921875      0.1616445214315705      0.1616445214308535
            11.580078125      0.1610477529960613      0.1610477529962335
            11.640234375      0.1604270995286806      0.1604270995287575
            11.700390625      0.1597829544900367      0.1597829544894749
            11.760546875      0.1591157231319904      0.1591157231322728
            11.820703125      0.1584258221236976      0.1584258221240797
            11.880859375      0.1577136791535923      0.1577136791524957
            11.941015625      0.1569797325138188      0.1569797325135237
            12.001171875      0.1562244306982141      0.1562244306988264
            12.061328125      0.1554482319660128      0.1554482319656148
            12.121484375      0.1546516038896468      0.1546516038893477
            12.181640625      0.1538350229203213      0.1538350229207218
            12.241796875      0.1529989739246878      0.1529989739243809
            12.301953125      0.1521439497073957      0.1521439497069421
            12.362109375      0.1512704505467487      0.1512704505472398
            12.422265625      0.1503789837117167      0.1503789837120363
            12.482421875      0.1494700629675311      0.1494700629671518
            12.542578125      0.1485442080852008      0.1485442080851817
            12.602734375      0.1476019443470631      0.1476019443473281
            12.662890625      0.1466438020450283      0.1466438020447712
            12.723046875       0.145670315972926      0.1456703159732292
            12.783203125      0.1446820249273669       0.144682024927805
            12.843359375      0.1436794711980413      0.1436794711977022
            12.903515625      0.1426632000597613      0.1426632000594863
            12.963671875      0.1416337592699387      0.1416337592704281
            13.023828125      0.1405916985656264      0.1405916985657585
            13.083984375      0.1395375691564951      0.1395375691564396
            13.144140625      0.1384719232290099      0.1384719232293023
            13.204296875      0.1373953134521187      0.1373953134517048
            13.264453125      0.1363082924846394      0.1363082924840376
            13.324609375      0.1352114124899694      0.1352114124905638
            13.384765625       0.134105224659074      0.1341052246596456
            13.444921875      0.1329902787382732      0.1329902787377806
            13.505078125      0.1318671225546298      0.1318671225543006
            13.565234375      0.1307363015790876      0.1307363015791777
            13.625390625      0.1295983584390297      0.1295983584387723
            13.685546875      0.1284538325716915      0.1284538325716536
            13.745703125      0.1273032595473985      0.1273032595478462
            13.805859375      0.1261471713087991      0.1261471713085144
            13.866015625      0.1249860940142266      0.1249860940135603
            13.926171875      0.1238205522598825      0.1238205522599013
            13.986328125      0.1226510565289569      0.1226510565299747
            14.046484375      0.1214781348186354      0.1214781348188189
            14.106640625      0.1203022479166885      0.1203022479160854
            14.166796875      0.1191240113352814      0.1191240113354652
            14.226953125       0.117943625102836      0.1179436251029813
            14.287109375      0.1167622166993384      0.1167622166992932
            14.347265625      0.1155789441097869      0.1155789441102501
            14.407421875      0.1143993127687029      0.1143993127688145
            14.467578125      0.1131903775962507      0.1131903775957466
            14.527734375      0.1121109403645509      0.1121109403642238
            14.587890625      0.1109099348203871      0.1109099348206148
            14.648046875      0.1074226879850887      0.1074226879856177
            14.708203125     0.09745507218333094     0.09745507218332766
            14.768359375      0.4524697123343329      0.4524697123332824
            14.828515625      -63.49365970869718      -63.49365970860664
            14.888671875  -1.048079187824496e+64  -1.048079187803359e+64
            14.948828125                    -nan                    -nan
            15.008984375                    -nan                    -nan
            15.069140625                    -nan                    -nan
            15.129296875                    -nan                    -nan
            15.189453125                       0                       0
            15.249609375                       0                       0
            15.309765625                       0                       0
            15.369921875                       0                       0
            15.430078125                       0                       0
            15.490234375                       0                       0
            15.550390625                       0                       0
            15.610546875                       0                       0
