# File created on Wed Jul  8 11:31:11 2026
# Data for Inflation GW initial data initial data at coord time 0.0377973 and central proper time 0.0377973
# Evolved with (264,10,9) gridpoints (including 4 ghosts)
# Evolution with geodesic slicing and constant shift shift condition 
# data for phi = 3.14159
#              r           theta               Mom_r
#===============================================================
     0.030078125      0.78539816   0.0002547634127529016
     0.030078125       2.3561945   0.0002547634148245212

     0.090234375      0.78539816   0.0007646012491859771
     0.090234375       2.3561945   0.0007646012128033799

      0.15039062      0.78539816    0.001275371551814419
      0.15039062       2.3561945    0.001275371560882029

      0.21054687      0.78539816    0.001787694530273021
      0.21054687       2.3561945    0.001787694523648143

      0.27070312      0.78539816    0.002302187980323687
      0.27070312       2.3561945    0.002302187980210968

      0.33085938      0.78539816    0.002819466540553904
      0.33085938       2.3561945    0.002819466539597682

      0.39101563      0.78539816    0.003340140708057424
      0.39101563       2.3561945    0.003340140707526055

      0.45117188      0.78539816    0.003864815961637891
      0.45117188       2.3561945    0.003864815961244481

      0.51132813      0.78539816    0.004394091863603649
      0.51132813       2.3561945    0.004394091863252493

      0.57148438      0.78539816    0.004928561178509205
      0.57148438       2.3561945     0.00492856117829445

      0.63164063      0.78539816    0.005468809003414249
      0.63164063       2.3561945    0.005468809003264573

      0.69179687      0.78539816    0.006015411911401924
      0.69179687       2.3561945    0.006015411911252934

      0.75195312      0.78539816     0.00656893710973101
      0.75195312       2.3561945    0.006568937109657041

      0.81210938      0.78539816    0.007129941614560655
      0.81210938       2.3561945    0.007129941614410334

      0.87226563      0.78539816      0.0076989714433297
      0.87226563       2.3561945    0.007698971443186147

      0.93242188      0.78539816    0.008276560826529132
      0.93242188       2.3561945    0.008276560826530929

      0.99257812      0.78539816    0.008863231439283423
      0.99257812       2.3561945    0.008863231439257262

       1.0527344      0.78539816    0.009459491654240443
       1.0527344       2.3561945    0.009459491654283768

       1.1128906      0.78539816     0.01006583581837142
       1.1128906       2.3561945      0.0100658358183749

       1.1730469      0.78539816     0.01068274355220916
       1.1730469       2.3561945     0.01068274355209167

       1.2332031      0.78539816     0.01131067907489137
       1.2332031       2.3561945     0.01131067907495204

       1.2933594      0.78539816      0.0119500905551487
       1.2933594       2.3561945     0.01195009055525709

       1.3535156      0.78539816     0.01260140948813997
       1.3535156       2.3561945     0.01260140948817735

       1.4136719      0.78539816     0.01326505010149089
       1.4136719       2.3561945      0.0132650501015507

       1.4738281      0.78539816     0.01394140878901089
       1.4738281       2.3561945     0.01394140878908993

       1.5339844      0.78539816     0.01463086357281721
       1.5339844       2.3561945     0.01463086357295634

       1.5941406      0.78539816     0.01533377359705058
       1.5941406       2.3561945     0.01533377359710107

       1.6542969      0.78539816      0.0160504786518136
       1.6542969       2.3561945     0.01605047865182657

       1.7144531      0.78539816     0.01678129872660651
       1.7144531       2.3561945     0.01678129872657993

       1.7746094      0.78539816     0.01752653359702519
       1.7746094       2.3561945     0.01752653359686175

       1.8347656      0.78539816     0.01828646244243364
       1.8347656       2.3561945     0.01828646244233807

       1.8949219      0.78539816     0.01906134349619939
       1.8949219       2.3561945     0.01906134349611497

       1.9550781      0.78539816      0.0198514137285695
       1.9550781       2.3561945     0.01985141372844682

       2.0152344      0.78539816     0.02065688856132079
       2.0152344       2.3561945     0.02065688856146325

       2.0753906      0.78539816     0.02147796161617635
       2.0753906       2.3561945     0.02147796161659352

       2.1355469      0.78539816     0.02231480449582658
       2.1355469       2.3561945     0.02231480449560259

       2.1957031      0.78539816     0.02316756659632141
       2.1957031       2.3561945     0.02316756659603215

       2.2558594      0.78539816     0.02403637495437207
       2.2558594       2.3561945     0.02403637495457307

       2.3160156      0.78539816     0.02492133412702931
       2.3160156       2.3561945     0.02492133412658198

       2.3761719      0.78539816      0.0258225261001639
       2.3761719       2.3561945     0.02582252609995575

       2.4363281      0.78539816     0.02674001023435364
       2.4363281       2.3561945     0.02674001023483648

       2.4964844      0.78539816     0.02767382323896604
       2.4964844       2.3561945     0.02767382323911376

       2.5566406      0.78539816     0.02862397917755915
       2.5566406       2.3561945     0.02862397917737599

       2.6167969      0.78539816     0.02959046950712887
       2.6167969       2.3561945     0.02959046950678102

       2.6769531      0.78539816     0.03057326314352461
       2.6769531       2.3561945     0.03057326314333762

       2.7371094      0.78539816     0.03157230656110036
       2.7371094       2.3561945     0.03157230656091323

       2.7972656      0.78539816     0.03258752391948851
       2.7972656       2.3561945     0.03258752391930143

       2.8574219      0.78539816     0.03361881721852999
       2.8574219       2.3561945     0.03361881721861737

       2.9175781      0.78539816     0.03466606648353954
       2.9175781       2.3561945     0.03466606648342166

       2.9777344      0.78539816     0.03572912997453388
       2.9777344       2.3561945     0.03572912997460533

       3.0378906      0.78539816     0.03680784442641767
       3.0378906       2.3561945     0.03680784442665712

       3.0980469      0.78539816      0.0379020253126707
       3.0980469       2.3561945     0.03790202531258811

       3.1582031      0.78539816     0.03901146713228143
       3.1582031       2.3561945     0.03901146713218961

       3.2183594      0.78539816     0.04013594372440108
       3.2183594       2.3561945     0.04013594372436589

       3.2785156      0.78539816      0.0412752086054039
       3.2785156       2.3561945     0.04127520860522782

       3.3386719      0.78539816     0.04242899532848937
       3.3386719       2.3561945     0.04242899532824326

       3.3988281      0.78539816     0.04359701786296346
       3.3988281       2.3561945     0.04359701786305707

       3.4589844      0.78539816     0.04477897099734598
       3.4589844       2.3561945      0.0447789709975264

       3.5191406      0.78539816     0.04597453076085441
       3.5191406       2.3561945     0.04597453076083163

       3.5792969      0.78539816     0.04718335486329406
       3.5792969       2.3561945     0.04718335486330041

       3.6394531      0.78539816     0.04840508315415226
       3.6394531       2.3561945     0.04840508315443973

       3.6996094      0.78539816     0.04963933809814536
       3.6996094       2.3561945     0.04963933809863355

       3.7597656      0.78539816     0.05088572526778832
       3.7597656       2.3561945     0.05088572526785762

       3.8199219      0.78539816     0.05214383384759804
       3.8199219       2.3561945     0.05214383384764836

       3.8800781      0.78539816     0.05341323715748986
       3.8800781       2.3561945     0.05341323715770661

       3.9402344      0.78539816     0.05469349318712623
       3.9402344       2.3561945     0.05469349318733041

       4.0003906      0.78539816     0.05598414514019553
       4.0003906       2.3561945     0.05598414514052469

       4.0605469      0.78539816     0.05728472199466549
       4.0605469       2.3561945     0.05728472199471048

       4.1207031      0.78539816     0.05859473906883295
       4.1207031       2.3561945      0.0585947390689196

       4.1808594      0.78539816     0.05991369860033683
       4.1808594       2.3561945      0.0599136986006331

       4.2410156      0.78539816     0.06124109033251668
       4.2410156       2.3561945     0.06124109033254886

       4.3011719      0.78539816     0.06257639210577785
       4.3011719       2.3561945     0.06257639210579753

       4.3613281      0.78539816     0.06391907046059786
       4.3613281       2.3561945     0.06391907046090846

       4.4214844      0.78539816     0.06526858124276103
       4.4214844       2.3561945     0.06526858124339295

       4.4816406      0.78539816     0.06662437021368965
       4.4816406       2.3561945     0.06662437021441489

       4.5417969      0.78539816     0.06798587366699699
       4.5417969       2.3561945     0.06798587366686053

       4.6019531      0.78539816     0.06935251904475503
       4.6019531       2.3561945     0.06935251904434137

       4.6621094      0.78539816     0.07072372555956609
       4.6621094       2.3561945     0.07072372555960593

       4.7222656      0.78539816     0.07209890481835413
       4.7222656       2.3561945      0.0720989048187074

       4.7824219      0.78539816     0.07347746144257775
       4.7824219       2.3561945     0.07347746144274769

       4.8425781      0.78539816     0.07485879369116689
       4.8425781       2.3561945     0.07485879369127943

       4.9027344      0.78539816     0.07624229408635909
       4.9027344       2.3561945     0.07624229408706287

       4.9628906      0.78539816     0.07762735003332547
       4.9628906       2.3561945     0.07762735003321705

       5.0230469      0.78539816     0.07901334443528191
       5.0230469       2.3561945     0.07901334443476388

       5.0832031      0.78539816     0.08039965631283286
       5.0832031       2.3561945     0.08039965631251678

       5.1433594      0.78539816     0.08178566141707901
       5.1433594       2.3561945       0.081785661416268

       5.2035156      0.78539816     0.08317073283539302
       5.2035156       2.3561945     0.08317073283541529

       5.2636719      0.78539816     0.08455424159642798
       5.2636719       2.3561945     0.08455424159714628

       5.3238281      0.78539816     0.08593555726778371
       5.3238281       2.3561945     0.08593555726761409

       5.3839844      0.78539816     0.08731404854567702
       5.3839844       2.3561945     0.08731404854578662

       5.4441406      0.78539816     0.08868908384651447
       5.4441406       2.3561945     0.08868908384684625

       5.5042969      0.78539816     0.09006003188067013
       5.5042969       2.3561945     0.09006003188041023

       5.5644531      0.78539816     0.09142626222227454
       5.5644531       2.3561945     0.09142626222176543

       5.6246094      0.78539816     0.09278714587830425
       5.6246094       2.3561945     0.09278714587793886

       5.6847656      0.78539816     0.09414205583769672
       5.6847656       2.3561945     0.09414205583847331

       5.7449219      0.78539816     0.09549036762005275
       5.7449219       2.3561945      0.0954903676206858

       5.8050781      0.78539816     0.09683145981215288
       5.8050781       2.3561945     0.09683145981192237

       5.8652344      0.78539816     0.09816471459092252
       5.8652344       2.3561945      0.0981647145911701

       5.9253906      0.78539816     0.09948951824478829
       5.9253906       2.3561945     0.09948951824502286

       5.9855469      0.78539816      0.1008052616781897
       5.9855469       2.3561945      0.1008052616782213

       6.0457031      0.78539816      0.1021113409055742
       6.0457031       2.3561945      0.1021113409062212

       6.1058594      0.78539816      0.1034071575387301
       6.1058594       2.3561945      0.1034071575382042

       6.1660156      0.78539816      0.1046921192558253
       6.1660156       2.3561945      0.1046921192550188

       6.2261719      0.78539816      0.1059656402659664
       6.2261719       2.3561945      0.1059656402660714

       6.2863281      0.78539816      0.1072271417583838
       6.2863281       2.3561945       0.107227141758494

       6.3464844      0.78539816       0.108476052339425
       6.3464844       2.3561945      0.1084760523396888

       6.4066406      0.78539816      0.1097118084574357
       6.4066406       2.3561945      0.1097118084571792

       6.4667969      0.78539816      0.1109338548134588
       6.4667969       2.3561945      0.1109338548132155

       6.5269531      0.78539816      0.1121416447661743
       6.5269531       2.3561945      0.1121416447664726

       6.5871094      0.78539816      0.1133346407157986
       6.5871094       2.3561945      0.1133346407155602

       6.6472656      0.78539816      0.1145123144765029
       6.6472656       2.3561945      0.1145123144757362

       6.7074219      0.78539816      0.1156741476403937
       6.7074219       2.3561945       0.115674147640163

       6.7675781      0.78539816       0.116819631924845
       6.7675781       2.3561945      0.1168196319244629

       6.8277344      0.78539816      0.1179482695056372
       6.8277344       2.3561945      0.1179482695056114

       6.8878906      0.78539816      0.1190595733409177
       6.8878906       2.3561945      0.1190595733414597

       6.9480469      0.78539816      0.1201530674762797
       6.9480469       2.3561945      0.1201530674766354

       7.0082031      0.78539816      0.1212282873385664
       7.0082031       2.3561945      0.1212282873380895

       7.0683594      0.78539816      0.1222847800196095
       7.0683594       2.3561945      0.1222847800185773

       7.1285156      0.78539816      0.1233221045397366
       7.1285156       2.3561945      0.1233221045394986

       7.1886719      0.78539816      0.1243398321054076
       7.1886719       2.3561945      0.1243398321050614

       7.2488281      0.78539816      0.1253375463480411
       7.2488281       2.3561945      0.1253375463479852

       7.3089844      0.78539816      0.1263148435472065
       7.3089844       2.3561945      0.1263148435471865

       7.3691406      0.78539816      0.1272713328487372
       7.3691406       2.3561945      0.1272713328487303

       7.4292969      0.78539816      0.1282066364629193
       7.4292969       2.3561945      0.1282066364629483

       7.4894531      0.78539816      0.1291203898490228
       7.4894531       2.3561945      0.1291203898481069

       7.5496094      0.78539816      0.1300122418889001
       7.5496094       2.3561945      0.1300122418885225

       7.6097656      0.78539816      0.1308818550481016
       7.6097656       2.3561945      0.1308818550483413

       7.6699219      0.78539816      0.1317289055239557
       7.6699219       2.3561945      0.1317289055241395

       7.7300781      0.78539816      0.1325530833750072
       7.7300781       2.3561945        0.13255308337481

       7.7902344      0.78539816      0.1333540926431402
       7.7902344       2.3561945      0.1333540926428792

       7.8503906      0.78539816      0.1341316514638999
       7.8503906       2.3561945      0.1341316514645235

       7.9105469      0.78539816      0.1348854921583205
       7.9105469       2.3561945      0.1348854921580625

       7.9707031      0.78539816      0.1356153613155505
       7.9707031       2.3561945      0.1356153613147848

       8.0308594      0.78539816      0.1363210198655799
       8.0308594       2.3561945      0.1363210198659465

       8.0910156      0.78539816      0.1370022431361576
       8.0910156       2.3561945      0.1370022431365839

       8.1511719      0.78539816      0.1376588208943437
       8.1511719       2.3561945      0.1376588208949623

       8.2113281      0.78539816       0.138290557384327
       8.2113281       2.3561945      0.1382905573847997

       8.2714844      0.78539816      0.1388972713491018
       8.2714844       2.3561945      0.1388972713487635

       8.3316406      0.78539816      0.1394787960358144
       8.3316406       2.3561945      0.1394787960356248

       8.3917969      0.78539816      0.1400349791997983
       8.3917969       2.3561945      0.1400349791993878

       8.4519531      0.78539816      0.1405656830893191
       8.4519531       2.3561945      0.1405656830885555

       8.5121094      0.78539816      0.1410707844196255
       8.5121094       2.3561945      0.1410707844193796

       8.5722656      0.78539816      0.1415501743426514
       8.5722656       2.3561945      0.1415501743418558

       8.6324219      0.78539816       0.142003758396287
       8.6324219       2.3561945      0.1420037583959098

       8.6925781      0.78539816      0.1424314564518288
       8.6925781       2.3561945      0.1424314564525662

       8.7527344      0.78539816      0.1428332026476484
       8.7527344       2.3561945       0.142833202647607

       8.8128906      0.78539816      0.1432089453077359
       8.8128906       2.3561945      0.1432089453073233

       8.8730469      0.78539816      0.1435586468607211
       8.8730469       2.3561945      0.1435586468608143

       8.9332031      0.78539816      0.1438822837414719
       8.9332031       2.3561945      0.1438822837416274

       8.9933594      0.78539816      0.1441798462835363
       8.9933594       2.3561945      0.1441798462837948

       9.0535156      0.78539816      0.1444513386079263
       9.0535156       2.3561945      0.1444513386086618

       9.1136719      0.78539816      0.1446967784970289
       9.1136719       2.3561945      0.1446967784971791

       9.1738281      0.78539816      0.1449161972600112
       9.1738281       2.3561945      0.1449161972587513

       9.2339844      0.78539816      0.1451096395942807
       9.2339844       2.3561945       0.145109639593219

       9.2941406      0.78539816       0.145277163435112
       9.2941406       2.3561945      0.1452771634350612

       9.3542969      0.78539816      0.1454188397979021
       9.3542969       2.3561945      0.1454188397977252

       9.4144531      0.78539816      0.1455347526116373
       9.4144531       2.3561945      0.1455347526117609

       9.4746094      0.78539816      0.1456249985459218
       9.4746094       2.3561945      0.1456249985465444

       9.5347656      0.78539816      0.1456896868325059
       9.5347656       2.3561945      0.1456896868324593

       9.5949219      0.78539816      0.1457289390729493
       9.5949219       2.3561945      0.1457289390729674

       9.6550781      0.78539816      0.1457428890471531
       9.6550781       2.3561945      0.1457428890473147

       9.7152344      0.78539816      0.1457316825135433
       9.7152344       2.3561945      0.1457316825132087

       9.7753906      0.78539816      0.1456954769977637
       9.7753906       2.3561945      0.1456954769976548

       9.8355469      0.78539816      0.1456344415802897
       9.8355469       2.3561945      0.1456344415803067

       9.8957031      0.78539816      0.1455487566761985
       9.8957031       2.3561945      0.1455487566761632

       9.9558594      0.78539816      0.1454386138124807
       9.9558594       2.3561945      0.1454386138124117

       10.016016      0.78539816      0.1453042153926811
       10.016016       2.3561945      0.1453042153926277

       10.076172      0.78539816      0.1451457744622114
       10.076172       2.3561945      0.1451457744615629

       10.136328      0.78539816      0.1449635144704109
       10.136328       2.3561945       0.144963514469975

       10.196484      0.78539816       0.144757669020284
       10.196484       2.3561945      0.1447576690211316

       10.256641      0.78539816      0.1445284816227811
       10.256641       2.3561945      0.1445284816232215

       10.316797      0.78539816      0.1442762054375494
       10.316797       2.3561945       0.144276205437752

       10.376953      0.78539816      0.1440011030178797
       10.376953       2.3561945      0.1440011030185921

       10.437109      0.78539816      0.1437034460504232
       10.437109       2.3561945      0.1437034460504685

       10.497266      0.78539816      0.1433835150829207
       10.497266       2.3561945      0.1433835150830007

       10.557422      0.78539816      0.1430415992619251
       10.557422       2.3561945      0.1430415992627858

       10.617578      0.78539816      0.1426779960611389
       10.617578       2.3561945       0.142677996061477

       10.677734      0.78539816      0.1422930110003635
       10.677734       2.3561945      0.1422930110003067

       10.737891      0.78539816      0.1418869573730697
       10.737891       2.3561945      0.1418869573724442

       10.798047      0.78539816      0.1414601559703495
       10.798047       2.3561945      0.1414601559696715

       10.858203      0.78539816      0.1410129347923174
       10.858203       2.3561945      0.1410129347925392

       10.918359      0.78539816      0.1405456287695628
       10.918359       2.3561945      0.1405456287698906

       10.978516      0.78539816      0.1400585794777091
       10.978516       2.3561945      0.1400585794781035

       11.038672      0.78539816      0.1395521348494606
       11.038672       2.3561945      0.1395521348494946

       11.098828      0.78539816      0.1390266488888726
       11.098828       2.3561945      0.1390266488887021

       11.158984      0.78539816      0.1384824813836412
       11.158984       2.3561945       0.138482481383632

       11.219141      0.78539816      0.1379199976153525
       11.219141       2.3561945      0.1379199976147944

       11.279297      0.78539816      0.1373395680680951
       11.279297       2.3561945      0.1373395680678319

       11.339453      0.78539816      0.1367415681430494
       11.339453       2.3561945        0.13674156814328

       11.399609      0.78539816      0.1361263778659575
       11.399609       2.3561945      0.1361263778655366

       11.459766      0.78539816      0.1354943815977111
       11.459766       2.3561945      0.1354943815976297

       11.519922      0.78539816       0.134845967746084
       11.519922       2.3561945      0.1348459677464452

       11.580078      0.78539816      0.1341815284763105
       11.580078       2.3561945      0.1341815284771403

       11.640234      0.78539816      0.1335014594258548
       11.640234       2.3561945      0.1335014594253881

       11.700391      0.78539816      0.1328061594133768
       11.700391       2.3561945      0.1328061594112603

       11.760547      0.78539816      0.1320960301536294
       11.760547       2.3561945      0.1320960301535712

       11.820703      0.78539816      0.1313714759800723
       11.820703       2.3561945      0.1313714759807884

       11.880859      0.78539816      0.1306329035569495
       11.880859       2.3561945      0.1306329035556769

       11.941016      0.78539816      0.1298807215922869
       11.941016       2.3561945      0.1298807215915615

       12.001172      0.78539816       0.129115340571445
       12.001172       2.3561945      0.1291153405725325

       12.061328      0.78539816      0.1283371724768952
       12.061328       2.3561945      0.1283371724761747

       12.121484      0.78539816      0.1275466305017386
       12.121484       2.3561945      0.1275466305012212

       12.181641      0.78539816      0.1267441287951298
       12.181641       2.3561945      0.1267441287959421

       12.241797      0.78539816      0.1259300821864566
       12.241797       2.3561945      0.1259300821865008

       12.301953      0.78539816      0.1251049059120191
       12.301953       2.3561945      0.1251049059123485

       12.362109      0.78539816      0.1242690153613842
       12.362109       2.3561945       0.124269015361525

       12.422266      0.78539816      0.1234228258126788
       12.422266       2.3561945      0.1234228258121965

       12.482422      0.78539816      0.1225667521748144
       12.482422       2.3561945      0.1225667521741722

       12.542578      0.78539816      0.1217012087361545
       12.542578       2.3561945      0.1217012087369126

       12.602734      0.78539816       0.120826608916733
       12.602734       2.3561945      0.1208266089174274

       12.662891      0.78539816      0.1199433650170663
       12.662891       2.3561945       0.119943365016096

       12.723047      0.78539816      0.1190518879773419
       12.723047       2.3561945      0.1190518879768703

       12.783203      0.78539816      0.1181525871421117
       12.783203       2.3561945      0.1181525871427075

       12.843359      0.78539816       0.117245870026308
       12.843359       2.3561945      0.1172458700269281

       12.903516      0.78539816      0.1163321420837661
       12.903516       2.3561945      0.1163321420839245

       12.963672      0.78539816      0.1154118064806084
       12.963672       2.3561945      0.1154118064809345

       13.023828      0.78539816      0.1144852638794523
       13.023828       2.3561945      0.1144852638795749

       13.083984      0.78539816      0.1135529122204817
       13.083984       2.3561945      0.1135529122200632

       13.144141      0.78539816      0.1126151465093549
       13.144141       2.3561945      0.1126151465100392

       13.204297      0.78539816      0.1116723586160157
       13.204297       2.3561945      0.1116723586164387

       13.264453      0.78539816       0.110724937069226
       13.264453       2.3561945      0.1107249370682676

       13.324609      0.78539816      0.1097732668589491
       13.324609       2.3561945      0.1097732668593376

       13.384766      0.78539816      0.1088177292532727
       13.384766       2.3561945      0.1088177292529159

       13.444922      0.78539816      0.1078587016050125
       13.444922       2.3561945      0.1078587016033845

       13.505078      0.78539816      0.1068965571794448
       13.505078       2.3561945      0.1068965571800052

       13.565234      0.78539816      0.1059316649582594
       13.565234       2.3561945      0.1059316649595297

       13.625391      0.78539816      0.1049643895376572
       13.625391       2.3561945      0.1049643895373644

       13.685547      0.78539816      0.1039950907839901
       13.685547       2.3561945      0.1039950907828611

       13.745703      0.78539816      0.1030241241434243
       13.745703       2.3561945       0.103024124143468

       13.805859      0.78539816      0.1020518392722795
       13.805859       2.3561945      0.1020518392730646

       13.866016      0.78539816      0.1010785830815764
       13.866016       2.3561945      0.1010785830816847

       13.926172      0.78539816      0.1001046912522424
       13.926172       2.3561945      0.1001046912523525

       13.986328      0.78539816     0.09913050985062816
       13.986328       2.3561945     0.09913050985009496

       14.046484      0.78539816     0.09815633867283749
       14.046484       2.3561945     0.09815633867160983

       14.106641      0.78539816     0.09718257761255095
       14.106641       2.3561945     0.09718257761268237

       14.166797      0.78539816      0.0962093479702983
       14.166797       2.3561945     0.09620934797223425

       14.226953      0.78539816      0.0952374680520644
       14.226953       2.3561945     0.09523746805272226

       14.287109      0.78539816     0.09426594505721719
       14.287109       2.3561945     0.09426594505578915

       14.347266      0.78539816      0.0932984046285768
       14.347266       2.3561945     0.09329840462855153

       14.407422      0.78539816     0.09232665035431774
       14.407422       2.3561945     0.09232665035590734

       14.467578      0.78539816     0.09137259322076539
       14.467578       2.3561945     0.09137259322154266

       14.527734      0.78539816     0.09038158601525052
       14.527734       2.3561945     0.09038158601481253

       14.587891      0.78539816     0.08949309276638732
       14.587891       2.3561945     0.08949309276571044

       14.648047      0.78539816     0.08835554538259915
       14.648047       2.3561945     0.08835554538205438

       14.708203      0.78539816     0.08785640925360316
       14.708203       2.3561945      0.0878564092534581

       14.768359      0.78539816     0.08576410159541684
       14.768359       2.3561945     0.08576410159467464

       14.828516      0.78539816     0.08768037841637924
       14.828516       2.3561945     0.08768037841631214

       14.888672      0.78539816     0.07957936467131796
       14.888672       2.3561945     0.07957936467181773

       14.948828      0.78539816     0.09649313042752532
       14.948828       2.3561945     0.09649313042626809

       15.008984      0.78539816     0.05110538442149559
       15.008984       2.3561945     0.05110538442169018

       15.069141      0.78539816       0.160792211775404
       15.069141       2.3561945      0.1607922117770995

       15.129297      0.78539816     -0.1136304978093735
       15.129297       2.3561945     -0.1136304978100351

       15.189453      0.78539816                       0
       15.189453       2.3561945                       0

       15.249609      0.78539816                       0
       15.249609       2.3561945                       0

       15.309766      0.78539816                       0
       15.309766       2.3561945                       0

       15.369922      0.78539816                       0
       15.369922       2.3561945                       0

       15.430078      0.78539816                       0
       15.430078       2.3561945                       0

       15.490234      0.78539816                       0
       15.490234       2.3561945                       0

       15.550391      0.78539816                       0
       15.550391       2.3561945                       0

       15.610547      0.78539816                       0
       15.610547       2.3561945                       0

