# File created on Wed Jul  8 11:31:14 2026
# Data for Inflation GW initial data initial data at coord time 0.163788 and central proper time 0.163788
# Evolved with (264,10,9) gridpoints (including 4 ghosts)
# Evolution with geodesic slicing and constant shift shift condition 
# data for phi = 3.14159
#              r           theta               Mom_t
#===============================================================
     0.025065104      0.78539816   -3.65433286840574e-11
     0.025065104       2.3561945  -3.688106748578955e-11

     0.075195312      0.78539816   8.434589065052805e-12
     0.075195312       2.3561945   8.417329118106201e-12

      0.12532552      0.78539816    9.15971923311236e-12
      0.12532552       2.3561945    9.17398482528217e-12

      0.17545573      0.78539816  -2.937773836925894e-12
      0.17545573       2.3561945  -2.930095160220232e-12

      0.22558594      0.78539816   -5.05173982960059e-12
      0.22558594       2.3561945  -5.047280128251557e-12

      0.27571615      0.78539816  -4.528243322247088e-13
      0.27571615       2.3561945  -4.504311991477786e-13

      0.32584635      0.78539816  -9.260322293035808e-14
      0.32584635       2.3561945  -9.507889481645915e-14

      0.37597656      0.78539816  -4.785945611245291e-13
      0.37597656       2.3561945   -4.72787174773145e-13

      0.42610677      0.78539816  -1.481937794314311e-14
      0.42610677       2.3561945  -1.909942044051569e-14

      0.47623698      0.78539816   5.972596301495843e-14
      0.47623698       2.3561945   6.358659773416693e-14

      0.52636719      0.78539816   6.420060151799004e-14
      0.52636719       2.3561945    5.94602945875731e-14

       0.5764974      0.78539816   9.456836773699101e-14
       0.5764974       2.3561945   9.855997767613262e-14

       0.6266276      0.78539816   1.181559516236814e-13
       0.6266276       2.3561945   1.118351804706242e-13

      0.67675781      0.78539816     1.1932746876171e-13
      0.67675781       2.3561945    1.18323557939167e-13

      0.72688802      0.78539816    1.21753798064187e-13
      0.72688802       2.3561945   1.256938454535719e-13

      0.77701823      0.78539816   1.283647534587158e-13
      0.77701823       2.3561945   1.259585410212963e-13

      0.82714844      0.78539816   1.263312516410359e-13
      0.82714844       2.3561945   1.278283256029276e-13

      0.87727865      0.78539816   1.201876916098212e-13
      0.87727865       2.3561945   1.191023057698898e-13

      0.92740885      0.78539816   1.200152646560878e-13
      0.92740885       2.3561945   1.222325285566717e-13

      0.97753906      0.78539816   1.213062344220661e-13
      0.97753906       2.3561945   1.186391450594274e-13

       1.0276693      0.78539816   1.137974449592261e-13
       1.0276693       2.3561945   1.160933309226588e-13

       1.0777995      0.78539816   1.125964190122633e-13
       1.0777995       2.3561945   1.109094764752272e-13

       1.1279297      0.78539816   1.092273942483669e-13
       1.1279297       2.3561945   1.096591478441695e-13

       1.1780599      0.78539816   1.066121343480549e-13
       1.1780599       2.3561945   1.081060210367482e-13

       1.2281901      0.78539816   1.035606963281328e-13
       1.2281901       2.3561945   1.029314385428867e-13

       1.2783203      0.78539816   1.008389260707946e-13
       1.2783203       2.3561945   1.010875009377253e-13

       1.3284505      0.78539816   9.628262554618741e-14
       1.3284505       2.3561945   9.669168874908118e-14

       1.3785807      0.78539816   9.587361393958456e-14
       1.3785807       2.3561945   9.173505820101842e-14

       1.4287109      0.78539816    9.14183066547614e-14
       1.4287109       2.3561945   9.497137362120633e-14

       1.4788411      0.78539816   9.020200766200776e-14
       1.4788411       2.3561945   9.107976879655759e-14

       1.5289714      0.78539816   8.689770613943795e-14
       1.5289714       2.3561945   8.567197708126899e-14

       1.5791016      0.78539816   8.606494912591188e-14
       1.5791016       2.3561945   8.507571289693787e-14

       1.6292318      0.78539816   8.267585471130585e-14
       1.6292318       2.3561945   8.444342165420745e-14

        1.679362      0.78539816   7.952108919139834e-14
        1.679362       2.3561945   7.893951128419614e-14

       1.7294922      0.78539816   7.756510134667975e-14
       1.7294922       2.3561945   7.622802469278811e-14

       1.7796224      0.78539816   7.574348440492524e-14
       1.7796224       2.3561945   7.782198223132076e-14

       1.8297526      0.78539816   7.358309387706047e-14
       1.8297526       2.3561945   7.197842888056715e-14

       1.8798828      0.78539816   7.434719693134213e-14
       1.8798828       2.3561945   7.409879874338389e-14

        1.930013      0.78539816   6.881368863370998e-14
        1.930013       2.3561945   7.194406328714716e-14

       1.9801432      0.78539816   6.987062736081525e-14
       1.9801432       2.3561945   6.746061202713848e-14

       2.0302734      0.78539816   6.636792821375308e-14
       2.0302734       2.3561945   6.583549985847669e-14

       2.0804036      0.78539816   6.691070001210011e-14
       2.0804036       2.3561945    6.72698142099951e-14

       2.1305339      0.78539816   6.548806653943385e-14
       2.1305339       2.3561945   6.487631144132429e-14

       2.1806641      0.78539816   6.114394277038258e-14
       2.1806641       2.3561945   6.078369075606407e-14

       2.2307943      0.78539816   5.955289126112657e-14
       2.2307943       2.3561945   6.201919912907378e-14

       2.2809245      0.78539816   6.156295893522274e-14
       2.2809245       2.3561945   6.039371764071364e-14

       2.3310547      0.78539816    5.84973005540358e-14
       2.3310547       2.3561945   5.932433563008936e-14

       2.3811849      0.78539816   5.852886346029288e-14
       2.3811849       2.3561945    5.57538366938244e-14

       2.4313151      0.78539816   5.567294394082876e-14
       2.4313151       2.3561945    5.77943322925235e-14

       2.4814453      0.78539816   5.525955355211956e-14
       2.4814453       2.3561945    5.36796088330106e-14

       2.5315755      0.78539816   5.261802555619423e-14
       2.5315755       2.3561945   5.384381259047625e-14

       2.5817057      0.78539816   5.080373019587313e-14
       2.5817057       2.3561945   5.132895989284259e-14

       2.6318359      0.78539816   5.270365255505599e-14
       2.6318359       2.3561945   5.246549691702439e-14

       2.6819661      0.78539816   4.911048728278145e-14
       2.6819661       2.3561945   4.891879497197987e-14

       2.7320964      0.78539816   4.888048491523848e-14
       2.7320964       2.3561945   4.938275924950494e-14

       2.7822266      0.78539816   4.700736368370237e-14
       2.7822266       2.3561945   4.784564861986255e-14

       2.8323568      0.78539816   4.978841712744409e-14
       2.8323568       2.3561945   4.706272800499671e-14

        2.882487      0.78539816   4.462583643633885e-14
        2.882487       2.3561945   4.577948118381892e-14

       2.9326172      0.78539816   4.466868115083473e-14
       2.9326172       2.3561945   4.622717769756245e-14

       2.9827474      0.78539816   4.665732575686595e-14
       2.9827474       2.3561945   4.353192271217582e-14

       3.0328776      0.78539816   4.354789386988708e-14
       3.0328776       2.3561945   4.448513773893127e-14

       3.0830078      0.78539816   4.167985506683328e-14
       3.0830078       2.3561945    4.35673174873289e-14

        3.133138      0.78539816   4.360224858864703e-14
        3.133138       2.3561945   4.128554034357102e-14

       3.1832682      0.78539816   4.140429606311498e-14
       3.1832682       2.3561945   4.215093214355044e-14

       3.2333984      0.78539816   3.905438759251182e-14
       3.2333984       2.3561945   4.027783747897361e-14

       3.2835286      0.78539816   4.081543163752092e-14
       3.2835286       2.3561945   4.025233528296483e-14

       3.3336589      0.78539816   3.900430778298616e-14
       3.3336589       2.3561945    3.96850795337355e-14

       3.3837891      0.78539816   3.990985185078941e-14
       3.3837891       2.3561945   3.793074351318802e-14

       3.4339193      0.78539816   3.802308355790376e-14
       3.4339193       2.3561945   3.993912422085623e-14

       3.4840495      0.78539816   3.804890323201641e-14
       3.4840495       2.3561945   3.709660182268221e-14

       3.5341797      0.78539816   3.722750417414294e-14
       3.5341797       2.3561945   3.683618011019046e-14

       3.5843099      0.78539816   3.755700287463375e-14
       3.5843099       2.3561945   3.739380730404521e-14

       3.6344401      0.78539816   3.594185378124989e-14
       3.6344401       2.3561945   3.700663498458484e-14

       3.6845703      0.78539816   3.562135939506653e-14
       3.6845703       2.3561945   3.568447507176318e-14

       3.7347005      0.78539816   3.586006465639136e-14
       3.7347005       2.3561945   3.523347007065618e-14

       3.7848307      0.78539816   3.563441938786315e-14
       3.7848307       2.3561945    3.57320755860256e-14

       3.8349609      0.78539816   3.370125326240119e-14
       3.8349609       2.3561945   3.458418163993194e-14

       3.8850911      0.78539816   3.530857929965688e-14
       3.8850911       2.3561945   3.444590860779297e-14

       3.9352214      0.78539816   3.478098125361042e-14
       3.9352214       2.3561945   3.477692809694908e-14

       3.9853516      0.78539816    3.35624828164236e-14
       3.9853516       2.3561945   3.368458030714288e-14

       4.0354818      0.78539816   3.246860916572568e-14
       4.0354818       2.3561945   3.308876341724633e-14

        4.085612      0.78539816   3.342877571993348e-14
        4.085612       2.3561945   3.242796269279379e-14

       4.1357422      0.78539816    3.25901755689532e-14
       4.1357422       2.3561945   3.288503203135358e-14

       4.1858724      0.78539816   3.236511912737889e-14
       4.1858724       2.3561945   3.155638553240009e-14

       4.2360026      0.78539816   3.228077124440473e-14
       4.2360026       2.3561945   3.266646432491318e-14

       4.2861328      0.78539816   3.262421725176155e-14
       4.2861328       2.3561945   3.335688579425547e-14

        4.336263      0.78539816    3.37281500145357e-14
        4.336263       2.3561945   3.287152513996664e-14

       4.3863932      0.78539816   3.242499442649291e-14
       4.3863932       2.3561945   3.311760079711546e-14

       4.4365234      0.78539816   3.243826799197322e-14
       4.4365234       2.3561945   3.211977104304423e-14

       4.4866536      0.78539816   3.165857810886843e-14
       4.4866536       2.3561945   3.150138894868679e-14

       4.5367839      0.78539816   3.117136557788052e-14
       4.5367839       2.3561945   3.098295341330713e-14

       4.5869141      0.78539816   3.118061778646548e-14
       4.5869141       2.3561945   3.173989560013775e-14

       4.6370443      0.78539816   3.172582213780688e-14
       4.6370443       2.3561945   3.227928304374217e-14

       4.6871745      0.78539816   3.171260437095852e-14
       4.6871745       2.3561945   3.125303268465335e-14

       4.7373047      0.78539816   2.997871274413586e-14
       4.7373047       2.3561945   3.018499812083754e-14

       4.7874349      0.78539816   3.092466667488946e-14
       4.7874349       2.3561945    3.01665119677582e-14

       4.8375651      0.78539816   3.028851366545216e-14
       4.8375651       2.3561945   3.021616781091265e-14

       4.8876953      0.78539816   2.852703221013637e-14
       4.8876953       2.3561945   2.949347381509795e-14

       4.9378255      0.78539816   2.955324402979287e-14
       4.9378255       2.3561945   2.861293896752908e-14

       4.9879557      0.78539816   2.730073563845655e-14
       4.9879557       2.3561945    2.76339072465371e-14

       5.0380859      0.78539816   2.797056071913988e-14
       5.0380859       2.3561945   2.782255028041694e-14

       5.0882161      0.78539816   2.809333556475125e-14
       5.0882161       2.3561945   2.791080614024265e-14

       5.1383464      0.78539816   2.727128498671433e-14
       5.1383464       2.3561945   2.846297954152994e-14

       5.1884766      0.78539816   2.657815723052552e-14
       5.1884766       2.3561945   2.616610210546636e-14

       5.2386068      0.78539816   2.530571026901351e-14
       5.2386068       2.3561945   2.546802899748564e-14

        5.288737      0.78539816   2.684921686255193e-14
        5.288737       2.3561945   2.635792345845334e-14

       5.3388672      0.78539816   2.539882233129118e-14
       5.3388672       2.3561945   2.567067163876455e-14

       5.3889974      0.78539816   2.490564021157439e-14
       5.3889974       2.3561945   2.363904657556654e-14

       5.4391276      0.78539816   2.416126809835918e-14
       5.4391276       2.3561945   2.500481175910054e-14

       5.4892578      0.78539816   2.360136831822539e-14
       5.4892578       2.3561945    2.45220985776477e-14

        5.539388      0.78539816   2.343047699110134e-14
        5.539388       2.3561945   2.258649045015521e-14

       5.5895182      0.78539816    2.46835908161994e-14
       5.5895182       2.3561945   2.444828334307121e-14

       5.6396484      0.78539816   2.511883221360383e-14
       5.6396484       2.3561945   2.453499276786091e-14

       5.6897786      0.78539816    2.22921916636588e-14
       5.6897786       2.3561945   2.436653426624477e-14

       5.7399089      0.78539816   2.339118272556875e-14
       5.7399089       2.3561945   2.194790376760296e-14

       5.7900391      0.78539816   2.268424159423398e-14
       5.7900391       2.3561945   2.312043247636252e-14

       5.8401693      0.78539816     2.3056155467453e-14
       5.8401693       2.3561945   2.194673074911473e-14

       5.8902995      0.78539816     2.2286562608352e-14
       5.8902995       2.3561945   2.337635350045614e-14

       5.9404297      0.78539816   2.351684904169278e-14
       5.9404297       2.3561945   2.305903460093111e-14

       5.9905599      0.78539816   2.153778465904639e-14
       5.9905599       2.3561945   2.246977598267467e-14

       6.0406901      0.78539816   2.218303460869619e-14
       6.0406901       2.3561945    2.09808723542443e-14

       6.0908203      0.78539816   2.197460108056605e-14
       6.0908203       2.3561945   2.297199574160992e-14

       6.1409505      0.78539816   2.118806078590261e-14
       6.1409505       2.3561945   2.081959621694757e-14

       6.1910807      0.78539816    2.19913169089854e-14
       6.1910807       2.3561945   2.111239278739482e-14

       6.2412109      0.78539816    2.18095939793188e-14
       6.2412109       2.3561945   2.221696706634595e-14

       6.2913411      0.78539816   2.039762549674654e-14
       6.2913411       2.3561945   2.115904926417088e-14

       6.3414714      0.78539816   2.165839996097115e-14
       6.3414714       2.3561945   2.067608296512503e-14

       6.3916016      0.78539816   2.087206137342948e-14
       6.3916016       2.3561945   2.109796849581715e-14

       6.4417318      0.78539816   2.035305907042852e-14
       6.4417318       2.3561945   2.091639632806542e-14

        6.491862      0.78539816   2.099946615304299e-14
        6.491862       2.3561945   1.937610887160188e-14

       6.5419922      0.78539816   1.907978776781015e-14
       6.5419922       2.3561945   2.068190294858797e-14

       6.5921224      0.78539816   2.042617746704963e-14
       6.5921224       2.3561945   2.053026555416395e-14

       6.6422526      0.78539816   1.948571463045233e-14
       6.6422526       2.3561945   1.967806102588129e-14

       6.6923828      0.78539816   2.042871675810331e-14
       6.6923828       2.3561945   1.965315149970641e-14

        6.742513      0.78539816   2.037609678551005e-14
        6.742513       2.3561945   2.066731452040488e-14

       6.7926432      0.78539816   1.990283456990846e-14
       6.7926432       2.3561945   1.904434391736313e-14

       6.8427734      0.78539816   1.920143637121223e-14
       6.8427734       2.3561945    2.01757408658278e-14

       6.8929036      0.78539816   2.040090703267482e-14
       6.8929036       2.3561945    2.01044112017926e-14

       6.9430339      0.78539816   1.856443584662083e-14
       6.9430339       2.3561945   1.886589155415917e-14

       6.9931641      0.78539816   1.906436837812904e-14
       6.9931641       2.3561945   1.904192511894578e-14

       7.0432943      0.78539816    1.98637068043923e-14
       7.0432943       2.3561945   1.949487074242171e-14

       7.0934245      0.78539816   1.846052819518335e-14
       7.0934245       2.3561945   1.940087551868531e-14

       7.1435547      0.78539816   1.988704019177515e-14
       7.1435547       2.3561945   1.917169170623578e-14

       7.1936849      0.78539816   1.924618689750465e-14
       7.1936849       2.3561945   1.947661990422327e-14

       7.2438151      0.78539816   1.785751586228031e-14
       7.2438151       2.3561945   1.779384207632216e-14

       7.2939453      0.78539816   1.875892294453552e-14
       7.2939453       2.3561945   1.853509435224507e-14

       7.3440755      0.78539816   1.845653861817986e-14
       7.3440755       2.3561945   1.853621841089767e-14

       7.3942057      0.78539816   1.780694636756332e-14
       7.3942057       2.3561945   1.722856667753301e-14

       7.4443359      0.78539816   1.765873418048617e-14
       7.4443359       2.3561945   1.798628187785015e-14

       7.4944661      0.78539816    1.77774688886695e-14
       7.4944661       2.3561945   1.741971214791852e-14

       7.5445964      0.78539816   1.681347476433961e-14
       7.5445964       2.3561945   1.761057707732505e-14

       7.5947266      0.78539816   1.708100021934748e-14
       7.5947266       2.3561945   1.740537925442113e-14

       7.6448568      0.78539816   1.722222783887133e-14
       7.6448568       2.3561945   1.660822587151388e-14

        7.694987      0.78539816   1.607827519600527e-14
        7.694987       2.3561945   1.597122952920252e-14

       7.7451172      0.78539816   1.657621891059985e-14
       7.7451172       2.3561945   1.624362633707956e-14

       7.7952474      0.78539816   1.571659316088372e-14
       7.7952474       2.3561945   1.648671529085207e-14

       7.8453776      0.78539816   1.639925511362893e-14
       7.8453776       2.3561945    1.58610171174379e-14

       7.8955078      0.78539816   1.597485245607992e-14
       7.8955078       2.3561945   1.635723483020912e-14

        7.945638      0.78539816   1.630058710190829e-14
        7.945638       2.3561945   1.589865406573075e-14

       7.9957682      0.78539816   1.571470345107255e-14
       7.9957682       2.3561945   1.644516418896125e-14

       8.0458984      0.78539816   1.740475076164215e-14
       8.0458984       2.3561945   1.635517588556824e-14

       8.0960286      0.78539816   1.595101615215912e-14
       8.0960286       2.3561945   1.665223168487219e-14

       8.1461589      0.78539816   1.588208329540307e-14
       8.1461589       2.3561945   1.558858010509527e-14

       8.1962891      0.78539816   1.597061493653793e-14
       8.1962891       2.3561945   1.665769308404069e-14

       8.2464193      0.78539816   1.662270335753181e-14
       8.2464193       2.3561945   1.610084487328205e-14

       8.2965495      0.78539816   1.621239666781127e-14
       8.2965495       2.3561945   1.605802735538539e-14

       8.3466797      0.78539816   1.584818729928243e-14
       8.3466797       2.3561945   1.610542406714842e-14

       8.3968099      0.78539816    1.56876548721789e-14
       8.3968099       2.3561945   1.619153371184359e-14

       8.4469401      0.78539816   1.592948238358046e-14
       8.4469401       2.3561945   1.536993869315129e-14

       8.4970703      0.78539816   1.556758365312399e-14
       8.4970703       2.3561945      1.520193454425e-14

       8.5472005      0.78539816   1.456375978884722e-14
       8.5472005       2.3561945   1.528416711658528e-14

       8.5973307      0.78539816   1.478754356726437e-14
       8.5973307       2.3561945   1.456826349341445e-14

       8.6474609      0.78539816   1.534615028880023e-14
       8.6474609       2.3561945   1.498278114841973e-14

       8.6975911      0.78539816   1.510452410552765e-14
       8.6975911       2.3561945   1.516094587117706e-14

       8.7477214      0.78539816   1.533386305840728e-14
       8.7477214       2.3561945    1.55150796522221e-14

       8.7978516      0.78539816   1.462934873688404e-14
       8.7978516       2.3561945   1.411974125980405e-14

       8.8479818      0.78539816   1.459187803962517e-14
       8.8479818       2.3561945   1.508635626439102e-14

        8.898112      0.78539816   1.386647237740552e-14
        8.898112       2.3561945   1.389376515495888e-14

       8.9482422      0.78539816   1.503223264698806e-14
       8.9482422       2.3561945    1.50536697316917e-14

       8.9983724      0.78539816    1.52705688725971e-14
       8.9983724       2.3561945   1.519116114001445e-14

       9.0485026      0.78539816   1.467602707930259e-14
       9.0485026       2.3561945   1.485299713998606e-14

       9.0986328      0.78539816   1.510141617473312e-14
       9.0986328       2.3561945   1.488941449476808e-14

        9.148763      0.78539816    1.49521118902002e-14
        9.148763       2.3561945   1.467487915590846e-14

       9.1988932      0.78539816    1.42401899628952e-14
       9.1988932       2.3561945   1.418551349988767e-14

       9.2490234      0.78539816   1.424678593983751e-14
       9.2490234       2.3561945   1.475181989885477e-14

       9.2991536      0.78539816   1.541459600444988e-14
       9.2991536       2.3561945   1.519721204932555e-14

       9.3492839      0.78539816   1.509730369513783e-14
       9.3492839       2.3561945   1.537509117926999e-14

       9.3994141      0.78539816   1.466667963384714e-14
       9.3994141       2.3561945      1.501399322031e-14

       9.4495443      0.78539816   1.500212112919602e-14
       9.4495443       2.3561945   1.388836281066436e-14

       9.4996745      0.78539816   1.394162631423603e-14
       9.4996745       2.3561945   1.470795183544928e-14

       9.5498047      0.78539816   1.432605303432542e-14
       9.5498047       2.3561945   1.419141272039491e-14

       9.5999349      0.78539816   1.353795377392169e-14
       9.5999349       2.3561945   1.351619534320383e-14

       9.6500651      0.78539816   1.420281594001485e-14
       9.6500651       2.3561945   1.417853809534984e-14

       9.7001953      0.78539816   1.429920822469753e-14
       9.7001953       2.3561945   1.466850002000091e-14

       9.7503255      0.78539816   1.424977699323754e-14
       9.7503255       2.3561945   1.391041684740975e-14

       9.8004557      0.78539816   1.470904782335668e-14
       9.8004557       2.3561945   1.511400540844142e-14

       9.8505859      0.78539816   1.468799936802513e-14
       9.8505859       2.3561945   1.406855215933679e-14

       9.9007161      0.78539816   1.463821972927114e-14
       9.9007161       2.3561945   1.465626894470979e-14

       9.9508464      0.78539816   1.375088767403928e-14
       9.9508464       2.3561945   1.401748357863865e-14

       10.000977      0.78539816   1.382542869290973e-14
       10.000977       2.3561945    1.37380409511087e-14

       10.051107      0.78539816   1.414647497314217e-14
       10.051107       2.3561945   1.377308016425569e-14

       10.101237      0.78539816    1.48346497281456e-14
       10.101237       2.3561945   1.460415023204905e-14

       10.151367      0.78539816   1.362446804689309e-14
       10.151367       2.3561945    1.41746087795257e-14

       10.201497      0.78539816   1.440070179762541e-14
       10.201497       2.3561945   1.489978833594708e-14

       10.251628      0.78539816   1.538458546111617e-14
       10.251628       2.3561945   1.540827773651271e-14

       10.301758      0.78539816    1.50865581357501e-14
       10.301758       2.3561945   1.490533675863847e-14

       10.351888      0.78539816   1.440219190675213e-14
       10.351888       2.3561945   1.370398832587472e-14

       10.402018      0.78539816   1.451127893603199e-14
       10.402018       2.3561945   1.526178918171975e-14

       10.452148      0.78539816   1.608565091250859e-14
       10.452148       2.3561945   1.579103378485054e-14

       10.502279      0.78539816   1.515202657998645e-14
       10.502279       2.3561945   1.510516177984092e-14

       10.552409      0.78539816   1.516192260567286e-14
       10.552409       2.3561945   1.517975689382236e-14

       10.602539      0.78539816   1.617927607476333e-14
       10.602539       2.3561945   1.596439627949122e-14

       10.652669      0.78539816   1.497256384583013e-14
       10.652669       2.3561945    1.54823812315306e-14

       10.702799      0.78539816   1.537054983158211e-14
       10.702799       2.3561945   1.541430734317614e-14

        10.75293      0.78539816   1.609874854423195e-14
        10.75293       2.3561945   1.575645667080243e-14

        10.80306      0.78539816   1.529554839000972e-14
        10.80306       2.3561945   1.500512103199903e-14

        10.85319      0.78539816   1.517199686113659e-14
        10.85319       2.3561945   1.554149330859812e-14

        10.90332      0.78539816   1.561240951648599e-14
        10.90332       2.3561945   1.567807582112747e-14

       10.953451      0.78539816   1.491594912907595e-14
       10.953451       2.3561945   1.486777963044813e-14

       11.003581      0.78539816   1.547767575454112e-14
       11.003581       2.3561945   1.512020454743494e-14

       11.053711      0.78539816   1.508658531970708e-14
       11.053711       2.3561945   1.536092826531051e-14

       11.103841      0.78539816   1.509119376245504e-14
       11.103841       2.3561945   1.489569995865477e-14

       11.153971      0.78539816    1.42821053059017e-14
       11.153971       2.3561945   1.499807326276393e-14

       11.204102      0.78539816   1.487966398923154e-14
       11.204102       2.3561945   1.400188130359484e-14

       11.254232      0.78539816   1.417457834121673e-14
       11.254232       2.3561945   1.446672327435207e-14

       11.304362      0.78539816   1.397428845791993e-14
       11.304362       2.3561945   1.435656324659906e-14

       11.354492      0.78539816   1.469679204447862e-14
       11.354492       2.3561945   1.468633341572297e-14

       11.404622      0.78539816   1.516537069417715e-14
       11.404622       2.3561945   1.432298667842141e-14

       11.454753      0.78539816   1.490118989340398e-14
       11.454753       2.3561945   1.507033622021927e-14

       11.504883      0.78539816   1.530110737078441e-14
       11.504883       2.3561945   1.603685307196961e-14

       11.555013      0.78539816   1.333301572830258e-14
       11.555013       2.3561945   1.347228656102043e-14

       11.605143      0.78539816   1.291692103919472e-14
       11.605143       2.3561945   1.236693160765942e-14

       11.655273      0.78539816   1.424785590280105e-14
       11.655273       2.3561945   1.399221020942258e-14

       11.705404      0.78539816   1.330974881294643e-14
       11.705404       2.3561945   1.344753128075725e-14

       11.755534      0.78539816   1.251462118605298e-14
       11.755534       2.3561945   1.278879133065415e-14

       11.805664      0.78539816   1.374403709414179e-14
       11.805664       2.3561945   1.354565492430092e-14

       11.855794      0.78539816    1.46660380639032e-14
       11.855794       2.3561945   1.489492991438447e-14

       11.905924      0.78539816   1.320745851195618e-14
       11.905924       2.3561945   1.294655494944836e-14

       11.956055      0.78539816   1.132549906903597e-14
       11.956055       2.3561945   1.155619911907105e-14

       12.006185      0.78539816   1.228237293483563e-14
       12.006185       2.3561945   1.149052414205526e-14

       12.056315      0.78539816   1.169816248246131e-14
       12.056315       2.3561945   1.210155578503102e-14

       12.106445      0.78539816   9.617992587057136e-15
       12.106445       2.3561945   9.785049050961683e-15

       12.156576      0.78539816   1.076372068883006e-14
       12.156576       2.3561945   1.107020529555128e-14

       12.206706      0.78539816   1.233754172097492e-14
       12.206706       2.3561945   1.200374880027524e-14

       12.256836      0.78539816   1.058051416329813e-14
       12.256836       2.3561945   1.090240086809688e-14

       12.306966      0.78539816   1.022417356744736e-14
       12.306966       2.3561945   9.946329750917266e-15

       12.357096      0.78539816    1.00365986271546e-14
       12.357096       2.3561945   1.002546787106927e-14

       12.407227      0.78539816   9.021599232296868e-15
       12.407227       2.3561945   9.077767007603384e-15

       12.457357      0.78539816   9.335368749512647e-15
       12.457357       2.3561945   8.852205362870836e-15

       12.507487      0.78539816   7.128506409954222e-15
       12.507487       2.3561945   7.521341492746052e-15

       12.557617      0.78539816   4.722574284167083e-15
       12.557617       2.3561945   4.809831223501212e-15

       12.607747      0.78539816   3.302948603824069e-14
       12.607747       2.3561945   3.279532111910125e-14

       12.657878      0.78539816                       0
       12.657878       2.3561945                       0

       12.708008      0.78539816                       0
       12.708008       2.3561945                       0

       12.758138      0.78539816                       0
       12.758138       2.3561945                       0

       12.808268      0.78539816                       0
       12.808268       2.3561945                       0

       12.858398      0.78539816                       0
       12.858398       2.3561945                       0

       12.908529      0.78539816                       0
       12.908529       2.3561945                       0

       12.958659      0.78539816                       0
       12.958659       2.3561945                       0

       13.008789      0.78539816                       0
       13.008789       2.3561945                       0

