# File created on Wed Jul  8 11:31:18 2026
# ======================================== 
# = Running code assuming AXISYMMETRY    = 
# ======================================== 
# Data for Inflation GW initial data initial data at coord. time 1.12447 and proper central time 1.12447
# Evolved with (264,10,9) gridpoints (including 4 ghosts)
# Evolution with geodesic slicing and constant shift
# using eighth-order spatial differencing with 4 ghost zones 
# data 1 at theta = 0 and phi = 3.14159
# data 2 at theta = 1.5708 and phi = 3.14159
#                      r                   Mom_t                   Mom_t
#                               (     0,3.14159)        (1.5708,3.14159)
#========================================================================
     -0.1754557291666667  -4.930380657631324e-32   7.741867700203048e-15
     -0.1253255208333333                       0    3.48455582825849e-14
           -0.0751953125                       0  -3.528119543407591e-14
    -0.02506510416666667  -3.155443620884047e-30   9.055805886334745e-14
     0.02506510416666667                       0   9.055805886334743e-14
            0.0751953125                       0  -3.528119543407591e-14
      0.1253255208333333                       0    3.48455582825849e-14
      0.1754557291666667                       0    7.74186770020305e-15
            0.2255859375   7.888609052210118e-31  -2.663580954064964e-15
      0.2757161458333334                       0   9.939233981361661e-15
      0.3258463541666667                       0   1.065876697349458e-14
            0.3759765625                       0   1.667970451382344e-15
      0.4261067708333334                       0   2.636425893905201e-14
      0.4762369791666667                       0   1.263593676059312e-14
            0.5263671875                       0   1.471092719218886e-14
      0.5764973958333334                       0    4.34670011679782e-14
      0.6266276041666667   3.944304526105059e-31   -1.49735670119325e-14
            0.6767578125                       0    4.11907647902671e-14
      0.7268880208333334                       0   8.755667183104699e-14
      0.7770182291666667                       0  -2.960839708271142e-14
            0.8271484375                       0   8.372587140452481e-14
      0.8772786458333334                       0    2.56084265207932e-13
      0.9274088541666667                       0   4.570345104595557e-14
            0.9775390625                       0  -1.841659372256942e-13
       1.027669270833333                       0  -1.250373379993752e-13
       1.077799479166667                       0  -2.580196652168695e-14
            1.1279296875                       0  -2.375083187650756e-14
       1.178059895833333  -7.888609052210118e-31  -2.776618030179999e-14
       1.228190104166667                       0  -1.441840502556385e-14
            1.2783203125                       0  -8.940497126143357e-15
       1.328450520833333                       0  -4.716653908033981e-15
       1.378580729166667                       0  -3.961459404934257e-15
            1.4287109375   2.465190328815662e-31  -2.426064724151051e-15
       1.478841145833333                       0  -2.139532033229405e-15
       1.528971354166667  -4.930380657631324e-32   2.131187442665596e-15
            1.5791015625  -9.860761315262648e-32   2.961092210754185e-15
       1.629231770833333                       0   3.099251184097372e-15
       1.679361979166667   9.860761315262648e-32    3.35312511118615e-15
            1.7294921875                       0   4.855240282888957e-15
       1.779622395833333                       0   3.646916722723391e-15
       1.829752604166667                       0   4.862536562253986e-15
            1.8798828125                       0   5.204353939526651e-15
       1.930013020833333                       0   5.712541967980016e-15
       1.980143229166667                       0   5.852107851991303e-15
            2.0302734375  -4.930380657631324e-32   5.366822116667214e-15
       2.080403645833333                       0   5.949092392500528e-15
       2.130533854166667   -1.97215226305253e-31   6.244885953095846e-15
            2.1806640625                       0   7.264380208082812e-15
       2.230794270833333                       0   6.446300942224901e-15
       2.280924479166667                       0   6.617452773757558e-15
            2.3310546875                       0   7.087611893970434e-15
       2.381184895833333                       0   7.097402582121814e-15
       2.431315104166667    1.97215226305253e-31   6.695225110498516e-15
            2.4814453125                       0   7.556239662145028e-15
       2.531575520833333    1.97215226305253e-31   7.106663109475979e-15
       2.581705729166667                       0   6.261351326192393e-15
            2.6318359375                       0   6.683361361086445e-15
       2.681966145833333                       0   7.636795869162088e-15
       2.732096354166667   -1.97215226305253e-31   7.172293044175666e-15
            2.7822265625                       0   7.862274708646826e-15
       2.832356770833333                       0   8.195225214365233e-15
       2.882486979166667                       0   8.049852139183571e-15
            2.9326171875                       0   7.723921679434931e-15
       2.982747395833333                       0   7.930450320882283e-15
       3.032877604166667   5.916456789157589e-31    8.24935487563955e-15
            3.0830078125                       0   8.681306970927696e-15
       3.133138020833333  -7.888609052210118e-31   8.017705131931195e-15
       3.183268229166667  -7.888609052210118e-31   8.839263783102609e-15
            3.2333984375   7.888609052210118e-31   7.779807931409568e-15
       3.283528645833333   7.888609052210118e-31   8.975715653621413e-15
       3.333658854166667                       0   8.727271678689674e-15
            3.3837890625  -7.888609052210118e-31   8.897121100591451e-15
       3.433919270833333                       0   8.989944697996202e-15
       3.484049479166667   -1.97215226305253e-31   9.177117031566037e-15
            3.5341796875                       0   1.026148418534038e-14
       3.584309895833333                       0   1.021490513950496e-14
       3.634440104166667                       0   1.053812575941204e-14
            3.6845703125                       0   1.025011167996324e-14
       3.734700520833333                       0   9.927007816931941e-15
       3.784830729166667                       0   1.007514228487782e-14
            3.8349609375                       0   1.054583146985944e-14
       3.885091145833333                       0   1.020182697622875e-14
       3.935221354166667                       0   1.051155881953454e-14
            3.9853515625                       0   9.927132584175238e-15
       4.035481770833334                       0    1.10106666291516e-14
       4.085611979166667                       0   1.122497398370969e-14
            4.1357421875                       0   1.064024491746597e-14
       4.185872395833334                       0   1.050688439101278e-14
       4.236002604166667                       0   1.032143274281541e-14
            4.2861328125  -7.888609052210118e-31   9.430302119084375e-15
       4.336263020833334                       0   9.767870083976661e-15
       4.386393229166667                       0   1.050086400404373e-14
            4.4365234375                       0   1.025702992889219e-14
       4.486653645833334                       0   9.783930394123394e-15
       4.536783854166667    1.97215226305253e-31   9.377438625289199e-15
            4.5869140625                       0   1.051386750805678e-14
       4.637044270833334  -7.888609052210118e-31   8.631086968698967e-15
       4.687174479166667                       0   1.036053671447789e-14
            4.7373046875   -1.97215226305253e-31    9.26489193363108e-15
       4.787434895833334                       0   9.988102198417811e-15
       4.837565104166667                       0   1.015392845136618e-14
            4.8876953125                       0   1.085711631464293e-14
       4.937825520833334   7.888609052210118e-31   9.674568120052342e-15
       4.987955729166667                       0   9.508440398446609e-15
            5.0380859375                       0   1.054783228789818e-14
       5.088216145833334   3.944304526105059e-31   1.147006493276761e-14
       5.138346354166667                       0   1.185860267072012e-14
            5.1884765625                       0   1.070963090197008e-14
       5.238606770833334                       0   1.037998144502488e-14
       5.288736979166667                       0   1.062075896676167e-14
            5.3388671875                       0   1.106768270525393e-14
       5.388997395833334                       0   1.111007666838405e-14
       5.439127604166667                       0   1.195556062216803e-14
            5.4892578125                       0   1.075991133329926e-14
       5.539388020833334                       0   1.038704899393934e-14
       5.589518229166667                       0   1.195108525226336e-14
            5.6396484375                       0   1.137465510883656e-14
       5.689778645833334                       0    1.13045542947395e-14
       5.739908854166667                       0   1.058377263966092e-14
            5.7900390625                       0   1.130616857190827e-14
       5.840169270833334                       0   1.180849142175382e-14
       5.890299479166667                       0   1.183014440555686e-14
            5.9404296875                       0   1.167179680055428e-14
       5.990559895833334                       0    1.06422541682985e-14
       6.040690104166667                       0   1.067362524739092e-14
            6.0908203125                       0   1.195411644307902e-14
       6.140950520833334                       0   1.148005945337856e-14
       6.191080729166667                       0   1.080114235345768e-14
            6.2412109375                       0   1.088138308275079e-14
       6.291341145833334                       0   1.133225276129648e-14
       6.341471354166667                       0   1.098159628811287e-14
            6.3916015625                       0   1.079063127069397e-14
       6.441731770833334                       0   1.058447583484039e-14
       6.491861979166667                       0    1.07873781533511e-14
            6.5419921875                       0   1.087805271011242e-14
       6.592122395833334                       0   1.015819340337457e-14
       6.642252604166667                       0   9.003997613834398e-15
            6.6923828125                       0   1.022347305484112e-14
       6.742513020833334                       0   1.051233319232864e-14
       6.792643229166667                       0   1.084741371001795e-14
            6.8427734375                       0   1.053111061764018e-14
       6.892903645833334                       0   1.067186952841216e-14
       6.943033854166667                       0   1.116635088785827e-14
            6.9931640625   3.944304526105059e-31   1.151143211711514e-14
       7.043294270833334                       0   1.053146573056986e-14
       7.093424479166667                       0   1.121351248717331e-14
            7.1435546875                       0   1.134125055500154e-14
       7.193684895833334                       0   1.187528152109523e-14
       7.243815104166667                       0   1.390543604975849e-14
            7.2939453125  -9.860761315262648e-32   1.390633587639125e-14
       7.344075520833334                       0   1.268457368404208e-14
       7.394205729166667                       0   1.181977970171188e-14
            7.4443359375                       0    1.28131690954566e-14
       7.494466145833334                       0   1.320201559508255e-14
       7.544596354166667  -3.944304526105059e-31   1.315258647771047e-14
            7.5947265625                       0   1.170112524264947e-14
       7.644856770833334                       0    1.16495404125145e-14
       7.694986979166667                       0   1.199664313552098e-14
            7.7451171875                       0   1.213978868538507e-14
       7.795247395833334                       0     1.2144981656127e-14
       7.845377604166667                       0   1.182383321025644e-14
            7.8955078125                       0    1.27266507734528e-14
       7.945638020833334                       0   1.429319666015301e-14
       7.995768229166667   3.944304526105059e-31   1.351639901797767e-14
            8.0458984375                       0   1.317538200392352e-14
       8.096028645833334   9.860761315262648e-32   1.406458785829319e-14
       8.146158854166668   3.944304526105059e-31   1.534558294348935e-14
            8.1962890625  -3.944304526105059e-31   1.415212073018348e-14
       8.246419270833334                       0   1.285585362383594e-14
       8.296549479166668                       0   1.334655715677623e-14
            8.3466796875                       0   1.377812571368265e-14
       8.396809895833334                       0   1.294786751439104e-14
       8.446940104166668   3.944304526105059e-31   1.329232891744855e-14
            8.4970703125                       0   1.434700597618026e-14
       8.547200520833334                       0   1.389349645121484e-14
       8.597330729166668                       0    1.40301769472272e-14
            8.6474609375                       0   1.422071797329775e-14
       8.697591145833334                       0   1.414629209292066e-14
       8.747721354166668                       0   1.354068228292983e-14
            8.7978515625                       0   1.279686065183995e-14
       8.847981770833334                       0   1.330481793293339e-14
       8.898111979166668  -1.577721810442024e-30   1.499968129779584e-14
            8.9482421875   3.944304526105059e-31   1.500153329156713e-14
       8.998372395833334                       0   1.443306157550301e-14
       9.048502604166668                       0   1.358797523972115e-14
            9.0986328125                       0   1.393078700454549e-14
       9.148763020833334                       0   1.524623455327709e-14
       9.198893229166668                       0   1.547887092644477e-14
            9.2490234375                       0   1.609771162259945e-14
       9.299153645833334                       0   1.606017710965454e-14
       9.349283854166668                       0   1.678190268540687e-14
            9.3994140625                       0   1.732139015769071e-14
       9.449544270833334   1.577721810442024e-30   1.643259787816137e-14
       9.499674479166668  -3.944304526105059e-31   1.710754041485863e-14
            9.5498046875                       0    1.85271423540329e-14
       9.599934895833334                       0   1.784476487702631e-14
       9.650065104166668   1.577721810442024e-30   1.700395741906789e-14
            9.7001953125  -1.577721810442024e-30   1.690821545277655e-14
       9.750325520833334                       0    1.61300991412606e-14
       9.800455729166668                       0   1.692952796683759e-14
            9.8505859375    1.97215226305253e-30   1.777579088193387e-14
       9.900716145833334                       0   1.648114156672528e-14
       9.950846354166668   1.577721810442024e-30   1.613759318742036e-14
           10.0009765625                       0   1.736552480549099e-14
       10.05110677083333  -1.577721810442024e-30    1.73447086181938e-14
       10.10123697916667                       0    1.75679423620829e-14
           10.1513671875                       0   1.726628903849077e-14
       10.20149739583333   1.577721810442024e-30   1.820554454621882e-14
       10.25162760416667  -1.577721810442024e-30   1.708384077532112e-14
           10.3017578125  -1.577721810442024e-30   1.643079795902714e-14
       10.35188802083333                       0   1.592184224182474e-14
       10.40201822916667                       0   1.730639408894284e-14
           10.4521484375                       0   1.783084330686655e-14
       10.50227864583333                       0   1.818832526315499e-14
       10.55240885416667                       0   1.667056677070903e-14
           10.6025390625                       0   1.596538339839567e-14
       10.65266927083333                       0   1.621144886928316e-14
       10.70279947916667                       0   1.672491353290689e-14
           10.7529296875   3.944304526105059e-31   1.479139877623883e-14
       10.80305989583333                       0   1.569666600692269e-14
       10.85319010416667                       0   1.682363018233096e-14
           10.9033203125                       0   1.623981487813016e-14
       10.95345052083333                       0   1.452285161289073e-14
       11.00358072916667                       0    1.41622657257252e-14
           11.0537109375                       0   1.469031441229775e-14
       11.10384114583333                       0   1.395056749137715e-14
       11.15397135416667                       0   1.428243756149238e-14
           11.2041015625                       0   1.549371188622202e-14
       11.25423177083333   3.944304526105059e-31   1.454439205634669e-14
       11.30436197916667                       0   1.376323881751039e-14
           11.3544921875                       0   1.502270717038659e-14
       11.40462239583333                       0   1.313887888584221e-14
       11.45475260416667   3.944304526105059e-31   1.133795627408996e-14
           11.5048828125   7.888609052210118e-31   2.413643387958904e-14
       11.55501302083333                       0    1.25955827633588e-14
       11.60514322916667                       0   -9.31795546665985e-14
           11.6552734375  -6.310887241768094e-30  -2.264341948436141e-13
       11.70540364583333                       0      -2.60368947778e-13
       11.75553385416667                       0  -2.196465492180446e-13
           11.8056640625                       0  -1.588588933756014e-13
       11.85579427083333   7.888609052210118e-31  -9.962953710591382e-14
       11.90592447916667                       0  -6.299536843566913e-14
           11.9560546875                       0   -4.78870059694392e-14
       12.00618489583333                       0  -5.481427236868518e-14
       12.05631510416667                       0  -5.615752024847898e-14
           12.1064453125  -1.577721810442024e-30  -4.908318802189255e-14
       12.15657552083333                       0  -4.225353970379056e-14
       12.20670572916667                       0  -4.414901850308801e-14
           12.2568359375                       0  -5.617142532420245e-14
       12.30696614583333                       0  -5.933390397691575e-14
       12.35709635416667                       0  -7.939770841621833e-14
           12.4072265625                       0  -7.636761974217928e-14
       12.45735677083333  -1.262177448353619e-29  -1.393082574368149e-13
       12.50748697916667                       0  -1.330650755532492e-13
           12.5576171875                       0  -3.930756401282537e-13
       12.60774739583333                       0   1.335446467652834e-14
       12.65787760416667                       0                       0
           12.7080078125                       0                       0
       12.75813802083333                       0                       0
       12.80826822916667                       0                       0
           12.8583984375                       0                       0
       12.90852864583333                       0                       0
       12.95865885416667                       0                       0
           13.0087890625                       0                       0
