# File created on Wed Jul  8 11:31:13 2026
# Data for Inflation GW initial data initial data at coord time 0.0377973 and central proper time 0.0377973
# Evolved with (264,10,9) gridpoints (including 4 ghosts)
# Evolution with geodesic slicing and constant shift shift condition 
# data for phi = 3.14159
#              r           theta               Mom_t
#===============================================================
     0.025065104      0.78539816  -8.753099883829395e-11
     0.025065104       2.3561945  -8.753099883829379e-11

     0.075195312      0.78539816  -1.180829470389643e-11
     0.075195312       2.3561945  -1.180829470389629e-11

      0.12532552      0.78539816    2.21827341970688e-12
      0.12532552       2.3561945   2.218273419706901e-12

      0.17545573      0.78539816  -2.731159192791898e-12
      0.17545573       2.3561945  -2.730631888349743e-12

      0.22558594      0.78539816   4.307358922965872e-13
      0.22558594       2.3561945   4.307358922966896e-13

      0.27571615      0.78539816  -1.059819795262191e-13
      0.27571615       2.3561945  -1.059818976029111e-13

      0.32584635      0.78539816   1.076284546542929e-13
      0.32584635       2.3561945   1.076284546543189e-13

      0.37597656      0.78539816   1.351710172769156e-13
      0.37597656       2.3561945   1.351708370458689e-13

      0.42610677      0.78539816   1.536974933952825e-13
      0.42610677       2.3561945   1.539146187538553e-13

      0.47623698      0.78539816   1.608581707855878e-13
      0.47623698       2.3561945   1.608581707855952e-13

      0.52636719      0.78539816   1.622596409997458e-13
      0.52636719       2.3561945   1.622597268238954e-13

       0.5764974      0.78539816   1.600710218159481e-13
       0.5764974       2.3561945   1.599103811327127e-13

       0.6266276      0.78539816   1.554087705712003e-13
       0.6266276       2.3561945   1.555564158151653e-13

      0.67675781      0.78539816   1.503752370270628e-13
      0.67675781       2.3561945   1.502385284680751e-13

      0.72688802      0.78539816    1.44288435302199e-13
      0.72688802       2.3561945    1.44288186707718e-13

      0.77701823      0.78539816   1.383187312788731e-13
      0.77701823       2.3561945   1.383184987227132e-13

      0.82714844      0.78539816   1.322565587021137e-13
      0.82714844       2.3561945   1.322563402402807e-13

      0.87727865      0.78539816   1.275447752376448e-13
      0.87727865       2.3561945   1.275447752376332e-13

      0.92740885      0.78539816   1.230753317230309e-13
      0.92740885       2.3561945   1.229755714231327e-13

      0.97753906      0.78539816   1.173949269505095e-13
      0.97753906       2.3561945   1.173945572459656e-13

       1.0276693      0.78539816   1.121536129572923e-13
       1.0276693       2.3561945   1.121537887924369e-13

       1.0777995      0.78539816    1.08870096883235e-13
       1.0777995       2.3561945   1.088704321967612e-13

       1.1279297      0.78539816   1.050194728030989e-13
       1.1279297       2.3561945   1.051014979385935e-13

       1.1780599      0.78539816    1.01081406224701e-13
       1.1780599       2.3561945   1.011599409287566e-13

       1.2281901      0.78539816   9.668572989071658e-14
       1.2281901       2.3561945   9.668572989087591e-14

       1.2783203      0.78539816   9.313717501832205e-14
       1.2783203       2.3561945   9.320955013784908e-14

       1.3284505      0.78539816   9.078083092296633e-14
       1.3284505       2.3561945   9.078083092272806e-14

       1.3785807      0.78539816   8.790416410983591e-14
       1.3785807       2.3561945   8.790495057246005e-14

       1.4287109      0.78539816   8.493017885943162e-14
       1.4287109       2.3561945   8.499493554539437e-14

       1.4788411      0.78539816   8.201033811989046e-14
       1.4788411       2.3561945   8.194679905181181e-14

       1.5289714      0.78539816   7.921677739706437e-14
       1.5289714       2.3561945    7.91567397883758e-14

       1.5791016      0.78539816   7.662377275927646e-14
       1.5791016       2.3561945   7.662377275931265e-14

       1.6292318      0.78539816   7.401671435391533e-14
       1.6292318       2.3561945   7.401671435387584e-14

        1.679362      0.78539816   7.219651265517807e-14
        1.679362       2.3561945    7.21965126551816e-14

       1.7294922      0.78539816   7.064559026589058e-14
       1.7294922       2.3561945   7.064559026597995e-14

       1.7796224      0.78539816   6.937326461013167e-14
       1.7796224       2.3561945   6.932046453944139e-14

       1.8297526      0.78539816   6.638786666680062e-14
       1.8297526       2.3561945   6.638786666681401e-14

       1.8798828      0.78539816   6.469204760786668e-14
       1.8798828       2.3561945   6.474126268909192e-14

        1.930013      0.78539816   6.322926040445437e-14
        1.930013       2.3561945   6.322926040430459e-14

       1.9801432      0.78539816   5.955145457168899e-14
       1.9801432       2.3561945   5.959817775009758e-14

       2.0302734      0.78539816   5.858545563276978e-14
       2.0302734       2.3561945   5.858652366846097e-14

       2.0804036      0.78539816   5.804464218283888e-14
       2.0804036       2.3561945   5.804429474953112e-14

       2.1305339      0.78539816   5.597016751517317e-14
       2.1305339       2.3561945   5.596881048159958e-14

       2.1806641      0.78539816   5.440887726629483e-14
       2.1806641       2.3561945   5.440887726623407e-14

       2.2307943      0.78539816   5.315498872453232e-14
       2.2307943       2.3561945   5.315498872456197e-14

       2.2809245      0.78539816   5.177347038873685e-14
       2.2809245       2.3561945   5.181276471024823e-14

       2.3310547      0.78539816   4.977740962984944e-14
       2.3310547       2.3561945   4.973772004823578e-14

       2.3811849      0.78539816    4.87430999926886e-14
       2.3811849       2.3561945   4.874309999268871e-14

       2.4313151      0.78539816   4.788718673945368e-14
       2.4313151       2.3561945    4.78871867394505e-14

       2.4814453      0.78539816   4.599156557383937e-14
       2.4814453       2.3561945   4.599156557388275e-14

       2.5315755      0.78539816   4.582557785439525e-14
       2.5315755       2.3561945   4.578788994406634e-14

       2.5817057      0.78539816   4.512487420296007e-14
       2.5817057       2.3561945   4.512487420292673e-14

       2.6318359      0.78539816   4.347559440404897e-14
       2.6318359       2.3561945   4.351074803357453e-14

       2.6819661      0.78539816   4.285516509331916e-14
       2.6819661       2.3561945   4.285516509339737e-14

       2.7320964      0.78539816   4.218196954060623e-14
       2.7320964       2.3561945   4.214810595265884e-14

       2.7822266      0.78539816   4.061360311414413e-14
       2.7822266       2.3561945   4.061360311417297e-14

       2.8323568      0.78539816     3.9739074470164e-14
       2.8323568       2.3561945   3.973907447029165e-14

        2.882487      0.78539816   3.938074103953578e-14
        2.882487       2.3561945   3.938074103959267e-14

       2.9326172      0.78539816   3.861820224804108e-14
       2.9326172       2.3561945    3.86507362559228e-14

       2.9827474      0.78539816   3.818583709616647e-14
       2.9827474       2.3561945   3.818680640571947e-14

       3.0328776      0.78539816   3.717797685220339e-14
       3.0328776       2.3561945   3.717893014009088e-14

       3.0830078      0.78539816   3.687564591019455e-14
       3.0830078       2.3561945   3.687564591015425e-14

        3.133138      0.78539816   3.686838850297258e-14
        3.133138       2.3561945   3.686838850304122e-14

       3.1832682      0.78539816   3.564383192227698e-14
       3.1832682       2.3561945   3.564383192234298e-14

       3.2333984      0.78539816   3.490815558657629e-14
       3.2333984       2.3561945    3.48786479978423e-14

       3.2835286      0.78539816   3.444279914731557e-14
       3.2835286       2.3561945     3.4414622574025e-14

       3.3336589      0.78539816   3.411576439301396e-14
       3.3336589       2.3561945   3.411576439315824e-14

       3.3837891      0.78539816   3.353724116444512e-14
       3.3837891       2.3561945    3.35372411644552e-14

       3.4339193      0.78539816   3.284559515013733e-14
       3.4339193       2.3561945   3.284559515019658e-14

       3.4840495      0.78539816   3.276125551808745e-14
       3.4840495       2.3561945   3.273470061808959e-14

       3.5341797      0.78539816   3.264574639118918e-14
       3.5341797       2.3561945   3.264574639108123e-14

       3.5843099      0.78539816   3.236156629993764e-14
       3.5843099       2.3561945    3.23615663000744e-14

       3.6344401      0.78539816   3.235362826576628e-14
       3.6344401       2.3561945   3.235362826583098e-14

       3.6845703      0.78539816   3.277154595824498e-14
       3.6845703       2.3561945    3.27966556936192e-14

       3.7347005      0.78539816   3.325988220611496e-14
       3.7347005       2.3561945   3.325988220608206e-14

       3.7848307      0.78539816   3.352286972214307e-14
       3.7848307       2.3561945   3.352286972207772e-14

       3.8349609      0.78539816   3.207919598823045e-14
       3.8349609       2.3561945   3.205205531838741e-14

       3.8850911      0.78539816   3.115646852223308e-14
       3.8850911       2.3561945    3.11564685221565e-14

       3.9352214      0.78539816   3.081252632996626e-14
       3.9352214       2.3561945   3.081252632997246e-14

       3.9853516      0.78539816   3.056142102143096e-14
       3.9853516       2.3561945   3.053820636041303e-14

       4.0354818      0.78539816   2.930732860338517e-14
       4.0354818       2.3561945   2.930732860328898e-14

        4.085612      0.78539816   2.907309568428119e-14
        4.085612       2.3561945   2.907168037324291e-14

       4.1357422      0.78539816   2.978534109161194e-14
       4.1357422       2.3561945   2.978534109153764e-14

       4.1858724      0.78539816   2.808202905347005e-14
       4.1858724       2.3561945   2.807926623072078e-14

       4.2360026      0.78539816    2.68089812083595e-14
       4.2360026       2.3561945   2.683218728394983e-14

       4.2861328      0.78539816   2.644442741944829e-14
       4.2861328       2.3561945   2.644577651704928e-14

        4.336263      0.78539816   2.568451674084854e-14
        4.336263       2.3561945   2.568451674085665e-14

       4.3863932      0.78539816   2.547122994250398e-14
       4.3863932       2.3561945    2.54910038589884e-14

       4.4365234      0.78539816   2.496143159129817e-14
       4.4365234       2.3561945   2.495882486025739e-14

       4.4866536      0.78539816   2.400763002996457e-14
       4.4866536       2.3561945    2.40076300301186e-14

       4.5367839      0.78539816   2.447064153968009e-14
       4.5367839       2.3561945   2.447191610159413e-14

       4.5869141      0.78539816   2.393876721786482e-14
       4.5869141       2.3561945   2.391859710256866e-14

       4.6370443      0.78539816    2.27250906583479e-14
       4.6370443       2.3561945   2.272384365474821e-14

       4.6871745      0.78539816   2.168864985671884e-14
       4.6871745       2.3561945   2.166891118796024e-14

       4.7373047      0.78539816   2.146573285469568e-14
       4.7373047       2.3561945      2.144620306058e-14

       4.7874349      0.78539816   2.277156563814781e-14
       4.7874349       2.3561945   2.275224034430239e-14

       4.8375651      0.78539816   2.249721165578358e-14
       4.8375651       2.3561945   2.251633668718393e-14

       4.8876953      0.78539816   2.159664389802548e-14
       4.8876953       2.3561945   2.159664389798098e-14

       4.9378255      0.78539816   2.211589796540261e-14
       4.9378255       2.3561945   2.211589796535712e-14

       4.9879557      0.78539816   2.136289478568731e-14
       4.9879557       2.3561945   2.136289478558713e-14

       5.0380859      0.78539816   2.134998241466787e-14
       5.0380859       2.3561945   2.133161857847174e-14

       5.0882161      0.78539816   2.219514900098198e-14
       5.0882161       2.3561945   2.217696608928712e-14

       5.1383464      0.78539816   1.987575251617966e-14
       5.1383464       2.3561945    1.98757525160553e-14

       5.1884766      0.78539816   1.947012430008661e-14
       5.1884766       2.3561945   1.947012429996458e-14

       5.2386068      0.78539816   1.966930996135013e-14
       5.2386068       2.3561945    1.96693099612542e-14

        5.288737      0.78539816   1.965435518365291e-14
        5.288737       2.3561945   1.965435518361217e-14

       5.3388672      0.78539816    1.95965589710726e-14
       5.3388672       2.3561945   1.959655897117957e-14

       5.3889974      0.78539816   1.877729652923965e-14
       5.3889974       2.3561945   1.876012847764013e-14

       5.4391276      0.78539816   1.942260383593237e-14
       5.4391276       2.3561945   1.942685629096306e-14

       5.4892578      0.78539816   1.980064299767963e-14
       5.4892578       2.3561945   1.980064299760205e-14

        5.539388      0.78539816   1.819139914872597e-14
        5.539388       2.3561945   1.819557463634218e-14

       5.5895182      0.78539816   1.808855057909904e-14
       5.5895182       2.3561945   1.808855057896583e-14

       5.6396484      0.78539816   1.859119615669162e-14
       5.6396484       2.3561945   1.857479112965821e-14

       5.6897786      0.78539816    1.79250583768021e-14
       5.6897786       2.3561945   1.792505837684468e-14

       5.7399089      0.78539816   1.828726018243841e-14
       5.7399089       2.3561945   1.829128980152525e-14

       5.7900391      0.78539816   1.806248237802343e-14
       5.7900391       2.3561945   1.805848764755387e-14

       5.8401693      0.78539816   1.833868342104722e-14
       5.8401693       2.3561945   1.835056474415497e-14

       5.8902995      0.78539816   1.764981763700989e-14
       5.8902995       2.3561945   1.765178100448861e-14

       5.9404297      0.78539816   1.743606458479909e-14
       5.9404297       2.3561945   1.743217098669344e-14

       5.9905599      0.78539816   1.792708419872311e-14
       5.9905599       2.3561945   1.792901470657456e-14

       6.0406901      0.78539816   1.725953447350148e-14
       6.0406901       2.3561945   1.726144896052126e-14

       6.0908203      0.78539816   1.707672796090845e-14
       6.0908203       2.3561945   1.707293050081171e-14

       6.1409505      0.78539816   1.655090620358662e-14
       6.1409505       2.3561945   1.655278943358782e-14

       6.1910807      0.78539816   1.649520688330213e-14
       6.1910807       2.3561945   1.649147092076408e-14

       6.2412109      0.78539816   1.563149690992542e-14
       6.2412109       2.3561945   1.561296713559903e-14

       6.2913411      0.78539816   1.503632766341747e-14
       6.2913411       2.3561945   1.504000408881614e-14

       6.3414714      0.78539816   1.534977193045845e-14
       6.3414714       2.3561945   1.535341929301575e-14

       6.3916016      0.78539816   1.498010225040569e-14
       6.3916016       2.3561945   1.498372100628206e-14

       6.4417318      0.78539816   1.438246490342552e-14
       6.4417318       2.3561945   1.439682728126993e-14

        6.491862      0.78539816   1.400334990154435e-14
        6.491862       2.3561945   1.400334990155903e-14

       6.5419922      0.78539816   1.416499286028696e-14
       6.5419922       2.3561945   1.416145729400511e-14

       6.5921224      0.78539816   1.417787331233568e-14
       6.5921224       2.3561945   1.419190803128107e-14

       6.6422526      0.78539816   1.372093514819921e-14
       6.6422526       2.3561945   1.372093514838695e-14

       6.6923828      0.78539816   1.394611842521572e-14
       6.6923828       2.3561945   1.394611842532646e-14

        6.742513      0.78539816    1.42143976484405e-14
        6.742513       2.3561945   1.422811932540496e-14

       6.7926432      0.78539816   1.504025863521731e-14
       6.7926432       2.3561945   1.502663822526064e-14

       6.8427734      0.78539816    1.54743828555257e-14
       6.8427734       2.3561945   1.547438285540086e-14

       6.8929036      0.78539816   1.485613941798674e-14
       6.8929036       2.3561945   1.485613941807844e-14

       6.9430339      0.78539816   1.502198080924149e-14
       6.9430339       2.3561945   1.502198080935479e-14

       6.9931641      0.78539816   1.522667046501738e-14
       6.9931641       2.3561945   1.522667046501344e-14

       7.0432943      0.78539816   1.465157308520638e-14
       7.0432943       2.3561945   1.466470878297179e-14

       7.0934245      0.78539816    1.39597816006257e-14
       7.0934245       2.3561945   1.395978160067375e-14

       7.1435547      0.78539816   1.302482849611739e-14
       7.1435547       2.3561945   1.302482849628131e-14

       7.1936849      0.78539816   1.220406166120281e-14
       7.1936849       2.3561945   1.220406166119423e-14

       7.2438151      0.78539816   1.212259531191873e-14
       7.2438151       2.3561945   1.212259531191688e-14

       7.2939453      0.78539816   1.212582603760649e-14
       7.2939453       2.3561945   1.212582603762105e-14

       7.3440755      0.78539816   1.250151160379402e-14
       7.3440755       2.3561945   1.251410932081126e-14

       7.3942057      0.78539816   1.282268218744656e-14
       7.3942057       2.3561945   1.282268218730646e-14

       7.4443359      0.78539816   1.369932059443626e-14
       7.4443359       2.3561945   1.368689254347939e-14

       7.4944661      0.78539816   1.382132154350018e-14
       7.4944661       2.3561945   1.381514908360045e-14

       7.5445964      0.78539816   1.275733438228503e-14
       7.5445964       2.3561945   1.274507148829612e-14

       7.5947266      0.78539816   1.363582957312723e-14
       7.5947266       2.3561945   1.361755664676341e-14

       7.6448568      0.78539816   1.443949394314093e-14
       7.6448568       2.3561945   1.445159601228982e-14

        7.694987      0.78539816    1.28920674701208e-14
        7.694987       2.3561945   1.289206747005854e-14

       7.7451172      0.78539816   1.227012855495998e-14
       7.7451172       2.3561945   1.227610125897234e-14

       7.7952474      0.78539816   1.280028046589564e-14
       7.7952474       2.3561945   1.279434617157235e-14

       7.8453776      0.78539816   1.242193467109845e-14
       7.8453776       2.3561945   1.243372742212976e-14

       7.8955078      0.78539816   1.262348193489293e-14
       7.8955078       2.3561945   1.262348193487899e-14

        7.945638      0.78539816    1.37906369433211e-14
        7.945638       2.3561945    1.37906369433249e-14

       7.9957682      0.78539816   1.327026618174791e-14
       7.9957682       2.3561945   1.327026618174423e-14

       8.0458984      0.78539816   1.238380592054066e-14
       8.0458984       2.3561945   1.238380592049459e-14

       8.0960286      0.78539816   1.267050561345223e-14
       8.0960286       2.3561945   1.265907796295946e-14

       8.1461589      0.78539816   1.243382608891843e-14
       8.1461589       2.3561945   1.243382608890162e-14

       8.1962891      0.78539816   1.147794177812946e-14
       8.1962891       2.3561945    1.14666539154043e-14

       8.2464193      0.78539816   1.211328834618263e-14
       8.2464193       2.3561945   1.211609315712583e-14

       8.2965495      0.78539816   1.326968139841455e-14
       8.2965495       2.3561945   1.327246926174899e-14

       8.3466797      0.78539816   1.302182358443232e-14
       8.3466797       2.3561945   1.300519686774343e-14

       8.3968099      0.78539816   1.327742095181908e-14
       8.3968099       2.3561945    1.32801755272547e-14

       8.4469401      0.78539816   1.267475924187467e-14
       8.4469401       2.3561945   1.267475924180139e-14

       8.4970703      0.78539816   1.253756722874381e-14
       8.4970703       2.3561945   1.254028930191682e-14

       8.5472005      0.78539816   1.294160978139599e-14
       8.5472005       2.3561945   1.295514032048068e-14

       8.5973307      0.78539816   1.264856710908301e-14
       8.5973307       2.3561945   1.264856710902816e-14

       8.6474609      0.78539816   1.348204356878865e-14
       8.6474609       2.3561945   1.348471830152642e-14

       8.6975911      0.78539816   1.365005501033549e-14
       8.6975911       2.3561945   1.364207706114072e-14

       8.7477214      0.78539816   1.340445860324956e-14
       8.7477214       2.3561945   1.340710268012955e-14

       8.7978516      0.78539816   1.476298026797463e-14
       8.7978516       2.3561945   1.476298026808515e-14

       8.8479818      0.78539816   1.536620958397764e-14
       8.8479818       2.3561945   1.536098135293045e-14

        8.898112      0.78539816   1.486317268883785e-14
        8.898112       2.3561945   1.485797391273536e-14

       8.9482422      0.78539816   1.499225875747467e-14
       8.9482422       2.3561945   1.499225875753916e-14

       8.9983724      0.78539816   1.470312159885658e-14
       8.9983724       2.3561945   1.470055117332076e-14

       9.0485026      0.78539816    1.43620133368302e-14
       9.0485026       2.3561945   1.436201333679024e-14

       9.0986328      0.78539816   1.376446575324895e-14
       9.0986328       2.3561945   1.376446575326876e-14

        9.148763      0.78539816   1.328314199444789e-14
        9.148763       2.3561945   1.326797296264264e-14

       9.1988932      0.78539816   1.347884229646255e-14
       9.1988932       2.3561945   1.347884229645863e-14

       9.2490234      0.78539816   1.283776108456191e-14
       9.2490234       2.3561945   1.282775801921628e-14

       9.2991536      0.78539816   1.309648279294663e-14
       9.2991536       2.3561945   1.309648279295246e-14

       9.3492839      0.78539816   1.436750014407193e-14
       9.3492839       2.3561945   1.436750014399686e-14

       9.3994141      0.78539816    1.35893727451431e-14
       9.3994141       2.3561945   1.359921576141092e-14

       9.4495443      0.78539816   1.316920209288594e-14
       9.4495443       2.3561945   1.316920209291695e-14

       9.4996745      0.78539816   1.335434874035595e-14
       9.4996745       2.3561945    1.33543487403237e-14

       9.5498047      0.78539816   1.267005744316674e-14
       9.5498047       2.3561945   1.267005744321314e-14

       9.5999349      0.78539816   1.238212976894495e-14
       9.5999349       2.3561945   1.238212976882882e-14

       9.6500651      0.78539816   1.270622181790403e-14
       9.6500651       2.3561945   1.270622181764234e-14

       9.7001953      0.78539816   1.489763657997322e-14
       9.7001953       2.3561945   1.489763657982649e-14

       9.7503255      0.78539816    1.29325880424066e-14
       9.7503255       2.3561945    1.29230992735432e-14

       9.8004557      0.78539816   1.037572398129025e-14
       9.8004557       2.3561945   1.037572398144199e-14

       9.8505859      0.78539816   1.248060816207768e-14
       9.8505859       2.3561945   1.248060816204962e-14

       9.9007161      0.78539816   1.175797377172332e-14
       9.9007161       2.3561945    1.17579737715576e-14

       9.9508464      0.78539816   8.804852784906626e-15
       9.9508464       2.3561945   8.804852784904159e-15

       10.000977      0.78539816    1.14676464240159e-14
       10.000977       2.3561945   1.146764642405967e-14

       10.051107      0.78539816   1.275220796865891e-14
       10.051107       2.3561945   1.275220796869065e-14

       10.101237      0.78539816   9.359158638514643e-15
       10.101237       2.3561945   9.359158638582343e-15

       10.151367      0.78539816   9.179508322644565e-15
       10.151367       2.3561945   9.161280514840118e-15

       10.201497      0.78539816   8.094798860709411e-15
       10.201497       2.3561945   8.094798860591258e-15

       10.251628      0.78539816   7.637708287498999e-15
       10.251628       2.3561945    7.62868351700809e-15

       10.301758      0.78539816    8.30924018624714e-15
       10.301758       2.3561945   8.309240186337559e-15

       10.351888      0.78539816   8.211324638464019e-15
       10.351888       2.3561945   8.211324638463831e-15

       10.402018      0.78539816   8.030369797266469e-15
       10.402018       2.3561945   8.030369797169434e-15

       10.452148      0.78539816   7.094738134004973e-15
       10.452148       2.3561945   7.094738133887966e-15

       10.502279      0.78539816   7.280260661543563e-15
       10.502279       2.3561945   7.271451279522374e-15

       10.552409      0.78539816   6.384035751478299e-15
       10.552409       2.3561945   6.384035751573704e-15

       10.602539      0.78539816   4.869558868622456e-15
       10.602539       2.3561945   4.860832790372771e-15

       10.652669      0.78539816   4.135715119168783e-15
       10.652669       2.3561945   4.135715119200312e-15

       10.702799      0.78539816    5.27339497904684e-15
       10.702799       2.3561945   5.279878230339267e-15

        10.75293      0.78539816   7.278600798407584e-15
        10.75293       2.3561945   7.278600798364069e-15

        10.80306      0.78539816   7.704370510260244e-15
        10.80306       2.3561945   7.704370510259651e-15

        10.85319      0.78539816   7.723359398155202e-15
        10.85319       2.3561945    7.72975281231994e-15

        10.90332      0.78539816   6.981321500116205e-15
        10.90332       2.3561945   6.981321500112855e-15

       10.953451      0.78539816   6.203793137591221e-15
       10.953451       2.3561945   6.212239661752507e-15

       11.003581      0.78539816   7.629648355213242e-15
       11.003581       2.3561945   7.629648355257195e-15

       11.053711      0.78539816   7.116528527458595e-15
       11.053711       2.3561945   7.116528527529544e-15

       11.103841      0.78539816    7.24564947854034e-15
       11.103841       2.3561945   7.245649478539438e-15

       11.153971      0.78539816   9.267395970020471e-15
       11.153971       2.3561945    9.26739596998327e-15

       11.204102      0.78539816   5.646071089824607e-15
       11.204102       2.3561945   5.646071089857914e-15

       11.254232      0.78539816   2.617073279262006e-15
       11.254232       2.3561945   2.617073279301866e-15

       11.304362      0.78539816   5.137719841724852e-15
       11.304362       2.3561945    5.13771984171058e-15

       11.354492      0.78539816   6.369149881526928e-15
       11.354492       2.3561945   6.369149881562648e-15

       11.404622      0.78539816   4.469042849756999e-15
       11.404622       2.3561945    4.46904284975664e-15

       11.454753      0.78539816   4.194609421006966e-15
       11.454753       2.3561945   4.194609421043533e-15

       11.504883      0.78539816   5.213587912989576e-15
       11.504883       2.3561945   5.213587913068051e-15

       11.555013      0.78539816   4.491592743380868e-15
       11.555013       2.3561945    4.48959104545578e-15

       11.605143      0.78539816   3.813216406294941e-15
       11.605143       2.3561945   3.813216406261443e-15

       11.655273      0.78539816   4.137677509888465e-15
       11.655273       2.3561945   4.141646468038963e-15

       11.705404      0.78539816   2.803997584670036e-15
       11.705404       2.3561945   2.807949545204908e-15

       11.755534      0.78539816   8.908768778961164e-16
       11.755534       2.3561945   8.869417701479846e-16

       11.805664      0.78539816   2.968791951177372e-15
       11.805664       2.3561945   2.960955154822067e-15

       11.855794      0.78539816   6.600311109434484e-15
       11.855794       2.3561945   6.584703789904816e-15

       11.905924      0.78539816   3.891465943459048e-15
       11.905924       2.3561945   3.895351344715699e-15

       11.956055      0.78539816  -2.023365687978784e-16
       11.956055       2.3561945  -1.984674587612493e-16

       12.006185      0.78539816   2.083096802388411e-15
       12.006185       2.3561945   2.083096802363842e-15

       12.056315      0.78539816   4.927654515211337e-15
       12.056315       2.3561945   4.919980646102422e-15

       12.106445      0.78539816   3.010837625976627e-15
       12.106445       2.3561945   3.014658672590744e-15

       12.156576      0.78539816   7.949578961575352e-16
       12.156576       2.3561945   7.987631858429458e-16

       12.206706      0.78539816   6.738813947863476e-16
       12.206706       2.3561945   6.852503816887309e-16

       12.256836      0.78539816   1.573998592850043e-15
       12.256836       2.3561945   1.566450267546764e-15

       12.306966      0.78539816   1.730738278509849e-15
       12.306966       2.3561945   1.723220700029202e-15

       12.357096      0.78539816   1.168510721009519e-15
       12.357096       2.3561945   1.175997802373492e-15

       12.407227      0.78539816   3.501028485535916e-15
       12.407227       2.3561945   3.508485315975567e-15

       12.457357      0.78539816   2.427528746348804e-15
       12.457357       2.3561945   2.429385452047209e-15

       12.507487      0.78539816  -1.722862723035459e-15
       12.507487       2.3561945  -1.719164194816918e-15

       12.557617      0.78539816   2.246710479769319e-16
       12.557617       2.3561945   2.283548115337844e-16

       12.607747      0.78539816   3.933096630545163e-15
       12.607747       2.3561945   3.936765746896838e-15

       12.657878      0.78539816                       0
       12.657878       2.3561945                       0

       12.708008      0.78539816                       0
       12.708008       2.3561945                       0

       12.758138      0.78539816                       0
       12.758138       2.3561945                       0

       12.808268      0.78539816                       0
       12.808268       2.3561945                       0

       12.858398      0.78539816                       0
       12.858398       2.3561945                       0

       12.908529      0.78539816                       0
       12.908529       2.3561945                       0

       12.958659      0.78539816                       0
       12.958659       2.3561945                       0

       13.008789      0.78539816                       0
       13.008789       2.3561945                       0

