# File created on Wed Jul  8 11:31:14 2026
# ======================================== 
# = Running code assuming AXISYMMETRY    = 
# ======================================== 
# Data for Inflation GW initial data initial data at coord. time 0.163788 and proper central time 0.163788
# Evolved with (264,10,9) gridpoints (including 4 ghosts)
# Evolution with geodesic slicing and constant shift
# using eighth-order spatial differencing with 4 ghost zones 
# data 1 at theta = 0 and phi = 3.14159
# data 2 at theta = 1.5708 and phi = 3.14159
#                      r                   Mom_t                   Mom_t
#                               (     0,3.14159)        (1.5708,3.14159)
#========================================================================
     -0.1754557291666667    4.03896783473158e-28  -3.942474482457553e-12
     -0.1253255208333333                       0   1.231795741423383e-11
           -0.0751953125                       0   1.132238252930996e-11
    -0.02506510416666667                       0  -4.933201617661592e-11
     0.02506510416666667   1.615587133892632e-27  -4.933201617661592e-11
            0.0751953125                       0   1.132238252930996e-11
      0.1253255208333333                       0   1.231795741423383e-11
      0.1754557291666667   5.048709793414476e-28  -3.942474482457553e-12
            0.2255859375                       0  -6.785279034181913e-12
      0.2757161458333334                       0  -6.068748101408899e-13
      0.3258463541666667   1.262177448353619e-29  -1.260989228611428e-13
            0.3759765625                       0  -6.392096038062498e-13
      0.4261067708333334                       0  -2.278919266402076e-14
      0.4762369791666667                       0   8.285062675331862e-14
            0.5263671875                       0   8.308466457092525e-14
      0.5764973958333334                       0   1.297581070744424e-13
      0.6266276041666667                       0   1.545252918758616e-13
            0.6767578125                       0   1.596717835646517e-13
      0.7268880208333334                       0   1.662538854884943e-13
      0.7770182291666667                       0   1.708734634787581e-13
            0.8271484375                       0    1.70763465960788e-13
      0.8772786458333334                       0   1.607729669894934e-13
      0.9274088541666667                       0   1.627602360648228e-13
            0.9775390625                       0   1.612133018391284e-13
       1.027669270833333                       0   1.544578650456415e-13
       1.077799479166667                       0   1.501680235306577e-13
            1.1279296875  -1.262177448353619e-29   1.470643954684229e-13
       1.178059895833333                       0   1.442637606491646e-13
       1.228190104166667                       0   1.387369031164663e-13
            1.2783203125   1.262177448353619e-29   1.356693181463493e-13
       1.328450520833333                       0   1.296546174171336e-13
       1.378580729166667                       0   1.260495765944676e-13
            1.4287109375                       0   1.252305664354158e-13
       1.478841145833333                       0   1.217986935580986e-13
       1.528971354166667                       0   1.159452559139125e-13
            1.5791015625                       0   1.149851322966022e-13
       1.629231770833333                       0   1.122832638080792e-13
       1.679361979166667                       0   1.064657159445401e-13
            1.7294921875  -3.155443620884047e-30   1.033297565577675e-13
       1.779622395833333                       0   1.031767978962278e-13
       1.829752604166667                       0   9.779914810278107e-14
            1.8798828125                       0   9.973715334395655e-14
       1.930013020833333   3.155443620884047e-30    9.45716145718259e-14
       1.980143229166667                       0   9.226942646378141e-14
            2.0302734375                       0   8.882417823602937e-14
       2.080403645833333                       0   9.015253299297022e-14
       2.130533854166667                       0   8.758856645582188e-14
            2.1806640625                       0   8.192012877558134e-14
       2.230794270833333                       0   8.168124823091586e-14
       2.280924479166667                       0   8.193964207445726e-14
            2.3310546875                       0    7.91614118112091e-14
       2.381184895833333                       0   7.678368916604755e-14
       2.431315104166667   6.310887241768094e-30   7.623582621928353e-14
            2.4814453125                       0   7.319349972750932e-14
       2.531575520833333  -6.310887241768094e-30   7.152904750479424e-14
       2.581705729166667                       0   6.862040115335588e-14
            2.6318359375  -6.310887241768094e-30     7.0660522301554e-14
       2.681966145833333   4.733165431326071e-30   6.586342401491776e-14
       2.732096354166667  -6.310887241768094e-30   6.602061717318699e-14
            2.7822265625  -6.310887241768094e-30   6.372936764145768e-14
       2.832356770833333   6.310887241768094e-30   6.507186313585867e-14
       2.882486979166667                       0   6.074107277604349e-14
            2.9326171875                       0   6.107065516376686e-14
       2.982747395833333   6.310887241768094e-30   6.059590131513745e-14
       3.032877604166667                       0   5.914719311217483e-14
            3.0830078125                       0   5.727544405982771e-14
       3.133138020833333                       0     5.7033983188834e-14
       3.183268229166667                       0   5.613866895135333e-14
            3.2333984375                       0   5.330133871990427e-14
       3.283528645833333                       0   5.446740589970137e-14
       3.333658854166667                       0   5.286943210342235e-14
            3.3837890625                       0   5.229915001017233e-14
       3.433919270833333                       0   5.238085835135437e-14
       3.484049479166667                       0   5.048838620862563e-14
            3.5341796875   1.577721810442024e-30    4.97615378785365e-14
       3.584309895833333  -3.944304526105059e-31   5.035757558879993e-14
       3.634440104166667                       0   4.901226588954521e-14
            3.6845703125                       0   4.790860753240121e-14
       3.734700520833333                       0   4.776596864473507e-14
       3.784830729166667                       0    4.79493638105815e-14
            3.8349609375                       0   4.587927657500507e-14
       3.885091145833333                       0   4.686629656281787e-14
       3.935221354166667                       0   4.673422034490716e-14
            3.9853515625                       0   4.518162053614623e-14
       4.035481770833334                       0   4.404635970418432e-14
       4.085611979166667                       0   4.424749612105113e-14
            4.1357421875                       0   4.399115510645612e-14
       4.185872395833334                       0     4.2947260943289e-14
       4.236002604166667                       0   4.363642389813548e-14
            4.2861328125                       0   4.433105360904269e-14
       4.336263020833334                       0   4.474665674443126e-14
       4.386393229166667                       0   4.403643116586189e-14
            4.4365234375                       0   4.337493247665236e-14
       4.486653645833334                       0   4.243560286679491e-14
       4.536783854166667                       0    4.17599330722042e-14
            4.5869140625                       0   4.227471993162405e-14
       4.637044270833334                       0   4.300343004385328e-14
       4.687174479166667                       0   4.230503739673922e-14
            4.7373046875                       0     4.0422493237404e-14
       4.787434895833334                       0    4.10456356505289e-14
       4.837565104166667                       0    4.06515828669326e-14
            4.8876953125                       0    3.89825274857043e-14
       4.937825520833334                       0   3.908040420132568e-14
       4.987955729166667                       0   3.690921318835511e-14
            5.0380859375   3.944304526105059e-30   3.748599645282724e-14
       5.088216145833334  -7.888609052210118e-31   3.762778270804278e-14
       5.138346354166667                       0   3.744645897991412e-14
            5.1884765625                       0   3.543754924136955e-14
       5.238606770833334                       0   3.411360606967911e-14
       5.288736979166667                       0   3.574854740317541e-14
            5.3388671875                       0   3.431231626113119e-14
       5.388997395833334   3.155443620884047e-30   3.261596143511032e-14
       5.439127604166667  -3.944304526105059e-30   3.303345990423075e-14
            5.4892578125                       0   3.233295432066473e-14
       5.539388020833334                       0   3.091764999959424e-14
       5.589518229166667   3.155443620884047e-30   3.301047795075994e-14
            5.6396484375                       0   3.336116365942162e-14
       5.689778645833334                       0   3.134883148415396e-14
       5.739908854166667  -2.366582715663035e-30   3.046219873759974e-14
            5.7900390625                       0   3.077501539118203e-14
       5.840169270833334  -3.155443620884047e-30   3.023631417675645e-14
       5.890299479166667   7.888609052210118e-31   3.067977176060547e-14
            5.9404296875                       0   3.129317182238794e-14
       5.990559895833334                       0   2.956757980615634e-14
       6.040690104166667                       0   2.900074999072564e-14
            6.0908203125                       0   3.019849473989948e-14
       6.140950520833334                       0   2.822389454878996e-14
       6.191080729166667                       0   2.896030495225546e-14
            6.2412109375                       0     2.9580345702556e-14
       6.291341145833334                       0   2.792089085499139e-14
       6.341471354166667                       0   2.844348071597087e-14
            6.3916015625                       0   2.819861381840008e-14
       6.441731770833334                       0   2.772791534586312e-14
       6.491861979166667                       0   2.712733946968327e-14
            6.5419921875                       0   2.671488595007999e-14
       6.592122395833334                       0   2.751761015487787e-14
       6.642252604166667                       0   2.631316176909915e-14
            6.6923828125                       0    2.69300052357159e-14
       6.742513020833334                       0   2.757604197116159e-14
       6.792643229166667                       0    2.61676355461356e-14
            6.8427734375                       0   2.645654095613627e-14
       6.892903645833334                       0    2.72145106887828e-14
       6.943033854166667                       0   2.514850122239906e-14
            6.9931640625                       0   2.560266594334715e-14
       7.043294270833334                       0   2.644404428926566e-14
       7.093424479166667                       0    2.54381306202555e-14
            7.1435546875  -7.888609052210118e-31    2.62425854939761e-14
       7.193684895833334                       0   2.601688581991094e-14
       7.243815104166667                       0   2.395325611499854e-14
            7.2939453125                       0   2.505691787127446e-14
       7.344075520833334                       0   2.485450862891146e-14
       7.394205729166667                       0    2.35394853271741e-14
            7.4443359375                       0   2.394899516419471e-14
       7.494466145833334                       0   2.364810600895757e-14
       7.544596354166667                       0   2.312865983111844e-14
            7.5947265625  -7.888609052210118e-31   2.317053620893828e-14
       7.644856770833334                       0   2.272983608666507e-14
       7.694986979166667                       0   2.153326098724899e-14
            7.7451171875                       0    2.20508335257846e-14
       7.795247395833334                       0   2.163659786600998e-14
       7.845377604166667                       0   2.167487040524803e-14
            7.8955078125                       0   2.172312114547545e-14
       7.945638020833334                       0   2.163386515950748e-14
       7.995768229166667                       0   2.160741107064771e-14
            8.0458984375                       0   2.268245071609448e-14
       8.096028645833334                       0   2.190530714050541e-14
       8.146158854166668                       0   2.114435197220982e-14
            8.1962890625                       0   2.192214445132626e-14
       8.246419270833334                       0   2.198613396757806e-14
       8.296549479166668                       0   2.168169114058526e-14
            8.3466796875                       0   2.146883263682073e-14
       8.396809895833334                       0   2.141882982989011e-14
       8.446940104166668                       0   2.102929853592914e-14
            8.4970703125                       0   2.067327003886065e-14
       8.547200520833334                       0   2.005407588958746e-14
       8.597330729166668                       0   1.972343286889358e-14
            8.6474609375                       0   2.037725080938216e-14
       8.697591145833334                       0   2.033461264059848e-14
       8.747721354166668                       0   2.072663338370412e-14
            8.7978515625                       0   1.931579484152481e-14
       8.847981770833334                       0   1.994006367301087e-14
       8.898111979166668  -3.944304526105059e-31   1.865140959205732e-14
            8.9482421875                       0   2.021396566067546e-14
       8.998372395833334                       0   2.046647485222338e-14
       9.048502604166668                       0   1.983981314733456e-14
            9.0986328125                       0   2.015008935607113e-14
       9.148763020833334                       0   1.990563460910425e-14
       9.198893229166668                       0   1.909851951405724e-14
            9.2490234375                       0   1.948343829787137e-14
       9.299153645833334                       0   2.056730853613037e-14
       9.349283854166668                       0   2.047364030624276e-14
            9.3994140625                       0   1.994170207388683e-14
       9.449544270833334                       0    1.94107938970937e-14
       9.499674479166668   -1.97215226305253e-30   1.924893531931982e-14
            9.5498046875                       0   1.916017230395272e-14
       9.599934895833334                       0   1.817700643806871e-14
       9.650065104166668                       0   1.906872224251065e-14
            9.7001953125                       0   1.946267897690677e-14
       9.750325520833334                       0    1.89201302366849e-14
       9.800455729166668                       0   2.003736389011435e-14
            9.8505859375                       0   1.932080805744629e-14
       9.900716145833334                       0   1.968223457783093e-14
       9.950846354166668                       0   1.865687443539299e-14
           10.0009765625                       0   1.851920616707488e-14
       10.05110677083333                       0   1.875845110793918e-14
       10.10123697916667                       0   1.977919372325578e-14
           10.1513671875                       0   1.867750474275013e-14
       10.20149739583333                       0   1.968626680849401e-14
       10.25162760416667                       0    2.06889549609069e-14
           10.3017578125                       0   2.015080438216732e-14
       10.35188802083333                       0   1.888383984379616e-14
       10.40201822916667                       0   2.000378014161446e-14
           10.4521484375                       0   2.141714753103817e-14
       10.50227864583333                       0   2.032904842925902e-14
       10.55240885416667                       0   2.038581591372335e-14
           10.6025390625                       0   2.159652986301477e-14
       10.65266927083333                       0   2.046191622385174e-14
       10.70279947916667                       0    2.06835759142907e-14
           10.7529296875                       0   2.140271600385122e-14
       10.80305989583333                       0   2.035826226791213e-14
       10.85319010416667                       0    2.06356262077905e-14
           10.9033203125                       0   2.102329483620904e-14
       10.95345052083333                       0   2.001094276030524e-14
       11.00358072916667                       0   2.055795082789016e-14
           11.0537109375                       0   2.045692318993369e-14
       11.10384114583333                       0   2.014744421887066e-14
       11.15397135416667                       0   1.967261997582223e-14
           11.2041015625                       0   1.940478824361773e-14
       11.25423177083333                       0   1.924337452296029e-14
       11.30436197916667                       0    1.90347909889737e-14
           11.3544921875                       0   1.974178741857294e-14
       11.40462239583333                       0   1.981249010971465e-14
       11.45475260416667                       0   2.013711910759062e-14
           11.5048828125                       0   2.105519217247536e-14
       11.55501302083333                       0    1.80098124756389e-14
       11.60514322916667                       0   1.698758849710513e-14
           11.6552734375                       0   1.897379441915025e-14
       11.70540364583333   1.183291357831518e-30   1.797754756295716e-14
       11.75553385416667                       0    1.70007302846626e-14
           11.8056640625                       0    1.83352618248912e-14
       11.85579427083333                       0   1.986127536041202e-14
       11.90592447916667                       0   1.757222779438117e-14
           11.9560546875                       0    1.53736409701344e-14
       12.00618489583333    1.97215226305253e-30   1.597241522353607e-14
       12.05631510416667  -1.577721810442024e-30   1.599043571097141e-14
           12.1064453125  -9.860761315262648e-32    1.30364186005439e-14
       12.15657552083333                       0   1.466966902075622e-14
       12.20670572916667                       0   1.635430456896495e-14
           12.2568359375                       0   1.443383353671852e-14
       12.30696614583333                       0   1.355205691702623e-14
       12.35709635416667                       0   1.347920092849417e-14
           12.4072265625                       0   1.216051169243298e-14
       12.45735677083333                       0   1.221977635675765e-14
       12.50748697916667                       0   9.842866559626748e-15
           12.5576171875                       0   6.404584950464635e-15
       12.60774739583333                       0   4.422604230883912e-14
       12.65787760416667                       0                       0
           12.7080078125                       0                       0
       12.75813802083333                       0                       0
       12.80826822916667                       0                       0
           12.8583984375                       0                       0
       12.90852864583333                       0                       0
       12.95865885416667                       0                       0
           13.0087890625                       0                       0
