# File created on Wed Jul  8 11:31:14 2026
# ======================================== 
# = Running code assuming AXISYMMETRY    = 
# ======================================== 
# Data for Inflation GW initial data initial data at coord. time 0.163788 and proper central time 0.163788
# Evolved with (264,10,9) gridpoints (including 4 ghosts)
# Evolution with geodesic slicing and constant shift
# using eighth-order spatial differencing with 4 ghost zones 
# data 1 at theta = 0 and phi = 3.14159
# data 2 at theta = 1.5708 and phi = 3.14159
#                      r                   Mom_r                   Mom_r
#                               (     0,3.14159)        (1.5708,3.14159)
#========================================================================
     -0.1754557291666667    0.008778649584005016    0.008778649577377309
     -0.1253255208333333    -0.03480396228082908    -0.03480396226661271
           -0.0751953125    -0.02082326792085826    -0.02082326790779201
    -0.02506510416666667     0.02738690959652257     0.02738690954988689
     0.02506510416666667    -0.02738690950325122    -0.02738690954988689
            0.0751953125     0.02082326789472577     0.02082326790779201
      0.1253255208333333     0.03480396225239633     0.03480396226661271
      0.1754557291666667     -0.0087786495707496   -0.008778649577377309
            0.2255859375    -0.01813026351374203    -0.01813026352047909
      0.2757161458333334     -0.0153334711847962    -0.01533347118449951
      0.3258463541666667    -0.01389254074167675    -0.01389254074193909
            0.3759765625    -0.01192320331155326    -0.01192320331222649
      0.4261067708333334    -0.01003428102693381    -0.01003428102707526
      0.4762369791666667   -0.008371931407856904    -0.00837193140806446
            0.5263671875   -0.006864642126133025   -0.006864642126148186
      0.5764973958333334   -0.005496529299329782   -0.005496529299505011
      0.6266276041666667   -0.004244290004872874   -0.004244290004903159
            0.6767578125   -0.003086854152874971   -0.003086854153083445
      0.7268880208333334   -0.002007307975034079   -0.002007307974998498
      0.7770182291666667  -0.0009917456670748754  -0.0009917456669977648
            0.8271484375    -2.8844568430895e-05  -2.884456866527121e-05
      0.8772786458333334   0.0008906422434499102    0.000890642243518671
      0.9274088541666667    0.001774314400670224    0.001774314400640121
            0.9775390625    0.002628461688099745    0.002628461688085441
       1.027669270833333    0.003458329861130518    0.003458329861082177
       1.077799479166667    0.004268328029266283    0.004268328029193354
            1.1279296875    0.005062190463544372    0.005062190463708337
       1.178059895833333    0.005843103241647499    0.005843103241680851
       1.228190104166667    0.006613803870471014     0.00661380387041699
            1.2783203125    0.007376660093564932    0.007376660093662182
       1.328450520833333     0.00813373260030602    0.008133732600273842
       1.378580729166667    0.008886825259637443    0.008886825259659177
            1.4287109375    0.009637525604893961    0.009637525605037077
       1.478841145833333     0.01038723764795446     0.01038723764794352
       1.528971354166667     0.01113720865934627      0.0111372086592715
            1.5791015625     0.01188855113854344     0.01188855113869555
       1.629231770833333     0.01264226093854692     0.01264226093836562
       1.679361979166667     0.01339923230102322     0.01339923230105127
            1.7294921875     0.01416027039760502     0.01416027039764974
       1.779622395833333     0.01492610182909078     0.01492610182900522
       1.829752604166667     0.01569738347511403     0.01569738347521692
            1.8798828125     0.01647470998051045      0.0164747099805683
       1.930013020833333     0.01725862011591451     0.01725862011597422
       1.980143229166667     0.01804960221164897      0.0180496022113735
            2.0302734375     0.01884809881655018     0.01884809881659169
       2.080403645833333     0.01965451070888604     0.01965451070898631
       2.130533854166667     0.02046920036621857     0.02046920036595858
            2.1806640625     0.02129249498465676     0.02129249498456184
       2.230794270833333     0.02212468910839086     0.02212468910860881
       2.280924479166667     0.02296604693843017     0.02296604693856263
            2.3310546875     0.02381680436248354     0.02381680436243271
       2.381184895833333     0.02467717074983252     0.02467717074965942
       2.431315104166667     0.02554733054857797     0.02554733054866605
            2.4814453125     0.02642744470831753     0.02642744470799245
       2.531575520833333     0.02731765195528853     0.02731765195512779
       2.581705729166667     0.02821806994540123     0.02821806994551618
            2.6318359375     0.02912879630273812     0.02912879630279677
       2.681966145833333      0.0300499095659548     0.03004990956594762
       2.732096354166667     0.03098147005711331     0.03098147005686736
            2.7822265625     0.03192352067091397     0.03192352067101575
       2.832356770833333     0.03287608761210279     0.03287608761208089
       2.882486979166667     0.03383918107323673     0.03383918107310486
            2.9326171875     0.03481279586539682     0.03481279586541678
       2.982747395833333     0.03579691201447049     0.03579691201447387
       3.032877604166667      0.0367914953166668      0.0367914953165239
            3.0830078125     0.03779649786021683     0.03779649786028261
       3.133138020833333     0.03881185852644168       0.038811858526333
       3.183268229166667     0.03983750345955497      0.0398375034595235
            3.2333984375      0.0408733465139044      0.0408733465139388
       3.283528645833333     0.04191928969258763      0.0419192896926277
       3.333658854166667     0.04297522356072322     0.04297522356080236
            3.3837890625     0.04404102763674197     0.04404102763665048
       3.433919270833333      0.0451165707848009     0.04511657078480806
       3.484049479166667     0.04620171158275185     0.04620171158280144
            3.5341796875     0.04729629867733053     0.04729629867738259
       3.584309895833333     0.04840017114405796     0.04840017114424744
       3.634440104166667     0.04951315882300704     0.04951315882304121
            3.6845703125     0.05063508264583521     0.05063508264578097
       3.734700520833333     0.05176575496495888     0.05176575496505867
       3.784830729166667     0.05290497986228527     0.05290497986247746
            3.8349609375     0.05405255345419987     0.05405255345429479
       3.885091145833333     0.05520826420030395     0.05520826420058229
       3.935221354166667     0.05637189319490812      0.0563718931949829
            3.9853515625     0.05754321444896766     0.05754321444885445
       4.035481770833334     0.05872199517545938     0.05872199517571344
       4.085611979166667     0.05990799606439456     0.05990799606445496
            4.1357421875     0.06110097154220929     0.06110097154234038
       4.185872395833334     0.06230067005043933      0.0623006700504635
       4.236002604166667     0.06350683429849337     0.06350683429870177
            4.2861328125     0.06471920151111032       0.064719201511518
       4.336263020833334     0.06593750368454686      0.0659375036847249
       4.386393229166667     0.06716146782071955     0.06716146782073587
            4.4365234375     0.06839081616251369     0.06839081616230529
       4.486653645833334     0.06962526643550186     0.06962526643547436
       4.536783854166667     0.07086453207498775     0.07086453207522453
            4.5869140625     0.07210832243920631     0.07210832243951325
       4.637044270833334     0.07335634303471875     0.07335634303502914
       4.687174479166667      0.0746082957262356     0.07460829572622515
            4.7373046875     0.07586387893692963     0.07586387893708285
       4.787434895833334     0.07712278786729071     0.07712278786731175
       4.837565104166667     0.07838471468759851     0.07838471468735586
            4.8876953125      0.0796493487273215     0.07964934872743026
       4.937825520833334     0.08091637667384775     0.08091637667365917
       4.987955729166667      0.0821854827519311     0.08218548275171803
            5.0380859375     0.08345634890007418     0.08345634890035819
       5.088216145833334     0.08472865496361867     0.08472865496398158
       5.138346354166667      0.0860020788574833     0.08600207885748004
            5.1884765625     0.08727629673620088     0.08727629673588205
       5.238606770833334     0.08855098316292691     0.08855098316287685
       5.288736979166667     0.08982581126898995     0.08982581126906383
            5.3388671875     0.09110045290561646     0.09110045290527571
       5.388997395833334      0.0923745788086467     0.09237457880858002
       5.439127604166667     0.09364785874898321     0.09364785874910657
            5.4892578125     0.09491996167315601     0.09491996167307826
       5.539388020833334     0.09619055585360073      0.0961905558538737
       5.589518229166667     0.09745930902904683      0.0974593090294967
            5.6396484375     0.09872588853478136     0.09872588853468052
       5.689778645833334     0.09998996144878181     0.09998996144858759
       5.739908854166667      0.1012511947226428      0.1012511947226354
            5.7900390625      0.1025092553081235      0.1025092553080453
       5.840169270833334      0.1037638102872315      0.1037638102874709
       5.890299479166667      0.1050145269957812      0.1050145269961904
            5.9404296875      0.1062610731422682      0.1062610731422579
       5.990559895833334      0.1075031169356542      0.1075031169352283
       6.040690104166667       0.108740327202327      0.1087403272023683
            6.0908203125      0.1099723735010894      0.1099723735012774
       6.140950520833334      0.1111989262409074      0.1111989262408633
       6.191080729166667      0.1124196567904498      0.1124196567906601
            6.2412109375      0.1136342375885257      0.1136342375885609
       6.291341145833334      0.1148423422586856      0.1148423422583914
       6.341471354166667      0.1160436457200318      0.1160436457199123
            6.3916015625      0.1172378242902205      0.1172378242901604
       6.441731770833334        0.11842455579443      0.1184245557944257
       6.491861979166667      0.1196035196720483      0.1196035196719532
            6.5419921875      0.1207743970745076      0.1207743970742463
       6.592122395833334      0.1219368709781465      0.1219368709780863
       6.642252604166667      0.1230906262850762       0.123090626284879
            6.6923828125      0.1242353499238562      0.1242353499241122
       6.742513020833334      0.1253707309555899      0.1253707309556755
       6.792643229166667      0.1264964606703425      0.1264964606701595
            6.8427734375      0.1276122326878665      0.1276122326878346
       6.892903645833334      0.1287177430670391      0.1287177430663942
       6.943033854166667      0.1298126903965362      0.1298126903961648
            6.9931640625      0.1308967759027214      0.1308967759028379
       7.043294270833334       0.131969703551174      0.1319697035510164
       7.093424479166667      0.1330311801380911      0.1330311801384586
            7.1435546875      0.1340809153973986      0.1340809153974409
       7.193684895833334      0.1351186220992138      0.1351186220986805
       7.243815104166667      0.1361440161512248       0.136144016151134
            7.2939453125      0.1371568166985244       0.137156816698253
       7.344075520833334      0.1381567462249646      0.1381567462246304
       7.394205729166667      0.1391435306532103       0.139143530653007
            7.4443359375      0.1401168994419202      0.1401168994420203
       7.494466145833334      0.1410765856922326      0.1410765856922906
       7.544596354166667      0.1420223262451892      0.1420223262452178
            7.5947265625       0.142953861783109      0.1429538617830632
       7.644856770833334      0.1438709369322342      0.1438709369318705
       7.694986979166667      0.1447733003613431       0.144773300361313
            7.7451171875      0.1456607048835137       0.145660704883548
       7.795247395833334      0.1465329075580125      0.1465329075575982
       7.845377604166667      0.1473896697881014      0.1473896697883014
            7.8955078125      0.1482307574284021      0.1482307574286332
       7.945638020833334      0.1490559408785177      0.1490559408782988
       7.995768229166667      0.1498649951859698      0.1498649951865166
            8.0458984375      0.1506577001497344      0.1506577001499934
       8.096028645833334      0.1514338404130205      0.1514338404125619
       8.146158854166668      0.1521932055645242      0.1521932055643385
            8.1962890625      0.1529355902434841      0.1529355902435781
       8.246419270833334      0.1536607942314744      0.1536607942312662
       8.296549479166668      0.1543686225505581      0.1543686225505197
            8.3466796875      0.1550588855621761      0.1550588855623965
       8.396809895833334      0.1557313990616006      0.1557313990614374
       8.446940104166668      0.1563859843696755      0.1563859843693681
            8.4970703125      0.1570224684317065      0.1570224684316337
       8.547200520833334      0.1576406839079032       0.157640683908074
       8.597330729166668      0.1582404692657328      0.1582404692653465
            8.6474609375      0.1588216688663039      0.1588216688661982
       8.697591145833334      0.1593841330557472      0.1593841330556015
       8.747721354166668      0.1599277182488791      0.1599277182485375
            8.7978515625      0.1604522870164349      0.1604522870164561
       8.847981770833334      0.1609577081677088      0.1609577081679287
       8.898111979166668      0.1614438568314329      0.1614438568318103
            8.9482421875      0.1619106145365995      0.1619106145366682
       8.998372395833334      0.1623578692806953      0.1623578692800923
       9.048502604166668      0.1627855156106678       0.162785515610181
            9.0986328125      0.1631934546937033      0.1631934546938315
       9.148763020833334      0.1635815943863851      0.1635815943861739
       9.198893229166668       0.163949849296921      0.1639498492971193
            9.2490234375      0.1642981408565033      0.1642981408569743
       9.299153645833334      0.1646263973684736       0.164626397368522
       9.349283854166668      0.1649345540691866      0.1649345540687119
            9.3994140625      0.1652225531863613      0.1652225531858739
       9.449544270833334      0.1654903439819013      0.1654903439821589
       9.499674479166668      0.1657378828065441      0.1657378828063319
            9.5498046875      0.1659651331383648      0.1659651331380539
       9.599934895833334      0.1661720656191481      0.1661720656194285
       9.650065104166668      0.1663586580926157      0.1663586580927536
            9.7001953125      0.1665248956373382      0.1665248956372813
       9.750325520833334      0.1666707705911362      0.1666707705910448
       9.800455729166668      0.1667962825757175      0.1667962825760001
            9.8505859375       0.166901438520343      0.1669014385201261
       9.900716145833334      0.1669862526645335      0.1669862526641889
       9.950846354166668      0.1670507465753987      0.1670507465751212
           10.0009765625      0.1670949491547551       0.167094949154954
       10.05110677083333      0.1671188966357001      0.1671188966360354
       10.10123697916667      0.1671226325829313       0.167122632582783
           10.1513671875      0.1671062078823168      0.1671062078825001
       10.20149739583333      0.1670696807252241      0.1670696807254388
       10.25162760416667      0.1670131165915382      0.1670131165914879
           10.3017578125      0.1669365882296309      0.1669365882293376
       10.35188802083333      0.1668401756217395      0.1668401756219558
       10.40201822916667      0.1667239659611165      0.1667239659617956
           10.4521484375      0.1665880536085649      0.1665880536088496
       10.50227864583333      0.1664325400442239      0.1664325400441332
       10.55240885416667       0.166257533824109       0.166257533824254
           10.6025390625      0.1660631505330413      0.1660631505328722
       10.65266927083333      0.1658495127158862       0.165849512715571
       10.70279947916667      0.1656167498205346      0.1656167498210062
           10.7529296875      0.1653649981358331      0.1653649981361717
       10.80305989583333      0.1650944007053624      0.1650944007055317
       10.85319010416667      0.1648051072545416      0.1648051072546982
           10.9033203125      0.1644972741136183      0.1644972741132833
       10.95345052083333      0.1641710641232525      0.1641710641228865
       11.00358072916667      0.1638266465461802       0.163826646546112
           11.0537109375       0.163464196971304      0.1634641969711988
       11.10384114583333      0.1630838972046647      0.1630838972047246
       11.15397135416667      0.1626859351682175      0.1626859351684835
           11.2041015625      0.1622705047904387      0.1622705047902794
       11.25423177083333      0.1618378058849536      0.1618378058847805
       11.30436197916667      0.1613880440388962      0.1613880440390175
           11.3544921875      0.1609214304868098      0.1609214304868607
       11.40462239583333      0.1604381819758796      0.1604381819758542
       11.45475260416667      0.1599385206404116      0.1599385206404956
           11.5048828125      0.1594226738672891      0.1594226738666469
       11.55501302083333       0.158890874149405      0.1588908741486448
       11.60514322916667      0.1583433589482092      0.1583433589483668
           11.6552734375      0.1577803705539865      0.1577803705542643
       11.70540364583333      0.1572021559232242      0.1572021559228792
       11.75553385416667      0.1566089664569129      0.1566089664569359
           11.8056640625      0.1560010583578995      0.1560010583579767
       11.85579427083333      0.1553786912378197      0.1553786912372586
       11.90592447916667      0.1547421211112009      0.1547421211105915
           11.9560546875      0.1540916802741148      0.1540916802740287
       12.00618489583333      0.1534274434790839      0.1534274434794669
       12.05631510416667      0.1527493440199732      0.1527493440196853
           12.1064453125      0.1520639516566726      0.1520639516563488
       12.15657552083333      0.1513432990269224      0.1513432990275003
       12.20670572916667      0.1506243648418707      0.1506243648418018
           12.2568359375      0.1501759271376883      0.1501759271369381
       12.30696614583333      0.1482040462228796      0.1482040462228793
       12.35709635416667      0.1495576960824711       0.149557696082857
           12.4072265625        0.15199033724487       0.151990337245255
       12.45735677083333      0.1275315480581684      0.1275315480581811
       12.50748697916667      0.1804014745768392      0.1804014745764482
           12.5576171875     0.05567373877182577      0.0556737387717705
       12.60774739583333       0.606589629924502      0.6065896299244724
       12.65787760416667                       0                       0
           12.7080078125                       0                       0
       12.75813802083333                       0                       0
       12.80826822916667                       0                       0
           12.8583984375                       0                       0
       12.90852864583333                       0                       0
       12.95865885416667                       0                       0
           13.0087890625                       0                       0
