# File created on Tue Jul  7 15:36:44 2026
# Data for Inflation GW initial data initial data at coord time 0 and central proper time 0
# Evolved with (136,10,9) gridpoints (including 4 ghosts)
# Evolution with geodesic slicing and constant shift shift condition 
# data for phi = 3.14159
#              r           theta               Mom_t
#===============================================================
        0.078125      0.78539816  -1.080446274893658e-16
        0.078125       2.3561945  -1.078711656669915e-16

        0.234375      0.78539816  -1.809677080497073e-16
        0.234375       2.3561945  -1.957698128437268e-16

        0.390625      0.78539816    6.78456075291519e-17
        0.390625       2.3561945   6.784560752476404e-17

        0.546875      0.78539816  -5.613334054213654e-17
        0.546875       2.3561945  -5.613334056402353e-17

        0.703125      0.78539816  -1.462138138083545e-17
        0.703125       2.3561945  -1.462138138150185e-17

        0.859375      0.78539816  -2.874708826717715e-17
        0.859375       2.3561945  -2.799014829160864e-17

        1.015625      0.78539816   -1.97736871937427e-17
        1.015625       2.3561945  -1.977368719814521e-17

        1.171875      0.78539816   -1.83195098973294e-17
        1.171875       2.3561945  -1.831950990708936e-17

        1.328125      0.78539816  -3.161116457508739e-17
        1.328125       2.3561945  -3.095811017265088e-17

        1.484375      0.78539816  -1.554371206284248e-17
        1.484375       2.3561945  -1.437508492292548e-17

        1.640625      0.78539816  -1.200684222195354e-17
        1.640625       2.3561945  -1.200684222893041e-17

        1.796875      0.78539816  -2.117727740175532e-17
        1.796875       2.3561945   -2.21426694255047e-17

        1.953125      0.78539816  -2.192943971881186e-18
        1.953125       2.3561945  -2.192943974333204e-18

        2.109375      0.78539816   6.727274115615932e-18
        2.109375       2.3561945   6.727274116516222e-18

        2.265625      0.78539816  -1.290417972797786e-17
        2.265625       2.3561945  -1.366983893727303e-17

        2.421875      0.78539816  -4.045131909567939e-18
        2.421875       2.3561945  -4.045131908505159e-18

        2.578125      0.78539816   2.089676114148868e-17
        2.578125       2.3561945    2.12331878647787e-17

        2.734375      0.78539816   2.574920719584828e-17
        2.734375       2.3561945   2.527340326993028e-17

        2.890625      0.78539816   9.840206969627942e-18
        2.890625       2.3561945   9.840206974615101e-18

        3.046875      0.78539816   -4.98180165816811e-18
        3.046875       2.3561945  -5.266471096735481e-18

        3.203125      0.78539816  -7.609544589926311e-18
        3.203125       2.3561945  -7.609544602313176e-18

        3.359375      0.78539816  -1.610535231713325e-18
        3.359375       2.3561945  -1.610535226690134e-18

        3.515625      0.78539816   5.837246020175577e-18
        3.515625       2.3561945   5.960602988342844e-18

        3.671875      0.78539816   5.050309316328089e-18
        3.671875       2.3561945   5.050309316532962e-18

        3.828125      0.78539816   3.228556320241032e-18
        3.828125       2.3561945   3.228556325255497e-18

        3.984375      0.78539816    9.08921624825222e-18
        3.984375       2.3561945   9.198060764859658e-18

        4.140625      0.78539816    9.91876262269061e-18
        4.140625       2.3561945   9.918762623665155e-18

        4.296875      0.78539816  -4.085885619591382e-18
        4.296875       2.3561945  -4.085885619043167e-18

        4.453125      0.78539816  -1.717263443294341e-17
        4.453125       2.3561945  -1.707524711894304e-17

        4.609375      0.78539816  -1.444642216954733e-17
        4.609375       2.3561945  -1.444642216849816e-17

        4.765625      0.78539816  -3.521943708719153e-18
        4.765625       2.3561945  -3.521943717803138e-18

        4.921875      0.78539816   4.845445658562659e-18
        4.921875       2.3561945   4.889501863452998e-18

        5.078125      0.78539816   7.502246095119507e-18
        5.078125       2.3561945   7.416844827165619e-18

        5.234375      0.78539816   4.003804668066362e-18
        5.234375       2.3561945   4.086656673912095e-18

        5.390625      0.78539816   2.345291905308254e-18
        5.390625       2.3561945   2.345291890704328e-18

        5.546875      0.78539816   5.470548897071136e-18
        5.546875       2.3561945   5.392364577968409e-18

        5.703125      0.78539816   6.185543478351015e-18
        5.703125       2.3561945   6.185543488152114e-18

        5.859375      0.78539816  -1.999211720087962e-18
        5.859375       2.3561945  -1.999211729840258e-18

        6.015625      0.78539816  -9.639940332685587e-18
        6.015625       2.3561945  -9.639940333084599e-18

        6.171875      0.78539816  -6.245489874434314e-18
        6.171875       2.3561945  -6.245489865716179e-18

        6.328125      0.78539816    3.67892181290507e-18
        6.328125       2.3561945   3.678921813004772e-18

        6.484375      0.78539816   8.398042744613713e-18
        6.484375       2.3561945   8.398042739089393e-18

        6.640625      0.78539816   3.623048182825052e-18
        6.640625       2.3561945   3.623048181749681e-18

        6.796875      0.78539816  -5.998694962718625e-18
        6.796875       2.3561945  -5.998694960635166e-18

        6.953125      0.78539816  -8.699374639873928e-18
        6.953125       2.3561945  -8.699374649153884e-18

        7.109375      0.78539816  -1.281692493896536e-18
        7.109375       2.3561945  -1.312193015375867e-18

        7.265625      0.78539816   2.009179010967684e-18
        7.265625       2.3561945   2.024101322697978e-18

        7.421875      0.78539816  -2.956661005188731e-18
        7.421875       2.3561945  -2.942052852880415e-18

        7.578125      0.78539816  -7.208313937888873e-18
        7.578125       2.3561945  -7.222620888646212e-18

        7.734375      0.78539816  -6.295685388143841e-18
        7.734375       2.3561945  -6.295685396664903e-18

        7.890625      0.78539816  -4.220099652246407e-18
        7.890625       2.3561945  -4.220099648506183e-18

        8.046875      0.78539816  -2.473675435154728e-18
        8.046875       2.3561945  -2.473675431527657e-18

        8.203125      0.78539816   1.987964567462023e-18
        8.203125       2.3561945   1.961530758631994e-18

        8.359375      0.78539816   9.048663141194044e-18
        8.359375       2.3561945   9.048663136926177e-18

        8.515625      0.78539816   1.232219908832635e-17
        8.515625       2.3561945   1.232219908375973e-17

        8.671875      0.78539816    9.52723793373412e-18
        8.671875       2.3561945   9.552242892905924e-18

        8.828125      0.78539816   5.279198120559242e-18
        8.828125       2.3561945   5.279198133953276e-18

        8.984375      0.78539816   1.178743755484775e-18
        8.984375       2.3561945   1.202878974035539e-18

        9.140625      0.78539816  -1.071218956215686e-18
        9.140625       2.3561945  -1.071218960717431e-18

        9.296875      0.78539816   1.741797434945464e-18
        9.296875       2.3561945   1.741797442503833e-18

        9.453125      0.78539816   4.621917487322418e-18
        9.453125       2.3561945   4.621917473741494e-18

        9.609375      0.78539816   5.520547916802193e-18
        9.609375       2.3561945   5.531830646048098e-18

        9.765625      0.78539816   8.357015790264568e-18
        9.765625       2.3561945   8.368118004315955e-18

        9.921875      0.78539816   9.311079424948654e-18
        9.921875       2.3561945    9.30015205911908e-18

       10.078125      0.78539816   6.504164437202337e-18
       10.078125       2.3561945   6.482648535397886e-18

       10.234375      0.78539816   3.512604082262497e-18
       10.234375       2.3561945   3.480822955477162e-18

       10.390625      0.78539816    2.88829005995528e-18
       10.390625       2.3561945   2.867421239164189e-18

       10.546875      0.78539816   7.197535823189235e-18
       10.546875       2.3561945   7.197535822940854e-18

       10.703125      0.78539816   1.283061694086089e-17
       10.703125       2.3561945   1.282048719372913e-17

       10.859375      0.78539816   1.270478499378105e-17
       10.859375       2.3561945   1.270478498101111e-17

       11.015625      0.78539816   7.155355364022826e-18
       11.015625       2.3561945   7.165197750496625e-18

       11.171875      0.78539816   1.513799595468197e-18
       11.171875       2.3561945   1.523504333185581e-18

       11.328125      0.78539816   3.247759767047908e-20
       11.328125       2.3561945   4.204847556905373e-20

       11.484375      0.78539816   3.784145466467663e-19
       11.484375       2.3561945   3.689738863023943e-19

       11.640625      0.78539816  -2.862945192818068e-18
       11.640625       2.3561945  -2.862945197517106e-18

       11.796875      0.78539816  -8.231447921847219e-18
       11.796875       2.3561945  -8.231447907928094e-18

       11.953125      0.78539816  -1.089740726521536e-17
       11.953125       2.3561945  -1.089740726461885e-17

       12.109375      0.78539816  -7.935639538181296e-18
       12.109375       2.3561945  -7.944592949823063e-18

       12.265625      0.78539816  -2.610198436798138e-18
       12.265625       2.3561945  -2.610198436374458e-18

       12.421875      0.78539816  -8.560576882137629e-19
       12.421875       2.3561945  -8.560576741219947e-19

       12.578125      0.78539816  -1.370733181680206e-18
       12.578125       2.3561945  -1.379352914647328e-18

       12.734375      0.78539816   5.388589903143519e-19
       12.734375       2.3561945   5.388589861934449e-19

       12.890625      0.78539816   5.572108696813743e-18
       12.890625       2.3561945   5.580519472403898e-18

       13.046875      0.78539816    9.68230702965835e-18
       13.046875       2.3561945   9.665686941141155e-18

       13.203125      0.78539816   9.811554164270124e-18
       13.203125       2.3561945   9.803342460692275e-18

       13.359375      0.78539816   6.907180361270706e-18
       13.359375       2.3561945   6.899064709883344e-18

       13.515625      0.78539816   1.612330291947644e-18
       13.515625       2.3561945   1.628373969157656e-18

       13.671875      0.78539816  -3.053158943652471e-18
       13.671875       2.3561945  -3.061089107909302e-18

       13.828125      0.78539816  -4.355433004864792e-18
       13.828125       2.3561945  -4.355433011967624e-18

       13.984375      0.78539816  -3.482102487023806e-18
       13.984375       2.3561945  -3.489855425033421e-18

       14.140625      0.78539816   -6.78835988495395e-19
       14.140625       2.3561945  -6.826696176458448e-19

       14.296875      0.78539816   4.961098580897857e-18
       14.296875       2.3561945   4.957306829400225e-18

       14.453125      0.78539816   1.044582870805222e-17
       14.453125       2.3561945   1.043832720104896e-17

       14.609375      0.78539816     1.2258418585711e-17
       14.609375       2.3561945   1.226212923346609e-17

       14.765625      0.78539816   1.207743416647751e-17
       14.765625       2.3561945   1.208477690453763e-17

       14.921875      0.78539816   1.231326781820851e-17
       14.921875       2.3561945   1.230600196326791e-17

       15.078125      0.78539816   1.228393000095978e-17
       15.078125       2.3561945     1.2276739443226e-17

       15.234375      0.78539816   1.092579837630377e-17
       15.234375       2.3561945    1.09293567803847e-17

       15.390625      0.78539816   8.276037765366532e-18
       15.390625       2.3561945   8.279560052403554e-18

       15.546875      0.78539816    5.75521415894154e-18
       15.546875       2.3561945   5.751727274599545e-18

       15.703125      0.78539816   5.541548684640269e-18
       15.703125       2.3561945    5.54154867822782e-18

       15.859375      0.78539816   7.138875746331614e-18
       15.859375       2.3561945   7.142293928321486e-18

       16.015625      0.78539816   7.091166129602019e-18
       16.015625       2.3561945   7.091166128366167e-18

       16.171875      0.78539816   4.444408403591161e-18
       16.171875       2.3561945   4.444408391451342e-18

       16.328125      0.78539816   7.485665894088639e-19
       16.328125       2.3561945     7.4856659062232e-19

       16.484375      0.78539816  -2.748381149786017e-18
       16.484375       2.3561945  -2.748381150011021e-18

       16.640625      0.78539816  -4.001929040445667e-18
       16.640625       2.3561945  -4.001929044728094e-18

       16.796875      0.78539816  -2.424770062686875e-18
       16.796875       2.3561945  -2.424770056730886e-18

       16.953125      0.78539816   1.631791769988518e-18
       16.953125       2.3561945    1.63498941805602e-18

       17.109375      0.78539816     6.5652727822714e-18
       17.109375       2.3561945   6.568441216664246e-18

       17.265625      0.78539816   8.480605451647018e-18
       17.265625       2.3561945   8.477465690429294e-18

       17.421875      0.78539816   6.628837128712409e-18
       17.421875       2.3561945   6.625725526695283e-18

       17.578125      0.78539816   4.045400127150191e-18
       17.578125       2.3561945   4.045400120989407e-18

       17.734375      0.78539816   2.504184484867986e-18
       17.734375       2.3561945   2.501127708352005e-18

       17.890625      0.78539816   1.322188438949703e-18
       17.890625       2.3561945   1.325218520905713e-18

       18.046875      0.78539816   5.336241598338214e-19
       18.046875       2.3561945   5.336241590598128e-19

       18.203125      0.78539816   7.383362971439647e-19
       18.203125       2.3561945   7.383363082814988e-19

       18.359375      0.78539816   1.467471004193088e-18
       18.359375       2.3561945   1.467471006176667e-18

       18.515625      0.78539816   1.461745934238293e-18
       18.515625       2.3561945   1.461745926148816e-18

       18.671875      0.78539816   1.263079994768591e-18
       18.671875       2.3561945   1.263080002361625e-18

       18.828125      0.78539816   1.621487939830332e-18
       18.828125       2.3561945   1.625806757722382e-18

       18.984375      0.78539816   1.045329657524082e-18
       18.984375       2.3561945   1.045329662878588e-18

       19.140625      0.78539816  -7.389783238873902e-19
       19.140625       2.3561945  -7.389783235049327e-19

       19.296875      0.78539816  -2.408452185959406e-18
       19.296875       2.3561945  -2.408452187004545e-18

       19.453125      0.78539816                       0
       19.453125       2.3561945                       0

       19.609375      0.78539816                       0
       19.609375       2.3561945                       0

       19.765625      0.78539816                       0
       19.765625       2.3561945                       0

       19.921875      0.78539816                       0
       19.921875       2.3561945                       0

       20.078125      0.78539816                       0
       20.078125       2.3561945                       0

       20.234375      0.78539816                       0
       20.234375       2.3561945                       0

       20.390625      0.78539816                       0
       20.390625       2.3561945                       0

       20.546875      0.78539816                       0
       20.546875       2.3561945                       0

