# File created on Wed Jul  8 11:31:13 2026
# ======================================== 
# = Running code assuming AXISYMMETRY    = 
# ======================================== 
# Data for Inflation GW initial data initial data at coord. time 0.0377973 and proper central time 0.0377973
# Evolved with (264,10,9) gridpoints (including 4 ghosts)
# Evolution with geodesic slicing and constant shift
# using eighth-order spatial differencing with 4 ghost zones 
# data 1 at theta = 0 and phi = 3.14159
# data 2 at theta = 1.5708 and phi = 3.14159
#                      r                   Mom_t                   Mom_t
#                               (     0,3.14159)        (1.5708,3.14159)
#========================================================================
     -0.1754557291666667                       0   -3.66964088264204e-12
     -0.1253255208333333                       0   2.980804907731134e-12
           -0.0751953125   1.615587133892632e-27  -1.586739600836073e-11
    -0.02506510416666667                       0  -1.176197796889574e-10
     0.02506510416666667                       0  -1.176197796889574e-10
            0.0751953125                       0  -1.586739600836074e-11
      0.1253255208333333                       0   2.980804907731134e-12
      0.1754557291666667  -1.009741958682895e-28   -3.66964088264204e-12
            0.2255859375   5.048709793414476e-29   5.788013552736078e-13
      0.2757161458333334                       0  -1.424132299461343e-13
      0.3258463541666667   1.262177448353619e-29   1.446257359417235e-13
            0.3759765625                       0   1.816359333731208e-13
      0.4261067708333334                       0    2.06676887850202e-13
      0.4762369791666667                       0   2.161531669931386e-13
            0.5263671875                       0    2.18036450256509e-13
      0.5764973958333334                       0   2.149875051061314e-13
      0.6266276041666667  -6.310887241768094e-30   2.089297346033394e-13
            0.6767578125   1.577721810442024e-30   2.019748736920458e-13
      0.7268880208333334                       0    1.93887417912913e-13
      0.7770182291666667                       0   1.858656389073158e-13
            0.8271484375                       0   1.777196039769213e-13
      0.8772786458333334                       0   1.713882917255775e-13
      0.9274088541666667                       0   1.653154505513286e-13
            0.9775390625                       0   1.577491846945068e-13
       1.027669270833333                       0   1.507065355505993e-13
       1.077799479166667                       0   1.462944179756225e-13
            1.1279296875                       0   1.411750272170746e-13
       1.178059895833333  -1.262177448353619e-29   1.358809051187293e-13
       1.228190104166667  -3.155443620884047e-30   1.299214495407575e-13
            1.2783203125                       0   1.252017059643025e-13
       1.328450520833333   1.262177448353619e-29   1.219867415525759e-13
       1.378580729166667   3.155443620884047e-30   1.181217489271676e-13
            1.4287109375                       0   1.141684362407425e-13
       1.478841145833333   3.155443620884047e-30   1.101587015372375e-13
       1.528971354166667                       0   1.064072068589676e-13
            1.5791015625                       0   1.029631946453021e-13
       1.629231770833333                       0   9.945995991304719e-14
       1.679361979166667  -3.155443620884047e-30    9.70140638803979e-14
            1.7294921875                       0   9.493001191985051e-14
       1.779622395833333                       0   9.318484927236939e-14
       1.829752604166667                       0   8.920869583352233e-14
            1.8798828125                       0   8.696300535576907e-14
       1.930013020833333                       0   8.496431866838492e-14
       1.980143229166667                       0   8.005365921620035e-14
            2.0302734375                       0    7.87249235930144e-14
       2.080403645833333                       0   7.799725450143609e-14
       2.130533854166667                       0    7.52090008415817e-14
            2.1806640625                       0   7.311192882654284e-14
       2.230794270833333   6.310887241768094e-30   7.142701609861022e-14
       2.280924479166667                       0    6.95970017071306e-14
            2.3310546875                       0   6.686172775246351e-14
       2.381184895833333  -6.310887241768094e-30   6.549854061517538e-14
       2.431315104166667   6.310887241768094e-30   6.434840718113875e-14
            2.4814453125                       0   6.180116623987579e-14
       2.531575520833333                       0   6.155279867709137e-14
       2.581705729166667   6.310887241768094e-30   6.063654971020519e-14
            2.6318359375                       0   5.844394882527829e-14
       2.681966145833333                       0   5.758662809420018e-14
       2.732096354166667                       0   5.665926947203747e-14
            2.7822265625                       0   5.457452918465055e-14
       2.832356770833333                       0   5.339938131936864e-14
       2.882486979166667                       0   5.291787077191442e-14
            2.9326171875                       0   5.191506805735074e-14
       2.982747395833333                       0   5.131286985282961e-14
       3.032877604166667                       0    4.99585468854477e-14
            3.0830078125                       0   4.955164919179686e-14
       3.133138020833333                       0   4.954189705091552e-14
       3.183268229166667                       0   4.789639914560403e-14
            3.2333984375                       0   4.688800865828124e-14
       3.283528645833333                       0    4.62635802190257e-14
       3.333658854166667                       0   4.584305840320944e-14
            3.3837890625                       0    4.50656678147299e-14
       3.433919270833333                       0   4.413626848303684e-14
       3.484049479166667                       0   4.400509552899395e-14
            3.5341796875                       0   4.386772171308794e-14
       3.584309895833333                       0   4.348585471563309e-14
       3.634440104166667                       0   4.347518798216691e-14
            3.6845703125                       0   4.405363548484624e-14
       3.734700520833333                       0   4.469296671444488e-14
       3.784830729166667                       0   4.504635618908585e-14
            3.8349609375                       0   4.308818447163387e-14
       3.885091145833333                       0   4.186650457669924e-14
       3.935221354166667                       0   4.140433225589633e-14
            3.9853515625                       0   4.105131214717643e-14
       4.035481770833334                       0    3.93817228107342e-14
       4.085611979166667                       0     3.9066021413649e-14
            4.1357421875                       0   4.002405209180362e-14
       4.185872395833334   7.888609052210118e-31   3.773337026906571e-14
       4.236002604166667  -3.155443620884047e-30   3.604016008077033e-14
            4.2861328125   3.155443620884047e-30    3.55356057698343e-14
       4.336263020833334   3.155443620884047e-30   3.451356937052068e-14
       4.386393229166667                       0    3.42402508353777e-14
            4.4365234375   7.888609052210118e-31   3.354017230338888e-14
       4.486653645833334                       0   3.226025285286838e-14
       4.536783854166667                       0   3.288328091523112e-14
            4.5869140625   3.155443620884047e-30   3.215416665279125e-14
       4.637044270833334                       0   3.053600274161145e-14
       4.687174479166667  -7.888609052210118e-31   2.913086132689376e-14
            4.7373046875   7.888609052210118e-31   2.883145694307585e-14
       4.787434895833334                       0   3.058630714445872e-14
       4.837565104166667                       0    3.02434777929313e-14
            4.8876953125                       0   2.902049023794184e-14
       4.937825520833334                       0   2.971823789097919e-14
       4.987955729166667                       0   2.870638986820001e-14
            5.0380859375                       0   2.867670066726567e-14
       5.088216145833334                       0   2.981251482627454e-14
       5.138346354166667                       0   2.670804244353287e-14
            5.1884765625                       0    2.61629795281594e-14
       5.238606770833334                       0   2.643063526049979e-14
       5.288736979166667                       0   2.641053977800623e-14
            5.3388671875                       0   2.633287611745068e-14
       5.388997395833334  -9.860761315262648e-31   2.522045742649736e-14
       5.439127604166667                       0   2.610198102275786e-14
            5.4892578125                       0   2.660711402807987e-14
       5.539388020833334   7.888609052210118e-31   2.444749801184266e-14
       5.589518229166667                       0   2.430648984057483e-14
            5.6396484375                       0    2.49708977080163e-14
       5.689778645833334                       0   2.408679719385643e-14
       5.739908854166667                       0   2.457621327047558e-14
            5.7900390625  -7.888609052210118e-31   2.426877673593475e-14
       5.840169270833334                       0   2.465058861099522e-14
       5.890299479166667                       0   2.371826158725681e-14
            5.9404296875                       0   2.342709577459654e-14
       5.990559895833334                       0   2.409081645199687e-14
       6.040690104166667   7.888609052210118e-31   2.319378574473402e-14
            6.0908203125                       0   2.294430177896823e-14
       6.140950520833334                       0   2.224154550622658e-14
       6.191080729166667                       0   2.216292414960698e-14
            6.2412109375                       0   2.099237428058674e-14
       6.291341145833334                       0   2.020753539603196e-14
       6.341471354166667                       0   2.062870660327173e-14
            6.3916015625                       0   2.013194375058707e-14
       6.441731770833334                       0   1.933608693659226e-14
       6.491861979166667  -1.183291357831518e-30   1.881700143021008e-14
            6.5419921875  -1.577721810442024e-30   1.903183369741499e-14
       6.592122395833334  -1.183291357831518e-30    1.90609468402425e-14
       6.642252604166667                       0   1.843750660551882e-14
            6.6923828125  -1.577721810442024e-30   1.874009663395803e-14
       6.742513020833334   3.944304526105059e-31   1.910981609180242e-14
       6.792643229166667                       0   2.020119632813362e-14
            6.8427734375                       0   2.079370196202879e-14
       6.892903645833334                       0   1.996293734298129e-14
       6.943033854166667                       0   2.018578671249438e-14
            6.9931640625                       0   2.046083843736446e-14
       7.043294270833334                       0   1.969687688018221e-14
       7.093424479166667                       0   1.875845652587307e-14
            7.1435546875  -3.944304526105059e-31   1.750211329176788e-14
       7.193684895833334                       0   1.639920785723551e-14
       7.243815104166667                       0   1.628973745038955e-14
            7.2939453125  -1.577721810442024e-30   1.629407873804351e-14
       7.344075520833334  -1.577721810442024e-30   1.680737030871917e-14
       7.394205729166667                       0   1.723047918928718e-14
            7.4443359375  -1.577721810442024e-30   1.840011195203708e-14
       7.494466145833334                       0   1.856825370258323e-14
       7.544596354166667                       0   1.713442894429671e-14
            7.5947265625                       0   1.831086886648903e-14
       7.644856770833334                       0   1.941120106380504e-14
       7.694986979166667                       0   1.732371566293299e-14
            7.7451171875  -1.577721810442024e-30   1.649199815623577e-14
       7.795247395833334  -1.577721810442024e-30   1.719638977204881e-14
       7.845377604166667   1.577721810442024e-30   1.669989796888771e-14
            7.8955078125                       0   1.696280385000301e-14
       7.945638020833334  -1.577721810442024e-30   1.853116839259028e-14
       7.995768229166667  -1.577721810442024e-30   1.783192018172128e-14
            8.0458984375   3.944304526105059e-31   1.664073920569555e-14
       8.096028645833334                       0    1.70183139654016e-14
       8.146158854166668   1.577721810442024e-30   1.670795380697284e-14
            8.1962890625                       0   1.541590023159299e-14
       8.246419270833334  -1.577721810442024e-30   1.627911569753537e-14
       8.296549479166668                       0   1.783300747479738e-14
            8.3466796875  -3.944304526105059e-31   1.748690436630558e-14
       8.396809895833334                       0    1.78433851343777e-14
       8.446940104166668                       0   1.703170773121985e-14
            8.4970703125   1.577721810442024e-30   1.684918485653761e-14
       8.547200520833334   -1.97215226305253e-30    1.73993789746984e-14
       8.597330729166668                       0   1.699651205279344e-14
            8.6474609375                       0   1.811829313161794e-14
       8.697591145833334                       0   1.833690123552308e-14
       8.747721354166668                       0   1.801401773727034e-14
            8.7978515625                       0   1.983775473516517e-14
       8.847981770833334                       0   2.064483141073513e-14
       8.898111979166668                       0     1.9968895372932e-14
            8.9482421875                       0   2.014584770539991e-14
       8.998372395833334                       0   1.975559264380665e-14
       9.048502604166668                       0   1.929895542133873e-14
            9.0986328125                       0   1.849600085594159e-14
       9.148763020833334                       0    1.78390303617952e-14
       9.198893229166668                       0   1.811219433586892e-14
            9.2490234375                       0   1.724402064785097e-14
       9.299153645833334                       0   1.759839875302595e-14
       9.349283854166668                       0   1.930632831854622e-14
            9.3994140625                       0   1.826733290284098e-14
       9.449544270833334   3.944304526105059e-31   1.769611531233632e-14
       9.499674479166668                       0   1.794490611983164e-14
            9.5498046875   1.577721810442024e-30   1.702538968928648e-14
       9.599934895833334   3.944304526105059e-31   1.663848687694176e-14
       9.650065104166668                       0   1.707398556763271e-14
            9.7001953125                       0   2.001869915424043e-14
       9.750325520833334                       0   1.737178991540378e-14
       9.800455729166668                       0   1.394237909996073e-14
            9.8505859375                       0   1.677081721777303e-14
       9.900716145833334                       0   1.579977725564187e-14
       9.950846354166668                       0   1.183152092971662e-14
           10.0009765625  -1.577721810442024e-30   1.540964988230078e-14
       10.05110677083333  -3.944304526105059e-31   1.713577945790674e-14
       10.10123697916667  -2.958228394578794e-31   1.257636942054954e-14
           10.1513671875                       0   1.232271750018502e-14
       10.20149739583333                       0   1.087738596899889e-14
       10.25162760416667                       0    1.02571069936532e-14
           10.3017578125                       0   1.116554150033035e-14
       10.35188802083333                       0    1.10339674829359e-14
       10.40201822916667                       0   1.079080941501162e-14
           10.4521484375                       0   9.533554367490569e-15
       10.50227864583333                       0   9.776931460403677e-15
       10.55240885416667                       0   8.578548041113063e-15
           10.6025390625                       0   6.537606895887418e-15
       10.65266927083333                       0   5.557367191404236e-15
       10.70279947916667    1.97215226305253e-31   7.090480437556291e-15
           10.7529296875                       0   9.780619822830956e-15
       10.80305989583333                       0   1.035274787316181e-14
       10.85319010416667                       0   1.038255976641299e-14
           10.9033203125                       0   9.381150765778898e-15
       10.95345052083333  -7.888609052210118e-31   8.342022037059068e-15
       11.00358072916667                       0   1.025233997734732e-14
           11.0537109375                       0   9.562835208820156e-15
       11.10384114583333                       0   9.736341486787977e-15
       11.15397135416667                       0   1.245306333469001e-14
           11.2041015625  -5.916456789157589e-31   7.586908026974193e-15
       11.25423177083333                       0   3.516692219035102e-15
       11.30436197916667                       0   6.903811037308181e-15
           11.3544921875    1.97215226305253e-31   8.558545153325808e-15
       11.40462239583333                       0   6.005276329360726e-15
       11.45475260416667                       0   5.636506409502679e-15
           11.5048828125                       0   7.005758758132468e-15
       11.55501302083333                       0   6.034232858124623e-15
       11.60514322916667                       0    5.12400954593632e-15
           11.6552734375                       0   5.562670797669991e-15
       11.70540364583333   9.860761315262648e-32   3.770526977884728e-15
       11.75553385416667                       0   1.194471904154631e-15
           11.8056640625                       0   3.984048836843373e-15
       11.85579427083333  -7.888609052210118e-31   8.858681885493593e-15
       11.90592447916667                       0   5.231767865492408e-15
           11.9560546875  -2.465190328815662e-32  -2.692902060162889e-16
       12.00618489583333                       0    2.79916132819292e-15
       12.05631510416667                       0   6.616379874007682e-15
           12.1064453125   3.944304526105059e-31   4.048380325599952e-15
       12.15657552083333                       0   1.070781351969073e-15
       12.20670572916667                       0   9.131666623191935e-16
           12.2568359375   -1.97215226305253e-31   2.109989078079105e-15
       12.30696614583333                       0   2.320628688705925e-15
       12.35709635416667   4.930380657631324e-32   1.575216664147961e-15
           12.4072265625                       0   4.709517085390529e-15
       12.45735677083333                       0   3.263239227047321e-15
       12.50748697916667                       0  -2.312611835432066e-15
           12.5576171875                       0   3.043767493587625e-16
       12.60774739583333                       0   5.287563784843845e-15
       12.65787760416667                       0                       0
           12.7080078125                       0                       0
       12.75813802083333                       0                       0
       12.80826822916667                       0                       0
           12.8583984375                       0                       0
       12.90852864583333                       0                       0
       12.95865885416667                       0                       0
           13.0087890625                       0                       0
