# File created on Tue Jul  7 16:46:48 2026
# Data for Inflation GW initial data initial data at coord time 0 and central proper time 0
# Evolved with (264,10,9) gridpoints (including 4 ghosts)
# Evolution with geodesic slicing and constant shift shift condition 
# data for phi = 3.14159
#              r           theta               Mom_t
#===============================================================
       0.0390625      0.78539816   9.123994628627952e-14
       0.0390625       2.3561945   9.159487552002303e-14

       0.1171875      0.78539816   2.425393158881478e-16
       0.1171875       2.3561945    2.27750138862981e-16

       0.1953125      0.78539816   6.571505485696153e-15
       0.1953125       2.3561945   6.571505485674025e-15

       0.2734375      0.78539816    1.92863632408022e-15
       0.2734375       2.3561945    1.92863632410651e-15

       0.3515625      0.78539816   1.645953383537064e-15
       0.3515625       2.3561945   1.567061060880333e-15

       0.4296875      0.78539816   1.007736845263681e-15
       0.4296875       2.3561945   1.008115088295436e-15

       0.5078125      0.78539816   7.870327205894042e-16
       0.5078125       2.3561945   7.870327205933524e-16

       0.5859375      0.78539816   6.801136305192039e-16
       0.5859375       2.3561945   7.333776890463789e-16

       0.6640625      0.78539816   4.815592889113364e-16
       0.6640625       2.3561945   5.337818488332361e-16

       0.7421875      0.78539816   2.978963779352281e-16
       0.7421875       2.3561945   2.978963779308026e-16

       0.8203125      0.78539816   3.250864436131567e-16
       0.8203125       2.3561945   3.250864436105524e-16

       0.8984375      0.78539816    4.85815004733503e-16
       0.8984375       2.3561945    4.54931953848256e-16

       0.9765625      0.78539816   3.883193584079766e-16
       0.9765625       2.3561945   4.025259500262402e-16

       1.0546875      0.78539816  -1.581707576609119e-16
       1.0546875       2.3561945  -1.581707576710351e-16

       1.1328125      0.78539816  -6.373062757467592e-16
       1.1328125       2.3561945  -6.495538695410458e-16

       1.2109375      0.78539816  -6.430924692101805e-16
       1.2109375       2.3561945  -6.430924692012528e-16

       1.2890625      0.78539816  -3.977456500156876e-16
       1.2890625       2.3561945   -3.92363954305149e-16

       1.3671875      0.78539816  -1.959920378284522e-17
       1.3671875       2.3561945   -2.97476827360123e-17

       1.4453125      0.78539816   1.288453965463087e-16
       1.4453125       2.3561945   1.288453965516568e-16

       1.5234375      0.78539816   1.420303540459008e-16
       1.5234375       2.3561945   1.465842638692656e-16

       1.6015625      0.78539816   3.514667430782584e-16
       1.6015625       2.3561945   3.514667430944932e-16

       1.6796875      0.78539816   2.644229447371491e-16
       1.6796875       2.3561945   2.664881286912769e-16

       1.7578125      0.78539816    5.37282414529574e-17
       1.7578125       2.3561945   4.780799920108581e-17

       1.8359375      0.78539816   1.772275516196719e-16
       1.8359375       2.3561945   1.734486454384694e-16

       1.9140625      0.78539816   2.819556748289366e-16
       1.9140625       2.3561945   2.819556748285681e-16

       1.9921875      0.78539816   1.842548838803779e-16
       1.9921875       2.3561945   1.859961674895117e-16

       2.0703125      0.78539816   1.047657102541179e-16
       2.0703125       2.3561945   1.047657102414735e-16

       2.1484375      0.78539816   8.740816453437455e-17
       2.1484375       2.3561945   8.740816452881807e-17

       2.2265625      0.78539816   1.716720537110578e-16
       2.2265625       2.3561945   1.716720537213815e-16

       2.3046875      0.78539816   2.788390336240222e-16
       2.3046875       2.3561945   2.803442424890224e-16

       2.3828125      0.78539816   2.194096650257829e-16
       2.3828125       2.3561945   2.194096650465144e-16

       2.4609375      0.78539816    9.57529287307086e-18
       2.4609375       2.3561945   8.870466848688457e-18

       2.5390625      0.78539816  -8.046656913157294e-17
       2.5390625       2.3561945  -8.183285249561478e-17

       2.6171875      0.78539816   3.030965788346011e-17
       2.6171875       2.3561945   2.898415431913567e-17

       2.6953125      0.78539816   2.186392543143492e-16
       2.6953125       2.3561945   2.186392543280825e-16

       2.7734375      0.78539816    3.43685543224146e-16
       2.7734375       2.3561945    3.42434707637001e-16

       2.8515625      0.78539816   3.835611707735805e-16
       2.8515625       2.3561945   3.835611707567512e-16

       2.9296875      0.78539816   3.693112282301135e-16
       2.9296875       2.3561945   3.693112282401186e-16

       3.0078125      0.78539816   2.574546151483621e-16
       3.0078125       2.3561945   2.574546151504392e-16

       3.0859375      0.78539816   7.389007258153084e-17
       3.0859375       2.3561945     7.5014253914236e-17

       3.1640625      0.78539816   -6.43950718235902e-17
       3.1640625       2.3561945  -6.439507181654694e-17

       3.2421875      0.78539816  -1.620212210164759e-16
       3.2421875       2.3561945  -1.614862164748288e-16

       3.3203125      0.78539816   -2.54296439137111e-16
       3.3203125       2.3561945   -2.54296439133625e-16

       3.3984375      0.78539816  -2.769884665023284e-16
       3.3984375       2.3561945  -2.764780576313442e-16

       3.4765625      0.78539816  -2.470401952173488e-16
       3.4765625       2.3561945  -2.465412552103305e-16

       3.5546875      0.78539816  -2.346485267568683e-16
       3.5546875       2.3561945  -2.346485267510694e-16

       3.6328125      0.78539816  -2.334877799527762e-16
       3.6328125       2.3561945  -2.330102979150953e-16

       3.7109375      0.78539816  -1.973351490663533e-16
       3.7109375       2.3561945  -1.968677184753701e-16

       3.7890625      0.78539816  -1.236331937415027e-16
       3.7890625       2.3561945  -1.236331937206307e-16

       3.8671875      0.78539816   -1.90490886458307e-17
       3.8671875       2.3561945  -1.860054260713659e-17

       3.9453125      0.78539816   1.113200373737149e-16
       3.9453125       2.3561945   1.113200373722578e-16

       4.0234375      0.78539816   1.886528879354352e-16
       4.0234375       2.3561945   1.886528879604571e-16

       4.1015625      0.78539816   1.875479281910275e-16
       4.1015625       2.3561945   1.875479281773914e-16

       4.1796875      0.78539816   1.787035148487211e-16
       4.1796875       2.3561945   1.791185272192834e-16

       4.2578125      0.78539816   1.595057470935966e-16
       4.2578125       2.3561945   1.590983491008076e-16

       4.3359375      0.78539816   1.278145455545373e-16
       4.3359375       2.3561945   1.282146035558444e-16

       4.4140625      0.78539816   1.255184822745631e-16
       4.4140625       2.3561945   1.255184822752323e-16

       4.4921875      0.78539816   8.025563047070415e-17
       4.4921875       2.3561945    8.02556304637506e-17

       4.5703125      0.78539816   -5.32634626984902e-17
       4.5703125       2.3561945  -5.364300628992916e-17

       4.6484375      0.78539816  -1.981851539431789e-16
       4.6484375       2.3561945  -1.981851539301312e-16

       4.7265625      0.78539816   -2.82040548178072e-16
       4.7265625       2.3561945  -2.820405481896997e-16

       4.8046875      0.78539816  -2.624486980184529e-16
       4.8046875       2.3561945   -2.62809728470934e-16

       4.8828125      0.78539816  -1.740983053388593e-16
       4.8828125       2.3561945  -1.740983053359285e-16

       4.9609375      0.78539816  -7.807347496785664e-17
       4.9609375       2.3561945  -7.807347498547778e-17

       5.0390625      0.78539816  -1.452341331256691e-17
       5.0390625       2.3561945   -1.48676527056974e-17

       5.1171875      0.78539816  -1.736802728561615e-17
       5.1171875       2.3561945  -1.770701143382962e-17

       5.1953125      0.78539816  -1.312524394540232e-17
       5.1953125       2.3561945  -1.345913085159019e-17

       5.2734375      0.78539816   1.019476445272702e-16
       5.2734375       2.3561945     1.0194764452374e-16

       5.3515625      0.78539816   2.347945036820426e-16
       5.3515625       2.3561945   2.346324341823944e-16

       5.4296875      0.78539816    2.40102794114898e-16
       5.4296875       2.3561945   2.401027941411418e-16

       5.5078125      0.78539816   9.374933522845285e-17
       5.5078125       2.3561945   9.359186320808079e-17

       5.5859375      0.78539816  -9.510899416189182e-17
       5.5859375       2.3561945  -9.495372443555261e-17

       5.6640625      0.78539816  -1.609485900560028e-16
       5.6640625       2.3561945  -1.611017182619675e-16

       5.7421875      0.78539816   -1.11197455740537e-16
       5.7421875       2.3561945  -1.111974557436533e-16

       5.8203125      0.78539816  -3.323515696029479e-17
       5.8203125       2.3561945  -3.338417457036392e-17

       5.8984375      0.78539816   1.159324467001733e-18
       5.8984375       2.3561945   1.159324471187341e-18

       5.9765625      0.78539816  -6.729626922806091e-17
       5.9765625       2.3561945  -6.729626923668233e-17

       6.0546875      0.78539816  -2.382526704467413e-16
       6.0546875       2.3561945  -2.386824188442948e-16

       6.1328125      0.78539816  -4.156526709356978e-16
       6.1328125       2.3561945  -4.156526709215847e-16

       6.2109375      0.78539816  -4.674974009245211e-16
       6.2109375       2.3561945  -4.673577550601344e-16

       6.2890625      0.78539816   -3.90222736109045e-16
       6.2890625       2.3561945  -3.903606473536098e-16

       6.3671875      0.78539816  -2.806070796746603e-16
       6.3671875       2.3561945  -2.804708605192428e-16

       6.4453125      0.78539816  -2.182650096839281e-16
       6.4453125       2.3561945  -2.181304415892664e-16

       6.5234375      0.78539816  -2.044320299815623e-16
       6.5234375       2.3561945  -2.046979431313092e-16

       6.6015625      0.78539816  -2.147285051466615e-16
       6.6015625       2.3561945  -2.147285051505826e-16

       6.6796875      0.78539816  -2.318699581926019e-16
       6.6796875       2.3561945  -2.318699582058793e-16

       6.7578125      0.78539816  -1.934172082091801e-16
       6.7578125       2.3561945  -1.932246898389395e-16

       6.8359375      0.78539816  -8.916901289171986e-17
       6.8359375       2.3561945   -8.91690128816256e-17

       6.9140625      0.78539816  -3.372994818697938e-17
       6.9140625       2.3561945   -3.37299482026162e-17

       6.9921875      0.78539816   -5.24766482901359e-17
       6.9921875       2.3561945  -5.260069196648005e-17

       7.0703125      0.78539816  -8.335662726595598e-17
       7.0703125       2.3561945  -8.341796382215894e-17

       7.1484375      0.78539816  -1.007114991282947e-16
       7.1484375       2.3561945  -1.007721653491364e-16

       7.2265625      0.78539816  -1.074562189236097e-16
       7.2265625       2.3561945  -1.075762397261374e-16

       7.3046875      0.78539816  -1.377793612957656e-16
       7.3046875       2.3561945   -1.37601255487419e-16

       7.3828125      0.78539816  -1.592644396635573e-16
       7.3828125       2.3561945  -1.593231800538583e-16

       7.4609375      0.78539816  -1.044445248076618e-16
       7.4609375       2.3561945  -1.045607754808072e-16

       7.5390625      0.78539816   3.624656699957251e-18
       7.5390625       2.3561945   3.509610638814175e-18

       7.6171875      0.78539816   9.502592659334908e-17
       7.6171875       2.3561945   9.519672581036587e-17

       7.6953125      0.78539816   1.300307748921877e-16
       7.6953125       2.3561945   1.299180646857264e-16

       7.7734375      0.78539816   8.994663160570187e-17
       7.7734375       2.3561945   8.989084287421725e-17

       7.8515625      0.78539816   1.690657314434066e-18
       7.8515625       2.3561945   1.690657313332871e-18

       7.9296875      0.78539816  -5.982016964476824e-17
       7.9296875       2.3561945  -5.982016965331969e-17

       8.0078125      0.78539816  -6.840519991955556e-17
       8.0078125       2.3561945  -6.840519989938259e-17

       8.0859375      0.78539816  -3.930416377888975e-17
       8.0859375       2.3561945   -3.93041637618794e-17

       8.1640625      0.78539816   1.686238759007021e-17
       8.1640625       2.3561945   1.686238759444468e-17

       8.2421875      0.78539816   7.375135360831259e-17
       8.2421875       2.3561945   7.380396964588999e-17

       8.3203125      0.78539816   1.146621021044229e-16
       8.3203125       2.3561945   1.146621021158914e-16

       8.3984375      0.78539816   1.341069234047816e-16
       8.3984375       2.3561945   1.341069234016669e-16

       8.4765625      0.78539816   1.267137844451413e-16
       8.4765625       2.3561945   1.267137844396478e-16

       8.5546875      0.78539816   1.058228130097149e-16
       8.5546875       2.3561945    1.05772118956039e-16

       8.6328125      0.78539816   1.063549059614423e-16
       8.6328125       2.3561945   1.062544353369748e-16

       8.7109375      0.78539816   1.184724029669593e-16
       8.7109375       2.3561945   1.184724029574766e-16

       8.7890625      0.78539816   9.473812152397645e-17
       8.7890625       2.3561945   9.473812151345884e-17

       8.8671875      0.78539816   4.235390834106641e-17
       8.8671875       2.3561945   4.235390835482764e-17

       8.9453125      0.78539816    2.54004342380665e-18
       8.9453125       2.3561945   2.540043429801753e-18

       9.0234375      0.78539816  -1.834316960613766e-17
       9.0234375       2.3561945  -1.839123031825601e-17

       9.1015625      0.78539816  -3.684653519797227e-17
       9.1015625       2.3561945  -3.684653519350285e-17

       9.1796875      0.78539816  -4.869904726208853e-17
       9.1796875       2.3561945  -4.874628993761952e-17

       9.2578125      0.78539816  -2.353917659892952e-17
       9.2578125       2.3561945  -2.367970862761319e-17

       9.3359375      0.78539816   3.357112993287975e-17
       9.3359375       2.3561945   3.361758196563528e-17

       9.4140625      0.78539816    7.41843413242222e-17
       9.4140625       2.3561945   7.425344110604129e-17

       9.4921875      0.78539816   8.180634367959399e-17
       9.4921875       2.3561945   8.185203105746625e-17

       9.5703125      0.78539816   5.745282713006875e-17
       9.5703125       2.3561945   5.745282714111068e-17

       9.6484375      0.78539816  -5.454670667112576e-18
       9.6484375       2.3561945  -5.454670664789004e-18

       9.7265625      0.78539816  -9.857307510003342e-17
       9.7265625       2.3561945  -9.857307510912989e-17

       9.8046875      0.78539816   -1.95539050571752e-16
       9.8046875       2.3561945  -1.955169349565905e-16

       9.8828125      0.78539816  -2.387578985594854e-16
       9.8828125       2.3561945  -2.387578985345007e-16

       9.9609375      0.78539816  -1.921976281921404e-16
       9.9609375       2.3561945    -1.9219762818567e-16

       10.039062      0.78539816  -1.109340084893713e-16
       10.039062       2.3561945   -1.10934008495662e-16

       10.117188      0.78539816  -6.095099830875699e-17
       10.117188       2.3561945  -6.099386338375793e-17

       10.195312      0.78539816  -3.893679856132349e-17
       10.195312       2.3561945  -3.897933521680017e-17

       10.273438      0.78539816  -2.249391944672434e-17
       10.273438       2.3561945   -2.24728128437957e-17

       10.351562      0.78539816   9.465544185221047e-18
       10.351562       2.3561945   9.528386097355132e-18

       10.429688      0.78539816   4.168672024688893e-17
       10.429688       2.3561945   4.168672023875279e-17

       10.507812      0.78539816   3.415011903172073e-17
       10.507812       2.3561945   3.406757574403594e-17

       10.585938      0.78539816   4.783746495485229e-19
       10.585938       2.3561945   4.578911130533502e-19

       10.664062      0.78539816  -1.788258594170168e-17
       10.664062       2.3561945  -1.784191898608269e-17

       10.742188      0.78539816  -1.417109820471263e-17
       10.742188       2.3561945  -1.417109820133475e-17

       10.820312      0.78539816  -5.088912769143705e-18
       10.820312       2.3561945  -5.048833060435661e-18

       10.898438      0.78539816  -7.439600028266848e-18
       10.898438       2.3561945  -7.379911400975459e-18

       10.976562      0.78539816    -2.4308157979966e-17
       10.976562       2.3561945  -2.432791257896282e-17

       11.054688      0.78539816  -4.393014304810835e-17
       11.054688       2.3561945  -4.391052805271224e-17

       11.132812      0.78539816  -6.379627483034914e-17
       11.132812       2.3561945   -6.38157521746231e-17

       11.210938      0.78539816  -6.456452697926653e-17
       11.210938       2.3561945  -6.460321022216857e-17

       11.289062      0.78539816   -3.54049836813576e-17
       11.289062       2.3561945  -3.542419145760107e-17

       11.367188      0.78539816  -2.063107867175303e-17
       11.367188       2.3561945  -2.063107867032571e-17

       11.445312      0.78539816  -4.373449321338954e-17
       11.445312       2.3561945  -4.373449319979947e-17

       11.523438      0.78539816  -7.046848486383319e-17
       11.523438       2.3561945  -7.050611910940003e-17

       11.601562      0.78539816  -6.785333441393758e-17
       11.601562       2.3561945  -6.785333444049922e-17

       11.679688      0.78539816  -2.719890275511241e-17
       11.679688       2.3561945  -2.723603353829594e-17

       11.757812      0.78539816   4.745522518435909e-17
       11.757812       2.3561945   4.749210928166552e-17

       11.835938      0.78539816   1.094197706202492e-16
       11.835938       2.3561945    1.09383129982195e-16

       11.914062      0.78539816   1.143012088393515e-16
       11.914062       2.3561945   1.143012088375004e-16

       11.992188      0.78539816   8.287456594168735e-17
       11.992188       2.3561945   8.287456594275128e-17

       12.070312      0.78539816   5.200630041701246e-17
       12.070312       2.3561945   5.200630039479846e-17

       12.148438      0.78539816   3.257743727730276e-17
       12.148438       2.3561945   3.257743728947804e-17

       12.226562      0.78539816   1.369073429625064e-17
       12.226562       2.3561945    1.36907342999704e-17

       12.304688      0.78539816   1.257031821932384e-18
       12.304688       2.3561945   1.257031815673384e-18

       12.382812      0.78539816   1.097905314038336e-17
       12.382812       2.3561945   1.097905315293009e-17

       12.460938      0.78539816   3.099595193320565e-17
       12.460938       2.3561945   3.099595193472295e-17

       12.539062      0.78539816    3.43568926456903e-17
       12.539062       2.3561945   3.435689265367172e-17

       12.617188      0.78539816   1.689423642706397e-17
       12.617188       2.3561945   1.689423644482484e-17

       12.695312      0.78539816   1.555567377714685e-19
       12.695312       2.3561945   1.555567205320772e-19

       12.773438      0.78539816  -1.652212185107077e-18
       12.773438       2.3561945  -1.652212189745972e-18

       12.851562      0.78539816  -2.577997617988902e-18
       12.851562       2.3561945  -2.611742672801201e-18

       12.929688      0.78539816  -1.969571117032852e-17
       12.929688       2.3561945  -1.969571117527092e-17

       13.007812      0.78539816   -3.58967496147783e-17
       13.007812       2.3561945  -3.589674960659994e-17

       13.085938      0.78539816   -3.43035604856073e-17
       13.085938       2.3561945  -3.427041977240631e-17

       13.164062      0.78539816  -2.458131440654944e-17
       13.164062       2.3561945  -2.456484240536008e-17

       13.242188      0.78539816  -9.350542210125036e-18
       13.242188       2.3561945  -9.350542201419387e-18

       13.320312      0.78539816   8.039901747292492e-18
       13.320312       2.3561945   8.072459342092555e-18

       13.398438      0.78539816    1.46551650281884e-17
       13.398438       2.3561945    1.46713489088697e-17

       13.476562      0.78539816    1.13278146339708e-17
       13.476562       2.3561945   1.134390470464862e-17

       13.554688      0.78539816   2.799041891530701e-21
       13.554688       2.3561945   2.799043385951928e-21

       13.632812      0.78539816  -2.000926366922415e-17
       13.632812       2.3561945  -2.000926365379275e-17

       13.710938      0.78539816  -3.064163966233874e-17
       13.710938       2.3561945  -3.064163964923873e-17

       13.789062      0.78539816    -1.4652061806175e-17
       13.789062       2.3561945  -1.463633639069948e-17

       13.867188      0.78539816   1.023221656376007e-17
       13.867188       2.3561945    1.02322165500025e-17

       13.945312      0.78539816   1.594086786106764e-17
       13.945312       2.3561945   1.597196634160276e-17

       14.023438      0.78539816   5.102762219503408e-18
       14.023438       2.3561945   5.095030909487168e-18

       14.101562      0.78539816  -5.763466160758421e-18
       14.101562       2.3561945   -5.77115463746734e-18

       14.179688      0.78539816  -4.205477019442024e-18
       14.179688       2.3561945   -4.20547701243879e-18

       14.257812      0.78539816   6.649506779205632e-18
       14.257812       2.3561945   6.649506788181884e-18

       14.335938      0.78539816   2.078506307335498e-17
       14.335938       2.3561945   2.080018864383849e-17

       14.414062      0.78539816   3.910850263482745e-17
       14.414062       2.3561945   3.907841547857511e-17

       14.492188      0.78539816   5.148968696455328e-17
       14.492188       2.3561945   5.150464944419945e-17

       14.570312      0.78539816   5.178301223507853e-17
       14.570312       2.3561945   5.178301222461363e-17

       14.648438      0.78539816   3.966007740602854e-17
       14.648438       2.3561945   3.964527451391229e-17

       14.726562      0.78539816   7.863926576735993e-18
       14.726562       2.3561945   7.856564404132893e-18

       14.804688      0.78539816  -4.214771474071658e-17
       14.804688       2.3561945  -4.211842142117216e-17

       14.882812      0.78539816  -9.164951791223492e-17
       14.882812       2.3561945  -9.164951791735641e-17

       14.960938      0.78539816  -1.036996676056625e-16
       14.960938       2.3561945  -1.036996675995626e-16

       15.039062      0.78539816  -5.767245392085003e-17
       15.039062       2.3561945  -5.767245392667822e-17

       15.117188      0.78539816   1.865386251308931e-17
       15.117188       2.3561945   1.863234668862676e-17

       15.195312      0.78539816   7.942317983859232e-17
       15.195312       2.3561945   7.942317982952893e-17

       15.273438      0.78539816   8.815863170455606e-17
       15.273438       2.3561945   8.818702600470031e-17

       15.351562      0.78539816   4.542238525515821e-17
       15.351562       2.3561945   4.540826035390499e-17

       15.429688      0.78539816  -9.411108392809069e-18
       15.429688       2.3561945  -9.418135109494828e-18

       15.507812      0.78539816   -4.44357274076606e-17
       15.507812       2.3561945   -4.44287361111236e-17

       15.585938      0.78539816  -5.787908144290497e-17
       15.585938       2.3561945  -5.787908145794435e-17

       15.664062      0.78539816  -6.228985422701379e-17
       15.664062       2.3561945  -6.228985423258774e-17

       15.742188      0.78539816  -6.999857785985413e-17
       15.742188       2.3561945  -6.999857785106739e-17

       15.820312      0.78539816  -8.796808204586713e-17
       15.820312       2.3561945  -8.796808203836116e-17

       15.898438      0.78539816  -1.081460703979489e-16
       15.898438       2.3561945   -1.08146070400891e-16

       15.976562      0.78539816  -1.074760026106955e-16
       15.976562       2.3561945  -1.074760026102233e-16

       16.054688      0.78539816  -8.379519660027967e-17
       16.054688       2.3561945  -8.379519661681851e-17

       16.132812      0.78539816  -5.784169178667077e-17
       16.132812       2.3561945  -5.784169180742028e-17

       16.210938      0.78539816    -4.7165467034279e-17
       16.210938       2.3561945  -4.716546702164251e-17

       16.289062      0.78539816  -5.590457684706659e-17
       16.289062       2.3561945  -5.590457686181894e-17

       16.367188      0.78539816  -7.271967100223193e-17
       16.367188       2.3561945  -7.271967101316481e-17

       16.445312      0.78539816  -7.352191117240381e-17
       16.445312       2.3561945  -7.353509666861855e-17

       16.523438      0.78539816  -5.246001168777974e-17
       16.523438       2.3561945  -5.246001166436384e-17

       16.601562      0.78539816  -3.648819286013806e-17
       16.601562       2.3561945  -3.648819283390093e-17

       16.679688      0.78539816  -4.073871758551572e-17
       16.679688       2.3561945  -4.075171782532599e-17

       16.757812      0.78539816  -5.477718861817818e-17
       16.757812       2.3561945  -5.477718861344417e-17

       16.835938      0.78539816  -5.940718849557243e-17
       16.835938       2.3561945  -5.940718850273321e-17

       16.914062      0.78539816  -3.817193997959064e-17
       16.914062       2.3561945   -3.81975801719299e-17

       16.992188      0.78539816   4.031954866314279e-18
       16.992188       2.3561945   4.044716017556152e-18

       17.070312      0.78539816   4.671799174640253e-17
       17.070312       2.3561945   4.673069449483824e-17

       17.148438      0.78539816   8.061672566172766e-17
       17.148438       2.3561945   8.061672566495911e-17

       17.226562      0.78539816   9.857059803119968e-17
       17.226562       2.3561945   9.855801049513703e-17

       17.304688      0.78539816   8.423269656656628e-17
       17.304688       2.3561945   8.423269654392789e-17

       17.382812      0.78539816   3.595672117180734e-17
       17.382812       2.3561945   3.593177238886555e-17

       17.460938      0.78539816  -3.044239771162457e-17
       17.460938       2.3561945   -3.04423976983339e-17

       17.539062      0.78539816  -9.080839639510025e-17
       17.539062       2.3561945  -9.080839638294012e-17

       17.617188      0.78539816  -1.304613505209768e-16
       17.617188       2.3561945  -1.304613505264667e-16

       17.695312      0.78539816  -1.441905681884768e-16
       17.695312       2.3561945  -1.441783140844488e-16

       17.773438      0.78539816  -1.345675874719466e-16
       17.773438       2.3561945  -1.345553872408734e-16

       17.851562      0.78539816  -1.107586660817993e-16
       17.851562       2.3561945  -1.107465192760296e-16

       17.929688      0.78539816  -7.733839386738405e-17
       17.929688       2.3561945  -7.733839385529302e-17

       18.007812      0.78539816  -4.437605826895377e-17
       18.007812       2.3561945  -4.437605826726718e-17

       18.085938      0.78539816  -2.407476837238906e-17
       18.085938       2.3561945  -2.407476837089215e-17

       18.164062      0.78539816  -1.594722812409176e-17
       18.164062       2.3561945  -1.594722811509914e-17

       18.242188      0.78539816  -1.507237548281262e-17
       18.242188       2.3561945  -1.508426222497267e-17

       18.320312      0.78539816  -2.788405732174843e-17
       18.320312       2.3561945  -2.788405731274117e-17

       18.398438      0.78539816  -4.786433816248883e-17
       18.398438       2.3561945  -4.787612395663886e-17

       18.476562      0.78539816  -6.117146343083626e-17
       18.476562       2.3561945  -6.118319940177046e-17

       18.554688      0.78539816  -6.781351826388853e-17
       18.554688       2.3561945  -6.780183170984684e-17

       18.632812      0.78539816  -7.295940551708653e-17
       18.632812       2.3561945  -7.294776796718321e-17

       18.710938      0.78539816  -7.428537764291882e-17
       18.710938       2.3561945  -7.429696660800346e-17

       18.789062      0.78539816  -6.556194136576986e-17
       18.789062       2.3561945  -6.556194136050141e-17

       18.867188      0.78539816  -4.697367261521159e-17
       18.867188       2.3561945  -4.696217963749689e-17

       18.945312      0.78539816  -1.531284280635375e-17
       18.945312       2.3561945  -1.532428839629161e-17

       19.023438      0.78539816   2.345861659768385e-17
       19.023438       2.3561945   2.345861659922546e-17

       19.101562      0.78539816   4.456514498040605e-17
       19.101562       2.3561945    4.45651449699482e-17

       19.179688      0.78539816   3.802132835005667e-17
       19.179688       2.3561945   3.803263407234907e-17

       19.257812      0.78539816   2.109523208179338e-17
       19.257812       2.3561945   2.110649194269984e-17

       19.335938      0.78539816   1.063310291221939e-17
       19.335938       2.3561945   1.063310289988868e-17

       19.414062      0.78539816   7.666594647278327e-18
       19.414062       2.3561945   7.666594666060953e-18

       19.492188      0.78539816   4.492612202419368e-18
       19.492188       2.3561945   4.492612202256361e-18

       19.570312      0.78539816  -4.086480891821325e-18
       19.570312       2.3561945  -4.075400824502467e-18

       19.648438      0.78539816  -2.880452821843514e-17
       19.648438       2.3561945  -2.880452822593186e-17

       19.726562      0.78539816                       0
       19.726562       2.3561945                       0

       19.804688      0.78539816                       0
       19.804688       2.3561945                       0

       19.882812      0.78539816                       0
       19.882812       2.3561945                       0

       19.960938      0.78539816                       0
       19.960938       2.3561945                       0

       20.039062      0.78539816                       0
       20.039062       2.3561945                       0

       20.117188      0.78539816                       0
       20.117188       2.3561945                       0

       20.195312      0.78539816                       0
       20.195312       2.3561945                       0

       20.273438      0.78539816                       0
       20.273438       2.3561945                       0

