# File created on Wed Jul  8 11:31:17 2026
# Data for Inflation GW initial data initial data at coord time 1.12447 and central proper time 1.12447
# Evolved with (264,10,9) gridpoints (including 4 ghosts)
# Evolution with geodesic slicing and constant shift shift condition 
# data for phi = 3.14159
#              r           theta                 phi
#===============================================================
     0.025065104      0.78539816      0.2510063541831687
     0.025065104       2.3561945      0.2510063541831687

     0.075195312      0.78539816       0.250985342488586
     0.075195312       2.3561945      0.2509853424885861

      0.12532552      0.78539816       0.250943276376393
      0.12532552       2.3561945      0.2509432763763931

      0.17545573      0.78539816      0.2508801685460448
      0.17545573       2.3561945      0.2508801685460448

      0.22558594      0.78539816      0.2507960336424689
      0.22558594       2.3561945       0.250796033642468

      0.27571615      0.78539816      0.2506908636309892
      0.27571615       2.3561945      0.2506908636309875

      0.32584635      0.78539816      0.2505646492015433
      0.32584635       2.3561945      0.2505646492015422

      0.37597656      0.78539816      0.2504173809780949
      0.37597656       2.3561945      0.2504173809780942

      0.42610677      0.78539816       0.250249046647568
      0.42610677       2.3561945      0.2502490466475673

      0.47623698      0.78539816      0.2500596321199877
      0.47623698       2.3561945      0.2500596321199876

      0.52636719      0.78539816      0.2498491221487142
      0.52636719       2.3561945       0.249849122148714

       0.5764974      0.78539816      0.2496175008302407
       0.5764974       2.3561945       0.249617500830239

       0.6266276      0.78539816      0.2493647519306582
       0.6266276       2.3561945      0.2493647519306582

      0.67675781      0.78539816      0.2490908598727947
      0.67675781       2.3561945      0.2490908598727931

      0.72688802      0.78539816      0.2487958098624119
      0.72688802       2.3561945      0.2487958098624117

      0.77701823      0.78539816      0.2484795887306379
      0.77701823       2.3561945      0.2484795887306377

      0.82714844      0.78539816      0.2481421859351441
      0.82714844       2.3561945      0.2481421859351436

      0.87727865      0.78539816      0.2477835935410563
      0.87727865       2.3561945      0.2477835935410557

      0.92740885      0.78539816      0.2474038088608842
      0.92740885       2.3561945       0.247403808860883

      0.97753906      0.78539816       0.247002834687691
      0.97753906       2.3561945      0.2470028346876902

       1.0276693      0.78539816      0.2465806742004765
       1.0276693       2.3561945       0.246580674200477

       1.0777995      0.78539816      0.2461373287359515
       1.0777995       2.3561945       0.246137328735952

       1.1279297      0.78539816      0.2456728000657497
       1.1279297       2.3561945      0.2456728000657498

       1.1780599      0.78539816      0.2451870919071828
       1.1780599       2.3561945      0.2451870919071829

       1.2281901      0.78539816      0.2446802099820517
       1.2281901       2.3561945      0.2446802099820517

       1.2783203      0.78539816      0.2441521622961482
       1.2783203       2.3561945      0.2441521622961479

       1.3284505      0.78539816      0.2436029596034537
       1.3284505       2.3561945      0.2436029596034534

       1.3785807      0.78539816      0.2430326157235989
       1.3785807       2.3561945      0.2430326157235986

       1.4287109      0.78539816      0.2424411478210708
       1.4287109       2.3561945      0.2424411478210713

       1.4788411      0.78539816      0.2418285767007054
       1.4788411       2.3561945      0.2418285767007055

       1.5289714      0.78539816      0.2411949270928529
       1.5289714       2.3561945      0.2411949270928527

       1.5791016      0.78539816      0.2405402279281237
       1.5791016       2.3561945      0.2405402279281239

       1.6292318      0.78539816      0.2398645126073516
       1.6292318       2.3561945      0.2398645126073515

        1.679362      0.78539816      0.2391678192659618
        1.679362       2.3561945      0.2391678192659629

       1.7294922      0.78539816       0.238450191032277
       1.7294922       2.3561945      0.2384501910322784

       1.7796224      0.78539816      0.2377116762798153
       1.7796224       2.3561945      0.2377116762798154

       1.8297526      0.78539816      0.2369523288732759
       1.8297526       2.3561945      0.2369523288732756

       1.8798828      0.78539816      0.2361722084078309
       1.8798828       2.3561945      0.2361722084078307

        1.930013      0.78539816      0.2353713804413485
        1.930013       2.3561945      0.2353713804413482

       1.9801432      0.78539816      0.2345499167191523
       1.9801432       2.3561945      0.2345499167191518

       2.0302734      0.78539816      0.2337078953909206
       2.0302734       2.3561945      0.2337078953909196

       2.0804036      0.78539816      0.2328454012193421
       2.0804036       2.3561945      0.2328454012193423

       2.1305339      0.78539816      0.2319625257801634
       2.1305339       2.3561945      0.2319625257801622

       2.1806641      0.78539816      0.2310593676532738
       2.1806641       2.3561945      0.2310593676532734

       2.2307943      0.78539816      0.2301360326045252
       2.2307943       2.3561945      0.2301360326045255

       2.2809245      0.78539816      0.2291926337579814
       2.2809245       2.3561945       0.229192633757981

       2.3310547      0.78539816      0.2282292917583166
       2.3310547       2.3561945      0.2282292917583175

       2.3811849      0.78539816      0.2272461349231518
       2.3811849       2.3561945      0.2272461349231517

       2.4313151      0.78539816      0.2262432993850683
       2.4313151       2.3561945      0.2262432993850687

       2.4814453      0.78539816      0.2252209292231547
       2.4814453       2.3561945      0.2252209292231553

       2.5315755      0.78539816      0.2241791765838933
       2.5315755       2.3561945      0.2241791765838934

       2.5817057      0.78539816      0.2231182017912567
       2.5817057       2.3561945      0.2231182017912569

       2.6318359      0.78539816      0.2220381734458931
       2.6318359       2.3561945      0.2220381734458927

       2.6819661      0.78539816       0.220939268513304
       2.6819661       2.3561945      0.2209392685133041

       2.7320964      0.78539816      0.2198216724009468
       2.7320964       2.3561945      0.2198216724009468

       2.7822266      0.78539816      0.2186855790241791
       2.7822266       2.3561945      0.2186855790241786

       2.8323568      0.78539816      0.2175311908610307
       2.8323568       2.3561945      0.2175311908610311

        2.882487      0.78539816      0.2163587189957752
        2.882487       2.3561945      0.2163587189957763

       2.9326172      0.78539816       0.215168383151274
       2.9326172       2.3561945      0.2151683831512746

       2.9827474      0.78539816      0.2139604117101004
       2.9827474       2.3561945      0.2139604117101002

       3.0328776      0.78539816      0.2127350417244625
       3.0328776       2.3561945      0.2127350417244631

       3.0830078      0.78539816      0.2114925189149485
       3.0830078       2.3561945       0.211492518914949

        3.133138      0.78539816      0.2102330976581063
        3.133138       2.3561945      0.2102330976581069

       3.1832682      0.78539816      0.2089570409629225
       3.1832682       2.3561945       0.208957040962923

       3.2333984      0.78539816      0.2076646204362302
       3.2333984       2.3561945      0.2076646204362305

       3.2835286      0.78539816      0.2063561162370958
       3.2835286       2.3561945      0.2063561162370963

       3.3336589      0.78539816      0.2050318170202427
       3.3336589       2.3561945      0.2050318170202444

       3.3837891      0.78539816      0.2036920198685647
       3.3837891       2.3561945      0.2036920198685667

       3.4339193      0.78539816      0.2023370302147986
       3.4339193       2.3561945      0.2023370302147998

       3.4840495      0.78539816      0.2009671617524137
       3.4840495       2.3561945      0.2009671617524152

       3.5341797      0.78539816      0.1995827363357831
       3.5341797       2.3561945      0.1995827363357841

       3.5843099      0.78539816      0.1981840838696998
       3.5843099       2.3561945      0.1981840838697016

       3.6344401      0.78539816      0.1967715421883151
       3.6344401       2.3561945      0.1967715421883177

       3.6845703      0.78539816      0.1953454569235527
       3.6845703       2.3561945      0.1953454569235551

       3.7347005      0.78539816      0.1939061813630736
       3.7347005       2.3561945      0.1939061813630763

       3.7848307      0.78539816      0.1924540762978756
       3.7848307       2.3561945      0.1924540762978785

       3.8349609      0.78539816       0.190989509859578
       3.8349609       2.3561945       0.190989509859581

       3.8850911      0.78539816      0.1895128573474712
       3.8850911       2.3561945      0.1895128573474734

       3.9352214      0.78539816      0.1880245010454116
       3.9352214       2.3561945       0.188024501045414

       3.9853516      0.78539816      0.1865248300286281
       3.9853516       2.3561945      0.1865248300286307

       4.0354818      0.78539816      0.1850142399605295
       4.0354818       2.3561945      0.1850142399605323

        4.085612      0.78539816      0.1834931328795896
        4.085612       2.3561945      0.1834931328795931

       4.1357422      0.78539816      0.1819619169764013
       4.1357422       2.3561945      0.1819619169764052

       4.1858724      0.78539816      0.1804210063609913
       4.1858724       2.3561945       0.180421006360995

       4.2360026      0.78539816      0.1788708208204799
       4.2360026       2.3561945      0.1788708208204843

       4.2861328      0.78539816      0.1773117855672204
       4.2861328       2.3561945      0.1773117855672247

        4.336263      0.78539816      0.1757443309775026
        4.336263       2.3561945      0.1757443309775077

       4.3863932      0.78539816      0.1741688923209551
       4.3863932       2.3561945      0.1741688923209613

       4.4365234      0.78539816      0.1725859094807853
       4.4365234       2.3561945      0.1725859094807908

       4.4866536      0.78539816      0.1709958266649805
       4.4866536       2.3561945      0.1709958266649855

       4.5367839      0.78539816       0.169399092108648
       4.5367839       2.3561945      0.1693990921086524

       4.5869141      0.78539816      0.1677961577676475
       4.5869141       2.3561945      0.1677961577676525

       4.6370443      0.78539816      0.1661874790037068
       4.6370443       2.3561945      0.1661874790037109

       4.6871745      0.78539816      0.1645735142612185
       4.6871745       2.3561945      0.1645735142612225

       4.7373047      0.78539816      0.1629547247359422
       4.7373047       2.3561945       0.162954724735947

       4.7874349      0.78539816      0.1613315740358455
       4.7874349       2.3561945      0.1613315740358502

       4.8375651      0.78539816       0.159704527834319
       4.8375651       2.3561945      0.1597045278343235

       4.8876953      0.78539816      0.1580740535160735
       4.8876953       2.3561945      0.1580740535160784

       4.9378255      0.78539816      0.1564406198159958
       4.9378255       2.3561945      0.1564406198160002

       4.9879557      0.78539816      0.1548046964512881
       4.9879557       2.3561945      0.1548046964512928

       5.0380859      0.78539816      0.1531667537472378
       5.0380859       2.3561945      0.1531667537472425

       5.0882161      0.78539816       0.151527262256982
       5.0882161       2.3561945      0.1515272622569869

       5.1383464      0.78539816      0.1498866923756557
       5.1383464       2.3561945      0.1498866923756621

       5.1884766      0.78539816      0.1482455139493531
       5.1884766       2.3561945      0.1482455139493592

       5.2386068      0.78539816      0.1466041958793302
       5.2386068       2.3561945      0.1466041958793353

        5.288737      0.78539816      0.1449632057219367
        5.288737       2.3561945      0.1449632057219421

       5.3388672      0.78539816      0.1433230092847715
       5.3388672       2.3561945      0.1433230092847774

       5.3889974      0.78539816      0.1416840702195689
       5.3889974       2.3561945      0.1416840702195749

       5.4391276      0.78539816      0.1400468496123869
       5.4391276       2.3561945      0.1400468496123926

       5.4892578      0.78539816      0.1384118055716678
       5.4892578       2.3561945      0.1384118055716734

        5.539388      0.78539816       0.136779392814771
        5.539388       2.3561945      0.1367793928147768

       5.5895182      0.78539816       0.135150062253611
       5.5895182       2.3561945      0.1351500622536174

       5.6396484      0.78539816      0.1335242605800491
       5.6396484       2.3561945      0.1335242605800547

       5.6897786      0.78539816      0.1319024298517259
       5.6897786       2.3561945      0.1319024298517321

       5.7399089      0.78539816      0.1302850070790153
       5.7399089       2.3561945      0.1302850070790213

       5.7900391      0.78539816      0.1286724238138409
       5.7900391       2.3561945      0.1286724238138466

       5.8401693      0.78539816      0.1270651057410766
       5.8401693       2.3561945       0.127065105741083

       5.8902995      0.78539816      0.1254634722732999
       5.8902995       2.3561945      0.1254634722733057

       5.9404297      0.78539816      0.1238679361496635
       5.9404297       2.3561945      0.1238679361496687

       5.9905599      0.78539816      0.1222789030396848
       5.9905599       2.3561945      0.1222789030396896

       6.0406901      0.78539816      0.1206967711527249
       6.0406901       2.3561945      0.1206967711527292

       6.0908203      0.78539816      0.1191219308539946
       6.0908203       2.3561945      0.1191219308539988

       6.1409505      0.78539816      0.1175547642878787
       6.1409505       2.3561945      0.1175547642878822

       6.1910807      0.78539816      0.1159956450094011
       6.1910807       2.3561945      0.1159956450094046

       6.2412109      0.78539816       0.114444937624647
       6.2412109       2.3561945      0.1144449376246504

       6.2913411      0.78539816      0.1129029974409612
       6.2913411       2.3561945      0.1129029974409639

       6.3414714      0.78539816      0.1113701701277206
       6.3414714       2.3561945      0.1113701701277234

       6.3916016      0.78539816      0.1098467913884891
       6.3916016       2.3561945      0.1098467913884921

       6.4417318      0.78539816      0.1083331866453384
       6.4417318       2.3561945      0.1083331866453412

        6.491862      0.78539816      0.1068296707360943
        6.491862       2.3561945      0.1068296707360972

       6.5419922      0.78539816      0.1053365476252924
       6.5419922       2.3561945      0.1053365476252957

       6.5921224      0.78539816      0.1038541101295374
       6.5921224       2.3561945      0.1038541101295399

       6.6422526      0.78539816      0.1023826396579869
       6.6422526       2.3561945      0.1023826396579885

       6.6923828      0.78539816       0.100922405968642
       6.6923828       2.3561945      0.1009224059686437

        6.742513      0.78539816     0.09947366694106771
        6.742513       2.3561945     0.09947366694106939

       6.7926432      0.78539816     0.09803666836616731
       6.7926432       2.3561945     0.09803666836616845

       6.8427734      0.78539816     0.09661164375357133
       6.8427734       2.3561945     0.09661164375357248

       6.8929036      0.78539816     0.09519881415717685
       6.8929036       2.3561945     0.09519881415717735

       6.9430339      0.78539816         0.0937983880193
       6.9430339       2.3561945      0.0937983880193009

       6.9931641      0.78539816     0.09241056103390784
       6.9931641       2.3561945     0.09241056103390805

       7.0432943      0.78539816     0.09103551602928708
       7.0432943       2.3561945     0.09103551602928743

       7.0934245      0.78539816     0.08967342287051161
       7.0934245       2.3561945     0.08967342287051207

       7.1435547      0.78539816     0.08832443838197197
       7.1435547       2.3561945     0.08832443838197243

       7.1936849      0.78539816     0.08698870629020591
       7.1936849       2.3561945     0.08698870629020619

       7.2438151      0.78539816     0.08566635718719785
       7.2438151       2.3561945     0.08566635718719887

       7.2939453      0.78539816     0.08435750851426903
       7.2939453       2.3561945     0.08435750851426893

       7.3440755      0.78539816     0.08306226456659691
       7.3440755       2.3561945     0.08306226456659736

       7.3942057      0.78539816     0.08178071651839049
       7.3942057       2.3561945     0.08178071651839133

       7.4443359      0.78539816     0.08051294246863458
       7.4443359       2.3561945     0.08051294246863523

       7.4944661      0.78539816     0.07925900750730029
       7.4944661       2.3561945      0.0792590075073006

       7.5445964      0.78539816     0.07801896380183601
       7.5445964       2.3561945     0.07801896380183727

       7.5947266      0.78539816      0.0767928507037134
       7.5947266       2.3561945     0.07679285070371417

       7.6448568      0.78539816     0.07558069487472412
       7.6448568       2.3561945     0.07558069487472548

        7.694987      0.78539816     0.07438251043269381
        7.694987       2.3561945     0.07438251043269399

       7.7451172      0.78539816     0.07319829911620905
       7.7451172       2.3561945     0.07319829911620959

       7.7952474      0.78539816     0.07202805046790033
       7.7952474       2.3561945     0.07202805046790085

       7.8453776      0.78539816     0.07087174203579191
       7.8453776       2.3561945      0.0708717420357913

       7.8955078      0.78539816     0.06972933959215694
       7.8955078       2.3561945     0.06972933959215644

        7.945638      0.78539816     0.06860079736929853
        7.945638       2.3561945     0.06860079736929708

       7.9957682      0.78539816     0.06748605831160272
       7.9957682       2.3561945      0.0674860583116012

       8.0458984      0.78539816     0.06638505434321527
       8.0458984       2.3561945      0.0663850543432138

       8.0960286      0.78539816     0.06529770665061334
       8.0960286       2.3561945     0.06529770665061149

       8.1461589      0.78539816     0.06422392597932849
       8.1461589       2.3561945     0.06422392597932629

       8.1962891      0.78539816     0.06316361294406488
       8.1962891       2.3561945     0.06316361294406296

       8.2464193      0.78539816     0.06211665835140191
       8.2464193       2.3561945     0.06211665835139963

       8.2965495      0.78539816     0.06108294353426102
       8.2965495       2.3561945     0.06108294353425871

       8.3466797      0.78539816     0.06006234069730778
       8.3466797       2.3561945     0.06006234069730553

       8.3968099      0.78539816     0.05905471327242082
       8.3968099       2.3561945      0.0590547132724191

       8.4469401      0.78539816     0.05805991628337436
       8.4469401       2.3561945     0.05805991628337293

       8.4970703      0.78539816     0.05707779671885015
       8.4970703       2.3561945     0.05707779671884854

       8.5472005      0.78539816     0.05610819391289844
       8.5472005       2.3561945     0.05610819391289681

       8.5973307      0.78539816     0.05515093993197541
       8.5973307       2.3561945     0.05515093993197411

       8.6474609      0.78539816     0.05420585996766449
       8.6474609       2.3561945     0.05420585996766415

       8.6975911      0.78539816     0.05327277273421679
       8.6975911       2.3561945     0.05327277273421644

       8.7477214      0.78539816     0.05235149087003744
       8.7477214       2.3561945     0.05235149087003679

       8.7978516      0.78539816     0.05144182134226167
       8.7978516       2.3561945     0.05144182134226114

       8.8479818      0.78539816      0.0505435658535734
       8.8479818       2.3561945     0.05054356585357275

        8.898112      0.78539816     0.04965652125044374
        8.898112       2.3561945     0.04965652125044378

       8.9482422      0.78539816     0.04878047993197877
       8.9482422       2.3561945      0.0487804799319778

       8.9983724      0.78539816     0.04791523025857879
       8.9983724       2.3561945      0.0479152302585778

       9.0485026      0.78539816     0.04706055695965727
       9.0485026       2.3561945     0.04706055695965658

       9.0986328      0.78539816     0.04621624153965788
       9.0986328       2.3561945      0.0462162415396575

        9.148763      0.78539816     0.04538206268166845
        9.148763       2.3561945     0.04538206268166751

       9.1988932      0.78539816     0.04455779664792428
       9.1988932       2.3561945     0.04455779664792364

       9.2490234      0.78539816     0.04374321767656054
       9.2490234       2.3561945     0.04374321767656112

       9.2991536      0.78539816     0.04293809837395979
       9.2991536       2.3561945     0.04293809837396055

       9.3492839      0.78539816     0.04214221010210252
       9.3492839       2.3561945     0.04214221010210329

       9.3994141      0.78539816     0.04135532336035152
       9.3994141       2.3561945     0.04135532336035184

       9.4495443      0.78539816     0.04057720816111598
       9.4495443       2.3561945      0.0405772081611165

       9.4996745      0.78539816     0.03980763439889931
       9.4996745       2.3561945     0.03980763439890075

       9.5498047      0.78539816     0.03904637221224562
       9.5498047       2.3561945     0.03904637221224713

       9.5999349      0.78539816     0.03829319233813722
       9.5999349       2.3561945     0.03829319233813816

       9.6500651      0.78539816     0.03754786645843098
       9.6500651       2.3561945     0.03754786645843189

       9.7001953      0.78539816     0.03681016753795304
       9.7001953       2.3561945     0.03681016753795424

       9.7503255      0.78539816     0.03607987015388019
       9.7503255       2.3561945     0.03607987015388277

       9.8004557      0.78539816      0.0353567508161042
       9.8004557       2.3561945     0.03535675081610695

       9.8505859      0.78539816     0.03464058827826298
       9.8505859       2.3561945     0.03464058827826513

       9.9007161      0.78539816     0.03393116383919009
       9.9007161       2.3561945     0.03393116383919305

       9.9508464      0.78539816     0.03322826163454141
       9.9508464       2.3561945     0.03322826163454454

       10.000977      0.78539816     0.03253166891835844
       10.000977       2.3561945     0.03253166891836201

       10.051107      0.78539816     0.03184117633441446
       10.051107       2.3561945     0.03184117633441794

       10.101237      0.78539816     0.03115657817715319
       10.101237       2.3561945     0.03115657817715656

       10.151367      0.78539816     0.03047767264209875
       10.151367       2.3561945     0.03047767264210149

       10.201497      0.78539816     0.02980426206560345
       10.201497       2.3561945     0.02980426206560599

       10.251628      0.78539816     0.02913615315384582
       10.251628       2.3561945     0.02913615315384759

       10.301758      0.78539816     0.02847315720099159
       10.301758       2.3561945     0.02847315720099339

       10.351888      0.78539816     0.02781509029645994
       10.351888       2.3561945     0.02781509029646102

       10.402018      0.78539816     0.02716177352125859
       10.402018       2.3561945     0.02716177352125901

       10.452148      0.78539816     0.02651303313335114
       10.452148       2.3561945     0.02651303313335167

       10.502279      0.78539816     0.02586870074205957
       10.502279       2.3561945     0.02586870074205993

       10.552409      0.78539816      0.0252286134714931
       10.552409       2.3561945      0.0252286134714927

       10.602539      0.78539816     0.02459261411301097
       10.602539       2.3561945     0.02459261411301048

       10.652669      0.78539816     0.02396055126677574
       10.652669       2.3561945     0.02396055126677558

       10.702799      0.78539816     0.02333227947249055
       10.702799       2.3561945     0.02333227947248911

        10.75293      0.78539816     0.02270765932892121
        10.75293       2.3561945     0.02270765932891997

        10.80306      0.78539816     0.02208655760290935
        10.80306       2.3561945     0.02208655760290814

        10.85319      0.78539816     0.02146884733055723
        10.85319       2.3561945     0.02146884733055595

        10.90332      0.78539816     0.02085440789774574
        10.90332       2.3561945     0.02085440789774377

       10.953451      0.78539816     0.02024312510904624
       10.953451       2.3561945     0.02024312510904422

       11.003581      0.78539816     0.01963489133607313
       11.003581       2.3561945     0.01963489133607133

       11.053711      0.78539816      0.0190296054581847
       11.053711       2.3561945     0.01902960545818231

       11.103841      0.78539816     0.01842717249178246
       11.103841       2.3561945     0.01842717249178039

       11.153971      0.78539816     0.01782750537915494
       11.153971       2.3561945     0.01782750537915314

       11.204102      0.78539816     0.01723052478597034
       11.204102       2.3561945     0.01723052478596908

       11.254232      0.78539816     0.01663614685068823
       11.254232       2.3561945     0.01663614685068726

       11.304362      0.78539816     0.01604430555158127
       11.304362       2.3561945     0.01604430555158051

       11.354492      0.78539816     0.01545500009084893
       11.354492       2.3561945     0.01545500009084868

       11.404622      0.78539816     0.01486808921420531
       11.404622       2.3561945     0.01486808921420556

       11.454753      0.78539816     0.01428327629720832
       11.454753       2.3561945     0.01428327629720886

       11.504883      0.78539816     0.01370127688133033
       11.504883       2.3561945     0.01370127688133136

       11.555013      0.78539816     0.01312254716942813
       11.555013       2.3561945     0.01312254716942954

       11.605143      0.78539816     0.01254166944098677
       11.605143       2.3561945     0.01254166944098785

       11.655273      0.78539816      0.0119531079235781
       11.655273       2.3561945     0.01195310792358067

       11.705404      0.78539816     0.01136477710177265
       11.705404       2.3561945     0.01136477710177644

       11.755534      0.78539816     0.01076174597922395
       11.755534       2.3561945     0.01076174597922786

       11.805664      0.78539816     0.01004188057266881
       11.805664       2.3561945     0.01004188057267421

       11.855794      0.78539816    0.009043186090114581
       11.855794       2.3561945    0.009043186090121275

       11.905924      0.78539816    0.007695715274488625
       11.905924       2.3561945    0.007695715274496176

       11.956055      0.78539816    0.006004559209314017
       11.956055       2.3561945    0.006004559209322012

       12.006185      0.78539816    0.003920416929184771
       12.006185       2.3561945    0.003920416929194286

       12.056315      0.78539816    0.001341865735161134
       12.056315       2.3561945    0.001341865735171146

       12.106445      0.78539816   -0.001813090130670319
       12.106445       2.3561945   -0.001813090130659738

       12.156576      0.78539816   -0.005609683137689931
       12.156576       2.3561945   -0.005609683137678549

       12.206706      0.78539816    -0.01015949736450818
       12.206706       2.3561945    -0.01015949736449682

       12.256836      0.78539816    -0.01565059858994487
       12.256836       2.3561945    -0.01565059858993278

       12.306966      0.78539816    -0.02235067230134485
       12.306966       2.3561945    -0.02235067230133198

       12.357096      0.78539816    -0.03053623376307469
       12.357096       2.3561945    -0.03053623376306209

       12.407227      0.78539816    -0.04085135390778056
       12.407227       2.3561945    -0.04085135390776867

       12.457357      0.78539816    -0.05381716602034405
       12.457357       2.3561945    -0.05381716602033326

       12.507487      0.78539816    -0.07045456589423964
       12.507487       2.3561945    -0.07045456589423099

       12.557617      0.78539816    -0.09189779756979402
       12.557617       2.3561945    -0.09189779756978685

       12.607747      0.78539816      -0.131328612011038
       12.607747       2.3561945     -0.1313286120110445

       12.657878      0.78539816     -0.1441722138008461
       12.657878       2.3561945      -0.144172213800787

       12.708008      0.78539816     -0.2775372148369888
       12.708008       2.3561945     -0.2775372148372202

       12.758138      0.78539816     -0.3709342160630685
       12.758138       2.3561945     -0.3709342160630271

       12.808268      0.78539816      -1.014166605135726
       12.808268       2.3561945      -1.014166605134266

       12.858398      0.78539816       -0.36042422182258
       12.858398       2.3561945      -0.360424221822407

       12.908529      0.78539816     -0.9745870355281743
       12.908529       2.3561945     -0.9745870355360595

       12.958659      0.78539816                    -nan
       12.958659       2.3561945                    -nan

       13.008789      0.78539816     -0.5335940714285785
       13.008789       2.3561945     -0.5335940714289127

