# File created on Wed Jul  8 11:31:14 2026
# ======================================== 
# = Running code assuming AXISYMMETRY    = 
# ======================================== 
# Data for Inflation GW initial data initial data at coord. time 0.163788 and proper central time 0.163788
# Evolved with (264,10,9) gridpoints (including 4 ghosts)
# Evolution with geodesic slicing and constant shift
# using eighth-order spatial differencing with 4 ghost zones 
# data 1 at theta = 0 and phi = 3.14159
# data 2 at theta = 1.5708 and phi = 3.14159
#                      r                     phi                     phi
#                               (     0,3.14159)        (1.5708,3.14159)
#========================================================================
     -0.1754557291666667    0.006653583247312277    0.006653583247312068
     -0.1253255208333333    0.006655602216114134    0.006655602216114124
           -0.0751953125    0.006656948817677348    0.006656948817677291
    -0.02506510416666667     0.00665761865164442    0.006657618651644573
     0.02506510416666667    0.006657618651644727    0.006657618651644573
            0.0751953125    0.006656948817677233    0.006656948817677291
      0.1253255208333333    0.006655602216114114    0.006655602216114124
      0.1754557291666667     0.00665358324731186    0.006653583247312068
            0.2255859375    0.006650893157804395    0.006650893157804413
      0.2757161458333334    0.006647532555539151    0.006647532555539295
      0.3258463541666667    0.006643502379225158    0.006643502379225092
            0.3759765625      0.0066388037586739    0.006638803758674055
      0.4261067708333334    0.006633438024791682    0.006633438024791541
      0.4762369791666667    0.006627406735028702    0.006627406735028647
            0.5263671875    0.006620711657160916    0.006620711657160896
      0.5764973958333334    0.006613354761982566    0.006613354761982704
      0.6266276041666667    0.006605338219967543    0.006605338219967408
            0.6767578125    0.006596664398730006     0.00659666439873006
      0.7268880208333334    0.006587335861113157    0.006587335861113192
      0.7770182291666667    0.006577355363593929    0.006577355363594073
            0.8271484375     0.00656672585482882    0.006566725854828817
      0.8772786458333334    0.006555450474243186    0.006555450474243187
      0.9274088541666667    0.006543532550619327    0.006543532550619328
            0.9775390625    0.006530975600646341     0.00653097560064628
       1.027669270833333    0.006517783327413695    0.006517783327413817
       1.077799479166667    0.006503959618843233    0.006503959618843172
            1.1279296875    0.006489508546039059    0.006489508546039087
       1.178059895833333    0.006474434361564071    0.006474434361564216
       1.228190104166667    0.006458741497627338    0.006458741497627268
            1.2783203125    0.006442434564186503    0.006442434564186607
       1.328450520833333    0.006425518346961443    0.006425518346961371
       1.378580729166667    0.006407997805357253    0.006407997805357243
            1.4287109375    0.006389878070296545    0.006389878070296387
       1.478841145833333     0.00637116444195559    0.006371164441955603
       1.528971354166667    0.006351862387411169     0.00635186238741124
            1.5791015625    0.006331977538188387    0.006331977538188406
       1.629231770833333    0.006311515687715518    0.006311515687715518
       1.679361979166667    0.006290482788686336    0.006290482788686328
            1.7294921875     0.00626888495032191    0.006268884950321924
       1.779622395833333    0.006246728435542327    0.006246728435542465
       1.829752604166667    0.006224019658038724    0.006224019658038663
            1.8798828125    0.006200765179251772    0.006200765179251892
       1.930013020833333    0.006176971705257265    0.006176971705257292
       1.980143229166667    0.006152646083555321    0.006152646083555258
            2.0302734375    0.006127795299769944     0.00612779529976978
       2.080403645833333    0.006102426474250974    0.006102426474251131
       2.130533854166667    0.006076546858592807    0.006076546858592796
            2.1806640625    0.006050163832054915       0.006050163832055
       2.230794270833333    0.006023284897899269    0.006023284897899493
       2.280924479166667    0.005995917679642157    0.005995917679642055
            2.3310546875    0.005968069917216831    0.005968069917216845
       2.381184895833333    0.005939749463060385    0.005939749463060376
       2.431315104166667    0.005910964278113478    0.005910964278113327
            2.4814453125    0.005881722427745484    0.005881722427745366
       2.531575520833333    0.005852032077604541    0.005852032077604579
       2.581705729166667    0.005821901489395897    0.005821901489395897
            2.6318359375    0.005791339016587797    0.005791339016587951
       2.681966145833333    0.005760353100055586    0.005760353100055721
       2.732096354166667    0.005728952263660681    0.005728952263660545
            2.7822265625     0.00569714510976639    0.005697145109766488
       2.832356770833333    0.005664940314706743    0.005664940314706615
       2.882486979166667    0.005632346624194316    0.005632346624194162
            2.9326171875    0.005599372848689755    0.005599372848689597
       2.982747395833333    0.005566027858717642    0.005566027858717511
       3.032877604166667    0.005532320580151413    0.005532320580151396
            3.0830078125    0.005498259989459313    0.005498259989459131
       3.133138020833333    0.005463855108918426    0.005463855108918446
       3.183268229166667    0.005429115001809359    0.005429115001809349
            3.2333984375    0.005394048767583526    0.005394048767583546
       3.283528645833333    0.005358665537019622    0.005358665537019397
       3.333658854166667    0.005322974467363853    0.005322974467363711
            3.3837890625    0.005286984737469994    0.005286984737469993
       3.433919270833333    0.005250705542934663    0.005250705542934624
       3.484049479166667    0.005214146091238596    0.005214146091238507
            3.5341796875    0.005177315596899309    0.005177315596899257
       3.584309895833333    0.005140223276633803    0.005140223276633949
       3.634440104166667    0.005102878344549045    0.005102878344549054
            3.6845703125    0.005065290007349838     0.00506529000734984
       3.734700520833333    0.005027467459583651    0.005027467459583598
       3.784830729166667    0.004989419878920496     0.00498941987892031
            3.8349609375    0.004951156421471876    0.004951156421472003
       3.885091145833333    0.004912686217161361    0.004912686217161295
       3.935221354166667    0.004874018365141159    0.004874018365141149
            3.9853515625    0.004835161929270833    0.004835161929271045
       4.035481770833334    0.004796125933657008    0.004796125933657087
       4.085611979166667    0.004756919358259067    0.004756919358259119
            4.1357421875    0.004717551134568223    0.004717551134568357
       4.185872395833334    0.004678030141365331     0.00467803014136519
       4.236002604166667    0.004638365200556827    0.004638365200556812
            4.2861328125     0.00459856507309986    0.004598565073099987
       4.336263020833334    0.004558638455019127    0.004558638455019392
       4.386393229166667    0.004518593973514896    0.004518593973515068
            4.4365234375    0.004478440183175611    0.004478440183175644
       4.486653645833334    0.004438185562289753    0.004438185562289887
       4.536783854166667    0.004397838509268302    0.004397838509268382
            4.5869140625    0.004357407339174804    0.004357407339174808
       4.637044270833334    0.004316900280372655    0.004316900280372639
       4.687174479166667    0.004276325471289197    0.004276325471289056
            4.7373046875    0.004235690957301318     0.00423569095730127
       4.787434895833334    0.004195004687743548    0.004195004687743338
       4.837565104166667    0.004154274513044162    0.004154274513044207
            4.8876953125    0.004113508181988586    0.004113508181988532
       4.937825520833334    0.004072713339116098    0.004072713339116098
       4.987955729166667    0.004031897522248423    0.004031897522248423
            5.0380859375    0.003991068160154036    0.003991068160153937
       5.088216145833334     0.00395023257034857    0.003950232570348777
       5.138346354166667    0.003909397957036658    0.003909397957036501
            5.1884765625    0.003868571409184344    0.003868571409184263
       5.238606770833334    0.003827759898743173    0.003827759898743181
       5.288736979166667    0.003786970279006999    0.003786970279006876
            5.3388671875    0.003746209283112295    0.003746209283112148
       5.388997395833334    0.003705483522680478    0.003705483522680377
       5.439127604166667    0.003664799486600887    0.003664799486600949
            5.4892578125    0.003624163539955463    0.003624163539955156
       5.539388020833334    0.003583581923082351    0.003583581923082371
       5.589518229166667     0.00354306075078277    0.003543060750782632
            5.6396484375    0.003502606011662531    0.003502606011662718
       5.689778645833334    0.003462223567616371    0.003462223567616286
       5.739908854166667    0.003421919153441225    0.003421919153441039
            5.7900390625    0.003381698376593668    0.003381698376593644
       5.840169270833334    0.003341566717072245    0.003341566717072212
       5.890299479166667    0.003301529527434348    0.003301529527434307
            5.9404296875    0.003261592032943175    0.003261592032943014
       5.990559895833334    0.003221759331836398    0.003221759331836426
       6.040690104166667    0.003182036395722828    0.003182036395722944
            6.0908203125    0.003142428070098866    0.003142428070098758
       6.140950520833334    0.003102939074981909    0.003102939074981779
       6.191080729166667     0.00306357400565942    0.003063574005659341
            6.2412109375    0.003024337333549848    0.003024337333549818
       6.291341145833334    0.002985233407171906    0.002985233407171867
       6.341471354166667    0.002946266453218612    0.002946266453218422
            6.3916015625    0.002907440577730565    0.002907440577730585
       6.441731770833334    0.002868759767371743    0.002868759767371701
       6.491861979166667        0.00283022789079    0.002830227890790014
            6.5419921875    0.002791848700076631    0.002791848700076679
       6.592122395833334    0.002753625832304315    0.002753625832304285
       6.642252604166667    0.002715562811149078    0.002715562811148966
            6.6923828125    0.002677663048589157     0.00267766304858915
       6.742513020833334    0.002639929846674592    0.002639929846674468
       6.792643229166667    0.002602366399367339    0.002602366399367202
            6.8427734375    0.002564975794441989    0.002564975794442171
       6.892903645833334    0.002527761015452341    0.002527761015452263
       6.943033854166667    0.002490724943741224    0.002490724943741478
            6.9931640625    0.002453870360513156    0.002453870360513076
       7.043294270833334    0.002417199948942926    0.002417199948942858
       7.093424479166667    0.002380716296332184    0.002380716296332223
            7.1435546875    0.002344421896297617    0.002344421896297678
       7.193684895833334    0.002308319150993473     0.00230831915099349
       7.243815104166667    0.002272410373362609    0.002272410373362692
            7.2939453125    0.002236697789408517    0.002236697789408562
       7.344075520833334    0.002201183540487051    0.002201183540486857
       7.394205729166667    0.002165869685611908    0.002165869685612058
            7.4443359375    0.002130758203773111    0.002130758203773053
       7.494466145833334     0.00209585099625624    0.002095850996256194
       7.544596354166667    0.002061149888965496    0.002061149888965541
            7.5947265625    0.002026656634747714    0.002026656634747833
       7.644856770833334    0.001992372915704127    0.001992372915704253
       7.694986979166667    0.001958300345494036    0.001958300345493924
            7.7451171875    0.001924440471626316    0.001924440471626385
       7.795247395833334    0.001890794777729959    0.001890794777729921
       7.845377604166667     0.00185736468580341    0.001857364685803325
            7.8955078125    0.001824151558439893    0.001824151558440079
       7.945638020833334     0.00179115670102567    0.001791156701025692
       7.995768229166667    0.001758381363901376    0.001758381363901425
            8.0458984375    0.001725826744492561    0.001725826744492774
       8.096028645833334    0.001693493989404868    0.001693493989404895
       8.146158854166668     0.00166138419647013    0.001661384196470014
            8.1962890625    0.001629498416756429    0.001629498416756409
       8.246419270833334    0.001597837656532254    0.001597837656532068
       8.296549479166668    0.001566402879174619    0.001566402879174656
            8.3466796875    0.001535195007035769    0.001535195007035648
       8.396809895833334    0.001504214923250085    0.001504214923250302
       8.446940104166668    0.001473463473490853    0.001473463473491133
            8.4970703125    0.001442941467667566    0.001442941467667767
       8.547200520833334    0.001412649681565493    0.001412649681565496
       8.597330729166668    0.001382588858425316    0.001382588858425298
            8.6474609375    0.001352759710462541    0.001352759710462803
       8.697591145833334    0.001323162920324135    0.001323162920324388
       8.747721354166668    0.001293799142479376    0.001293799142479623
            8.7978515625    0.001264669004550071     0.00126466900455015
       8.847981770833334    0.001235773108573259    0.001235773108573345
       8.898111979166668    0.001207112032196645    0.001207112032196682
            8.9482421875    0.001178686329812609     0.00117868632981265
       8.998372395833334    0.001150496533620665    0.001150496533620832
       9.048502604166668    0.001122543154626422    0.001122543154626408
            9.0986328125    0.001094826683570347     0.00109482668357043
       9.148763020833334     0.00106734759179572    0.001067347591795821
       9.198893229166668    0.001040106332043291    0.001040106332043197
            9.2490234375    0.001013103339184502    0.001013103339184748
       9.299153645833334   0.0009863390308887761   0.0009863390308891388
       9.349283854166668   0.0009598138082230883   0.0009598138082232708
            9.3994140625   0.0009335280561906053   0.0009335280561906176
       9.449544270833334   0.0009074821442050259   0.0009074821442051984
       9.499674479166668   0.0008816764265014906   0.0008816764265015269
            9.5498046875   0.0008561112424880468   0.0008561112424882142
       9.599934895833334   0.0008307869170366426   0.0008307869170367463
       9.650065104166668   0.0008057037607137623   0.0008057037607137451
            9.7001953125   0.0007808620699578605   0.0007808620699576625
       9.750325520833334   0.0007562621271964505   0.0007562621271966427
       9.800455729166668   0.0007319042009118782   0.0007319042009121363
            9.8505859375   0.0007077885456536084   0.0007077885456540712
       9.900716145833334   0.0006839154020004816   0.0006839154020005468
       9.950846354166668   0.0006602849964722053   0.0006602849964724062
           10.0009765625   0.0006368975413973219   0.0006368975413976797
       10.05110677083333   0.0006137532347321251   0.0006137532347324561
       10.10123697916667   0.0005908522598381809   0.0005908522598380935
           10.1513671875    0.000568194785217303   0.0005681947852174598
       10.20149739583333   0.0005457809642141662   0.0005457809642141929
       10.25162760416667   0.0005236109346699446   0.0005236109346700791
           10.3017578125   0.0005016848185528813   0.0005016848185530806
       10.35188802083333    0.000480002721550219   0.0004800027215500506
       10.40201822916667   0.0004585647326288342   0.0004585647326288613
           10.4521484375   0.0004373709235742456   0.0004373709235742046
       10.50227864583333    0.000416421348496483   0.0004164213484964247
       10.55240885416667   0.0003957160433168588   0.0003957160433169061
           10.6025390625   0.0003752550252322996   0.0003752550252323327
       10.65266927083333   0.0003550382921605215   0.0003550382921605698
       10.70279947916667   0.0003350658221684242    0.000335065822168285
           10.7529296875    0.000315337572885232   0.0003153375728851499
       10.80305989583333   0.0002958534809064561   0.0002958534809065245
       10.85319010416667   0.0002766134611843681   0.0002766134611844508
           10.9033203125    0.000257617406412163   0.0002576174064120346
       10.95345052083333   0.0002388651864014536   0.0002388651864012811
       11.00358072916667    0.000220356647458742   0.0002203566474587015
           11.0537109375   0.0002020916117589781   0.0002020916117585682
       11.10384114583333   0.0001840698767167339   0.0001840698767166814
       11.15397135416667   0.0001662912143679608   0.0001662912143678541
           11.2041015625   0.0001487553707478382   0.0001487553707479562
       11.25423177083333   0.0001314620652810173   0.0001314620652811246
       11.30436197916667   0.0001144109901767748   0.0001144109901768625
           11.3544921875   9.760180983837533e-05   9.760180983861968e-05
       11.40462239583333   8.103416028225153e-05   8.103416028243864e-05
       11.45475260416667   6.470764856983284e-05   6.470764857000832e-05
           11.5048828125   4.862185225832471e-05   4.862185225828449e-05
       11.55501302083333   3.277631886519409e-05   3.277631886519742e-05
       11.60514322916667   1.717056535518005e-05    1.71705653550678e-05
           11.6552734375   1.804077642533195e-06     1.8040776422863e-06
       11.70540364583333  -1.332368987920108e-05  -1.332368987898666e-05
       11.75553385416667  -2.821331478861995e-05    -2.8213314788483e-05
           11.8056640625  -4.286540706506237e-05  -4.286540706477798e-05
       11.85579427083333  -5.728060948525702e-05  -5.728060948488194e-05
       11.90592447916667  -7.145959800211984e-05  -7.145959800187708e-05
           11.9560546875  -8.540308208270628e-05  -8.540308208250812e-05
       12.00618489583333  -9.911180504778979e-05  -9.911180504761639e-05
       12.05631510416667  -0.0001125865444953641  -0.0001125865444949648
           12.1064453125  -0.0001258281109213799   -0.000125828110921117
       12.15657552083333  -0.0001388373531461353  -0.0001388373531454655
       12.20670572916667  -0.0001516151832623061  -0.0001516151832622481
           12.2568359375   -0.000164162265183221  -0.0001641622651831425
       12.30696614583333  -0.0001764799630648152  -0.0001764799630646769
       12.35709635416667  -0.0001885749556285475  -0.0001885749556281396
           12.4072265625  -0.0002004059929617034  -0.0002004059929613609
       12.45735677083333  -0.0002120403363842653  -0.0002120403363840436
       12.50748697916667  -0.0002242617446548719  -0.0002242617446548737
           12.5576171875  -0.0002306783090038511  -0.0002306783090036273
       12.60774739583333   -0.000242393745830568  -0.0002423937458303055
       12.65787760416667  -0.0003430501683578665  -0.0003430501683577429
           12.7080078125   5.081878156805653e-05   5.081878156832416e-05
       12.75813802083333  -0.0008870760040742887  -0.0008870760040740929
       12.80826822916667     -0.0131316090462285    -0.01313160904622822
           12.8583984375    -0.01204765414620452    -0.01204765414620445
       12.90852864583333   -0.007783541120902805   -0.007783541120902775
       12.95865885416667   -0.003818792563772991   -0.003818792563772933
           13.0087890625  -0.0009133996459567441  -0.0009133996459566836
