# File created on Wed Jul  8 11:31:12 2026
# Data for Inflation GW initial data initial data at coord time 0.0377973 and central proper time 0.0377973
# Evolved with (264,10,9) gridpoints (including 4 ghosts)
# Evolution with geodesic slicing and constant shift shift condition 
# data for phi = 3.14159
#              r           theta                 phi
#===============================================================
     0.025065104      0.78539816   0.0003570143721145501
     0.025065104       2.3561945   0.0003570143721144247

     0.075195312      0.78539816   0.0003569784972934903
     0.075195312       2.3561945   0.0003569784972934744

      0.12532552      0.78539816   0.0003569067584335956
      0.12532552       2.3561945   0.0003569067584336053

      0.17545573      0.78539816   0.0003567991770902761
      0.17545573       2.3561945   0.0003567991770902656

      0.22558594      0.78539816   0.0003566557855845757
      0.22558594       2.3561945   0.0003566557855846008

      0.27571615      0.78539816   0.0003564766269835674
      0.27571615       2.3561945   0.0003564766269836839

      0.32584635      0.78539816   0.0003562617550786949
      0.32584635       2.3561945   0.0003562617550788112

      0.37597656      0.78539816   0.0003560112343570672
      0.37597656       2.3561945   0.0003560112343570914

      0.42610677      0.78539816   0.0003557251399667357
      0.42610677       2.3561945   0.0003557251399667404

      0.47623698      0.78539816   0.0003554035576776178
      0.47623698       2.3561945   0.0003554035576775451

      0.52636719      0.78539816   0.0003550465838353717
      0.52636719       2.3561945    0.000355046583835342

       0.5764974      0.78539816   0.0003546543253106549
       0.5764974       2.3561945   0.0003546543253108696

       0.6266276      0.78539816   0.0003542268994430897
       0.6266276       2.3561945   0.0003542268994431083

      0.67675781      0.78539816   0.0003537644339767862
      0.67675781       2.3561945   0.0003537644339768653

      0.72688802      0.78539816   0.0003532670669953285
      0.72688802       2.3561945   0.0003532670669953849

      0.77701823      0.78539816   0.0003527349468463795
      0.77701823       2.3561945   0.0003527349468463689

      0.82714844      0.78539816   0.0003521682320635801
      0.82714844       2.3561945   0.0003521682320635798

      0.87727865      0.78539816   0.0003515670912826107
      0.87727865       2.3561945   0.0003515670912826129

      0.92740885      0.78539816   0.0003509317031507605
      0.92740885       2.3561945   0.0003509317031507653

      0.97753906      0.78539816    0.000350262256232457
      0.97753906       2.3561945   0.0003502622562323605

       1.0276693      0.78539816   0.0003495589489084585
       1.0276693       2.3561945   0.0003495589489084267

       1.0777995      0.78539816   0.0003488219892708161
       1.0777995       2.3561945   0.0003488219892707186

       1.1279297      0.78539816   0.0003480515950115371
       1.1279297       2.3561945   0.0003480515950113564

       1.1780599      0.78539816   0.0003472479933066095
       1.1780599       2.3561945   0.0003472479933066028

       1.2281901      0.78539816   0.0003464114206953571
       1.2281901       2.3561945   0.0003464114206952474

       1.2783203      0.78539816   0.0003455421229534776
       1.2783203       2.3561945    0.000345542122953632

       1.3284505      0.78539816   0.0003446403549631575
       1.3284505       2.3561945   0.0003446403549632754

       1.3785807      0.78539816   0.0003437063805762461
       1.3785807       2.3561945   0.0003437063805762238

       1.4287109      0.78539816   0.0003427404724735607
       1.4287109       2.3561945   0.0003427404724735558

       1.4788411      0.78539816   0.0003417429120195405
       1.4788411       2.3561945   0.0003417429120195508

       1.5289714      0.78539816   0.0003407139891120836
       1.5289714       2.3561945   0.0003407139891121896

       1.5791016      0.78539816   0.0003396540020282201
       1.5791016       2.3561945   0.0003396540020282518

       1.6292318      0.78539816   0.0003385632572641725
       1.6292318       2.3561945   0.0003385632572641626

        1.679362      0.78539816    0.000337442069372611
        1.679362       2.3561945    0.000337442069372611

       1.7294922      0.78539816   0.0003362907607945438
       1.7294922       2.3561945   0.0003362907607945507

       1.7796224      0.78539816   0.0003351096616874352
       1.7796224       2.3561945   0.0003351096616874247

       1.8297526      0.78539816   0.0003338991097496164
       1.8297526       2.3561945   0.0003338991097495102

       1.8798828      0.78539816   0.0003326594500395493
       1.8798828       2.3561945   0.0003326594500395155

        1.930013      0.78539816   0.0003313910347933412
        1.930013       2.3561945   0.0003313910347933706

       1.9801432      0.78539816    0.000330094223236911
       1.9801432       2.3561945    0.000330094223236822

       2.0302734      0.78539816   0.0003287693813948855
       2.0302734       2.3561945   0.0003287693813946357

       2.0804036      0.78539816   0.0003274168818965473
       2.0804036       2.3561945   0.0003274168818963382

       2.1305339      0.78539816   0.0003260371037786975
       2.1305339       2.3561945   0.0003260371037786783

       2.1806641      0.78539816    0.000324630432285044
       2.1806641       2.3561945   0.0003246304322851677

       2.2307943      0.78539816   0.0003231972586619641
       2.2307943       2.3561945   0.0003231972586618644

       2.2809245      0.78539816   0.0003217379799524755
       2.2809245       2.3561945    0.000321737979952311

       2.3310547      0.78539816   0.0003202529987872859
       2.3310547       2.3561945   0.0003202529987873197

       2.3811849      0.78539816   0.0003187427231733123
       2.3811849       2.3561945   0.0003187427231732901

       2.4313151      0.78539816   0.0003172075662797748
       2.4313151       2.3561945   0.0003172075662795553

       2.4814453      0.78539816   0.0003156479462216714
       2.4814453       2.3561945   0.0003156479462217032

       2.5315755      0.78539816   0.0003140642858428902
       2.5315755       2.3561945   0.0003140642858429639

       2.5817057      0.78539816   0.0003124570124949584
       2.5817057       2.3561945   0.0003124570124949416

       2.6318359      0.78539816   0.0003108265578161907
       2.6318359       2.3561945   0.0003108265578162054

       2.6819661      0.78539816   0.0003091733575090638
       2.6819661       2.3561945   0.0003091733575090443

       2.7320964      0.78539816   0.0003074978511154725
       2.7320964       2.3561945   0.0003074978511152584

       2.7822266      0.78539816   0.0003058004817917905
       2.7822266       2.3561945   0.0003058004817917279

       2.8323568      0.78539816   0.0003040816960821971
       2.8323568       2.3561945    0.000304081696082217

        2.882487      0.78539816   0.0003023419436921979
        2.882487       2.3561945   0.0003023419436921977

       2.9326172      0.78539816   0.0003005816772610464
       2.9326172       2.3561945   0.0003005816772610338

       2.9827474      0.78539816   0.0002988013521335385
       2.9827474       2.3561945   0.0002988013521335558

       3.0328776      0.78539816   0.0002970014261322189
       3.0328776       2.3561945   0.0002970014261324279

       3.0830078      0.78539816   0.0002951823593307642
       3.0830078       2.3561945   0.0002951823593309211

        3.133138      0.78539816   0.0002933446138244569
        3.133138       2.3561945   0.0002933446138244923

       3.1832682      0.78539816   0.0002914886535037007
       3.1832682       2.3561945   0.0002914886535036815

       3.2333984      0.78539816   0.0002896149438282163
       3.2333984       2.3561945   0.0002896149438282484

       3.2835286      0.78539816   0.0002877239516009942
       3.2835286       2.3561945   0.0002877239516011014

       3.3336589      0.78539816   0.0002858161447430077
       3.3336589       2.3561945   0.0002858161447430164

       3.3837891      0.78539816   0.0002838919920708087
       3.3837891       2.3561945   0.0002838919920708101

       3.4339193      0.78539816   0.0002819519630736772
       3.4339193       2.3561945   0.0002819519630736139

       3.4840495      0.78539816   0.0002799965276939946
       3.4840495       2.3561945    0.000279996527693865

       3.5341797      0.78539816    0.000278026156108406
       3.5341797       2.3561945   0.0002780261561083214

       3.5843099      0.78539816   0.0002760413185110204
       3.5843099       2.3561945   0.0002760413185110232

       3.6344401      0.78539816   0.0002740424848993424
       3.6344401       2.3561945   0.0002740424848993434

       3.6845703      0.78539816   0.0002720301248625653
       3.6845703       2.3561945   0.0002720301248625738

       3.7347005      0.78539816   0.0002700047073713718
       3.7347005       2.3561945   0.0002700047073712943

       3.7848307      0.78539816   0.0002679667005713595
       3.7848307       2.3561945   0.0002679667005712927

       3.8349609      0.78539816   0.0002659165715796699
       3.8349609       2.3561945   0.0002659165715796484

       3.8850911      0.78539816   0.0002638547862838742
       3.8850911       2.3561945   0.0002638547862837646

       3.9352214      0.78539816   0.0002617818091439051
       3.9352214       2.3561945   0.0002617818091438894

       3.9853516      0.78539816   0.0002596981029989339
       3.9853516       2.3561945   0.0002596981029990242

       4.0354818      0.78539816   0.0002576041288756359
       4.0354818       2.3561945   0.0002576041288757634

        4.085612      0.78539816   0.0002555003458016955
        4.085612       2.3561945   0.0002555003458017583

       4.1357422      0.78539816   0.0002533872106224714
       4.1357422       2.3561945   0.0002533872106224631

       4.1858724      0.78539816   0.0002512651778218092
       4.1858724       2.3561945   0.0002512651778218039

       4.2360026      0.78539816   0.0002491346993471588
       4.2360026       2.3561945   0.0002491346993471491

       4.2861328      0.78539816   0.0002469962244382603
       4.2861328       2.3561945   0.0002469962244384377

        4.336263      0.78539816   0.0002448501994610999
        4.336263       2.3561945   0.0002448501994612838

       4.3863932      0.78539816   0.0002426970677454522
       4.3863932       2.3561945   0.0002426970677454845

       4.4365234      0.78539816   0.0002405372694274773
       4.4365234       2.3561945   0.0002405372694275239

       4.4866536      0.78539816   0.0002383712412970861
       4.4866536       2.3561945    0.000238371241297306

       4.5367839      0.78539816   0.0002361994166498261
       4.5367839       2.3561945   0.0002361994166499503

       4.5869141      0.78539816    0.000234022225143368
       4.5869141       2.3561945   0.0002340222251433823

       4.6370443      0.78539816   0.0002318400926593683
       4.6370443       2.3561945   0.0002318400926593563

       4.6871745      0.78539816   0.0002296534411704301
       4.6871745       2.3561945   0.0002296534411704395

       4.7373047      0.78539816    0.000227462688611807
       4.7373047       2.3561945   0.0002274626886117646

       4.7874349      0.78539816   0.0002252682487583196
       4.7874349       2.3561945   0.0002252682487582221

       4.8375651      0.78539816   0.0002230705311066082
       4.8375651       2.3561945    0.000223070531106705

       4.8876953      0.78539816   0.0002208699407624294
       4.8876953       2.3561945   0.0002208699407623592

       4.9378255      0.78539816   0.0002186668783329439
       4.9378255       2.3561945   0.0002186668783329601

       4.9879557      0.78539816   0.0002164617398254383
       4.9879557       2.3561945    0.000216461739825477

       5.0380859      0.78539816   0.0002142549165499613
       5.0380859       2.3561945     0.00021425491654982

       5.0882161      0.78539816   0.0002120467950279711
       5.0882161       2.3561945   0.0002120467950278682

       5.1383464      0.78539816   0.0002098377569070342
       5.1383464       2.3561945   0.0002098377569070284

       5.1884766      0.78539816   0.0002076281788795117
       5.1884766       2.3561945   0.0002076281788794111

       5.2386068      0.78539816   0.0002054184326065543
       5.2386068       2.3561945    0.000205418432606573

        5.288737      0.78539816   0.0002032088846491903
        5.288737       2.3561945   0.0002032088846492651

       5.3388672      0.78539816   0.0002009998964033259
       5.3388672       2.3561945   0.0002009998964033363

       5.3889974      0.78539816   0.0001987918240399755
       5.3889974       2.3561945   0.0001987918240400887

       5.4391276      0.78539816   0.0001965850184512491
       5.4391276       2.3561945   0.0001965850184513627

       5.4892578      0.78539816   0.0001943798252013245
       5.4892578       2.3561945   0.0001943798252013345

        5.539388      0.78539816   0.0001921765844823627
        5.539388       2.3561945   0.0001921765844824353

       5.5895182      0.78539816   0.0001899756310759924
       5.5895182       2.3561945   0.0001899756310760217

       5.6396484      0.78539816   0.0001877772943195502
       5.6396484       2.3561945   0.0001877772943194127

       5.6897786      0.78539816   0.0001855818980771214
       5.6897786       2.3561945   0.0001855818980770159

       5.7399089      0.78539816   0.0001833897607156857
       5.7399089       2.3561945   0.0001833897607156739

       5.7900391      0.78539816   0.0001812011950866005
       5.7900391       2.3561945   0.0001812011950866005

       5.8401693      0.78539816   0.0001790165085100107
       5.8401693       2.3561945    0.000179016508510006

       5.8902995      0.78539816    0.000176836002766186
       5.8902995       2.3561945   0.0001768360027661711

       5.9404297      0.78539816    0.000174659974090165
       5.9404297       2.3561945   0.0001746599740901889

       5.9905599      0.78539816   0.0001724887131707714
       5.9905599       2.3561945   0.0001724887131708742

       6.0406901      0.78539816   0.0001703225051543426
       6.0406901       2.3561945   0.0001703225051543498

       6.0908203      0.78539816   0.0001681616296524029
       6.0908203       2.3561945    0.000168161629652304

       6.1409505      0.78539816   0.0001660063607535362
       6.1409505       2.3561945   0.0001660063607534016

       6.1910807      0.78539816   0.0001638569670397437
       6.1910807       2.3561945   0.0001638569670396743

       6.2412109      0.78539816   0.0001617137116058888
       6.2412109       2.3561945   0.0001617137116058928

       6.2913411      0.78539816   0.0001595768520831997
       6.2913411       2.3561945   0.0001595768520831918

       6.3414714      0.78539816   0.0001574466406667111
       6.3414714       2.3561945      0.0001574466406667

       6.3916016      0.78539816   0.0001553233241454619
       6.3916016       2.3561945   0.0001553233241455589

       6.4417318      0.78539816   0.0001532071439368376
       6.4417318       2.3561945   0.0001532071439368208

        6.491862      0.78539816   0.0001510983361235832
        6.491862       2.3561945   0.0001510983361234387

       6.5419922      0.78539816    0.000148997131493949
       6.5419922       2.3561945   0.0001489971314938546

       6.5921224      0.78539816   0.0001469037555853215
       6.5921224       2.3561945   0.0001469037555853274

       6.6422526      0.78539816   0.0001448184287304411
       6.6422526       2.3561945   0.0001448184287305477

       6.6923828      0.78539816   0.0001427413661047888
       6.6923828       2.3561945   0.0001427413661048056

        6.742513      0.78539816   0.0001406727777792364
        6.742513       2.3561945   0.0001406727777793089

       6.7926432      0.78539816   0.0001386128687728135
       6.7926432       2.3561945   0.0001386128687728448

       6.8427734      0.78539816   0.0001365618391082879
       6.8427734       2.3561945   0.0001365618391081509

       6.8929036      0.78539816   0.0001345198838703143
       6.8929036       2.3561945   0.0001345198838702114

       6.9430339      0.78539816   0.0001324871932654082
       6.9430339       2.3561945   0.0001324871932654015

       6.9931641      0.78539816   0.0001304639526830875
       6.9931641       2.3561945   0.0001304639526829961

       7.0432943      0.78539816   0.0001284503427591103
       7.0432943       2.3561945   0.0001284503427590413

       7.0934245      0.78539816   0.0001264465394399365
       7.0934245       2.3561945   0.0001264465394400026

       7.1435547      0.78539816   0.0001244527140491415
       7.1435547       2.3561945   0.0001244527140492284

       7.1936849      0.78539816   0.0001224690333544309
       7.1936849       2.3561945   0.0001224690333544374

       7.2438151      0.78539816   0.0001204956596354786
       7.2438151       2.3561945   0.0001204956596355851

       7.2939453      0.78539816   0.0001185327507540733
       7.2939453       2.3561945   0.0001185327507541177

       7.3440755      0.78539816   0.0001165804602230926
       7.3440755       2.3561945   0.0001165804602229978

       7.3942057      0.78539816   0.0001146389372774164
       7.3942057       2.3561945   0.0001146389372773982

       7.4443359      0.78539816   0.0001127083269453952
       7.4443359       2.3561945   0.0001127083269455002

       7.4944661      0.78539816   0.0001107887701203662
       7.4944661       2.3561945   0.0001107887701203644

       7.5445964      0.78539816   0.0001088804036321762
       7.5445964       2.3561945   0.0001088804036321802

       7.5947266      0.78539816   0.0001069833603190915
       7.5947266       2.3561945    0.000106983360319098

       7.6448568      0.78539816   0.0001050977690996182
       7.6448568       2.3561945   0.0001050977690996242

        7.694987      0.78539816    0.000103223755045264
        7.694987       2.3561945   0.0001032237550452589

       7.7451172      0.78539816   0.0001013614394512655
       7.7451172       2.3561945    0.000101361439451301

       7.7952474      0.78539816   9.951093990793955e-05
       7.7952474       2.3561945   9.951093990805399e-05

       7.8453776      0.78539816   9.767237037238814e-05
       7.8453776       2.3561945   9.767237037240684e-05

       7.8955078      0.78539816   9.584584123755146e-05
       7.8955078       2.3561945   9.584584123745455e-05

        7.945638      0.78539816   9.403145940317047e-05
        7.945638       2.3561945   9.403145940312235e-05

       7.9957682      0.78539816   9.222932834396709e-05
       7.9957682       2.3561945   9.222932834398328e-05

       8.0458984      0.78539816   9.043954817804272e-05
       8.0458984       2.3561945   9.043954817805482e-05

       8.0960286      0.78539816   8.866221573424626e-05
       8.0960286       2.3561945   8.866221573424106e-05

       8.1461589      0.78539816   8.689742461811428e-05
       8.1461589       2.3561945   8.689742461800858e-05

       8.1962891      0.78539816   8.514526527714377e-05
       8.1962891       2.3561945   8.514526527712306e-05

       8.2464193      0.78539816   8.340582506498627e-05
       8.2464193       2.3561945   8.340582506490883e-05

       8.2965495      0.78539816   8.167918830370915e-05
       8.2965495       2.3561945   8.167918830368412e-05

       8.3466797      0.78539816   7.996543634586813e-05
       8.3466797       2.3561945   7.996543634597783e-05

       8.3968099      0.78539816   7.826464763461619e-05
       8.3968099       2.3561945    7.82646476346066e-05

       8.4469401      0.78539816   7.657689776180827e-05
       8.4469401       2.3561945   7.657689776170473e-05

       8.4970703      0.78539816   7.490225952579857e-05
       8.4970703       2.3561945    7.49022595256913e-05

       8.5472005      0.78539816    7.32408029870603e-05
       8.5472005       2.3561945   7.324080298694817e-05

       8.5973307      0.78539816   7.159259552236821e-05
       8.5973307       2.3561945   7.159259552231083e-05

       8.6474609      0.78539816   6.995770187769707e-05
       8.6474609       2.3561945    6.99577018777258e-05

       8.6975911      0.78539816   6.833618421888254e-05
       8.6975911       2.3561945   6.833618421888265e-05

       8.7477214      0.78539816   6.672810218055371e-05
       8.7477214       2.3561945   6.672810218045499e-05

       8.7978516      0.78539816   6.513351291483332e-05
       8.7978516       2.3561945   6.513351291480176e-05

       8.8479818      0.78539816    6.35524711365078e-05
       8.8479818       2.3561945   6.355247113661613e-05

        8.898112      0.78539816   6.198502916768301e-05
        8.898112       2.3561945   6.198502916770431e-05

       8.9482422      0.78539816   6.043123697964534e-05
       8.9482422       2.3561945   6.043123697957567e-05

       8.9983724      0.78539816   5.889114223398167e-05
       8.9983724       2.3561945   5.889114223411387e-05

       9.0485026      0.78539816   5.736479032235163e-05
       9.0485026       2.3561945   5.736479032248028e-05

       9.0986328      0.78539816   5.585222440220077e-05
       9.0986328       2.3561945   5.585222440213247e-05

        9.148763      0.78539816   5.435348543351158e-05
        9.148763       2.3561945   5.435348543346512e-05

       9.1988932      0.78539816   5.286861221217934e-05
       9.1988932       2.3561945   5.286861221213493e-05

       9.2490234      0.78539816   5.139764140183086e-05
       9.2490234       2.3561945   5.139764140178694e-05

       9.2991536      0.78539816   4.994060756444543e-05
       9.2991536       2.3561945   4.994060756456483e-05

       9.3492839      0.78539816   4.849754318928558e-05
       9.3492839       2.3561945   4.849754318920865e-05

       9.3994141      0.78539816   4.706847871925019e-05
       9.3994141       2.3561945   4.706847871915292e-05

       9.4495443      0.78539816   4.565344257649292e-05
       9.4495443       2.3561945   4.565344257631513e-05

       9.4996745      0.78539816   4.425246118616372e-05
       9.4996745       2.3561945   4.425246118602309e-05

       9.5498047      0.78539816   4.286555899880329e-05
       9.5498047       2.3561945   4.286555899887037e-05

       9.5999349      0.78539816   4.149275851065305e-05
       9.5999349       2.3561945   4.149275851076054e-05

       9.6500651      0.78539816   4.013408028234969e-05
       9.6500651       2.3561945   4.013408028226263e-05

       9.7001953      0.78539816   3.878954295727254e-05
       9.7001953       2.3561945   3.878954295724604e-05

       9.7503255      0.78539816   3.745916327738624e-05
       9.7503255       2.3561945   3.745916327739664e-05

       9.8004557      0.78539816    3.61429560977728e-05
       9.8004557       2.3561945   3.614295609784787e-05

       9.8505859      0.78539816   3.484093440038947e-05
       9.8505859       2.3561945   3.484093440046501e-05

       9.9007161      0.78539816   3.355310930610723e-05
       9.9007161       2.3561945   3.355310930600594e-05

       9.9508464      0.78539816   3.227949008534075e-05
       9.9508464       2.3561945   3.227949008533656e-05

       10.000977      0.78539816   3.102008416857306e-05
       10.000977       2.3561945    3.10200841686885e-05

       10.051107      0.78539816   2.977489715417202e-05
       10.051107       2.3561945   2.977489715422596e-05

       10.101237      0.78539816    2.85439328156702e-05
       10.101237       2.3561945   2.854393281573062e-05

       10.151367      0.78539816   2.732719310904154e-05
       10.151367       2.3561945   2.732719310914971e-05

       10.201497      0.78539816   2.612467817798125e-05
       10.201497       2.3561945   2.612467817800169e-05

       10.251628      0.78539816   2.493638635777977e-05
       10.251628       2.3561945   2.493638635789709e-05

       10.301758      0.78539816   2.376231418045331e-05
       10.301758       2.3561945   2.376231418048645e-05

       10.351888      0.78539816   2.260245637642488e-05
       10.351888       2.3561945   2.260245637649746e-05

       10.402018      0.78539816   2.145680587745935e-05
       10.402018       2.3561945   2.145680587754037e-05

       10.452148      0.78539816   2.032535381808835e-05
       10.452148       2.3561945   2.032535381808295e-05

       10.502279      0.78539816   1.920808953660697e-05
       10.502279       2.3561945   1.920808953660718e-05

       10.552409      0.78539816    1.81050005757775e-05
       10.552409       2.3561945   1.810500057577338e-05

       10.602539      0.78539816   1.701607268234409e-05
       10.602539       2.3561945   1.701607268243296e-05

       10.652669      0.78539816   1.594128980721882e-05
       10.652669       2.3561945    1.59412898072674e-05

       10.702799      0.78539816   1.488063410421044e-05
       10.702799       2.3561945   1.488063410418325e-05

        10.75293      0.78539816   1.383408592938366e-05
        10.75293       2.3561945   1.383408592941166e-05

        10.80306      0.78539816   1.280162383982451e-05
        10.80306       2.3561945    1.28016238399351e-05

        10.85319      0.78539816   1.178322459179451e-05
        10.85319       2.3561945   1.178322459181069e-05

        10.90332      0.78539816   1.077886313952655e-05
        10.90332       2.3561945    1.07788631394343e-05

       10.953451      0.78539816    9.78851263356865e-06
       10.953451       2.3561945    9.78851263344883e-06

       11.003581      0.78539816   8.812144419537147e-06
       11.003581       2.3561945   8.812144419425115e-06

       11.053711      0.78539816    7.84972803663191e-06
       11.053711       2.3561945   7.849728036510283e-06

       11.103841      0.78539816   6.901231216060823e-06
       11.103841       2.3561945   6.901231215951495e-06

       11.153971      0.78539816    5.96661987982684e-06
       11.153971       2.3561945   5.966619879812091e-06

       11.204102      0.78539816   5.045858140263812e-06
       11.204102       2.3561945   5.045858140360392e-06

       11.254232      0.78539816   4.138908299676452e-06
       11.254232       2.3561945   4.138908299730224e-06

       11.304362      0.78539816   3.245730849254123e-06
       11.304362       2.3561945   3.245730849245865e-06

       11.354492      0.78539816   2.366284469775021e-06
       11.354492       2.3561945   2.366284469777015e-06

       11.404622      0.78539816   1.500526032679501e-06
       11.404622       2.3561945   1.500526032681866e-06

       11.454753      0.78539816   6.484106007655378e-07
       11.454753       2.3561945   6.484106007705579e-07

       11.504883      0.78539816  -1.901085708480717e-07
       11.504883       2.3561945  -1.901085708459347e-07

       11.555013      0.78539816  -1.015080030911443e-06
       11.555013       2.3561945  -1.015080030899504e-06

       11.605143      0.78539816  -1.826554130340402e-06
       11.605143       2.3561945  -1.826554130399482e-06

       11.655273      0.78539816  -2.624583018415084e-06
       11.655273       2.3561945  -2.624583018505185e-06

       11.705404      0.78539816  -3.409220638063956e-06
       11.705404       2.3561945  -3.409220638063436e-06

       11.755534      0.78539816  -4.180522721057482e-06
       11.755534       2.3561945  -4.180522721149022e-06

       11.805664      0.78539816  -4.938546782792603e-06
       11.805664       2.3561945  -4.938546782718362e-06

       11.855794      0.78539816  -5.683352114925101e-06
       11.855794       2.3561945   -5.68335211483767e-06

       11.905924      0.78539816  -6.414999778507103e-06
       11.905924       2.3561945  -6.414999778564608e-06

       11.956055      0.78539816  -7.133552595466417e-06
       11.956055       2.3561945  -7.133552595501985e-06

       12.006185      0.78539816  -7.839075139282487e-06
       12.006185       2.3561945  -7.839075139154412e-06

       12.056315      0.78539816    -8.5316337252071e-06
       12.056315       2.3561945  -8.531633725182088e-06

       12.106445      0.78539816  -9.211296399534855e-06
       12.106445       2.3561945  -9.211296399414241e-06

       12.156576      0.78539816  -9.878132926734357e-06
       12.156576       2.3561945  -9.878132926729949e-06

       12.206706      0.78539816  -1.053221477743538e-05
       12.206706       2.3561945  -1.053221477751066e-05

       12.256836      0.78539816  -1.117361511433114e-05
       12.256836       2.3561945  -1.117361511427612e-05

       12.306966      0.78539816   -1.18024087770273e-05
       12.306966       2.3561945  -1.180240877689828e-05

       12.357096      0.78539816  -1.241867226635368e-05
       12.357096       2.3561945   -1.24186722662257e-05

       12.407227      0.78539816  -1.302248372765701e-05
       12.407227       2.3561945  -1.302248372753505e-05

       12.457357      0.78539816  -1.361392293264017e-05
       12.457357       2.3561945  -1.361392293248887e-05

       12.507487      0.78539816  -1.419307126067119e-05
       12.507487       2.3561945  -1.419307126064753e-05

       12.557617      0.78539816  -1.476001167895938e-05
       12.557617       2.3561945  -1.476001167901348e-05

       12.607747      0.78539816  -1.531482872143283e-05
       12.607747       2.3561945  -1.531482872130786e-05

       12.657878      0.78539816  -1.585760846668667e-05
       12.657878       2.3561945  -1.585760846665751e-05

       12.708008      0.78539816  -1.638843851556442e-05
       12.708008       2.3561945  -1.638843851564679e-05

       12.758138      0.78539816  -1.690740796708496e-05
       12.758138       2.3561945  -1.690740796711615e-05

       12.808268      0.78539816  -1.741460739291608e-05
       12.808268       2.3561945  -1.741460739289965e-05

       12.858398      0.78539816  -1.791012881219963e-05
       12.858398       2.3561945  -1.791012881215003e-05

       12.908529      0.78539816  -1.839406566471026e-05
       12.908529       2.3561945  -1.839406566460656e-05

       12.958659      0.78539816  -1.886651278247661e-05
       12.958659       2.3561945  -1.886651278256911e-05

       13.008789      0.78539816  -1.932756636202743e-05
       13.008789       2.3561945  -1.932756636197741e-05

