# File created on Tue Jul  7 16:46:23 2026
# ======================================== 
# = Running code assuming AXISYMMETRY    = 
# ======================================== 
# Data for ScalarBlob initial data initial data at coord. time 0 and proper central time 0
# Evolved with (1006,8,7) gridpoints (including 3 ghosts)
# Evolution with geodesic slicing and constant shift
# using fourth-order spatial differencing with 3 ghost zones 
# data 1 at theta = 0 and phi = 3.14159
# data 2 at theta = 3.14159 and phi = 3.14159
#                      r                     phi                     phi
#                               (     0,3.14159)        (3.14159,3.14159)
#========================================================================
                   -0.05   0.0002405784880675022   0.0002405784880675022
                   -0.03   0.0002416182059302855   0.0002416182059302855
                   -0.01   0.0002421410645633465   0.0002421410645633465
                    0.01   0.0002421410645633465   0.0002421410645633465
                    0.03   0.0002416182059302855   0.0002416182059302855
                    0.05   0.0002405784880675022   0.0002405784880675022
     0.07000000000000001   0.0002390337734669607   0.0002390337734669607
     0.09000000000000001   0.0002370015197850744   0.0002370015197850744
                    0.11   0.0002345043895229371   0.0002345043895229371
                    0.13   0.0002315697505791043   0.0002315697505791043
                    0.15   0.0002282290844053341   0.0002282290844053341
                    0.17   0.0002245173211962505   0.0002245173211962505
                    0.19   0.0002204721233790929   0.0002204721233790929
                    0.21    0.000216133139608673    0.000216133139608673
                    0.23   0.0002115412514593039   0.0002115412514593039
                    0.25   0.0002067378341484058   0.0002067378341484058
                    0.27   0.0002017640509410538   0.0002017640509410538
                    0.29    0.000196660198546522    0.000196660198546522
                    0.31   0.0001914651179487766   0.0001914651179487766
                    0.33   0.0001862156818816417   0.0001862156818816417
                    0.35   0.0001809463667345925   0.0001809463667345925
                    0.37   0.0001756889132472017   0.0001756889132472017
                    0.39   0.0001704720770345958   0.0001704720770345958
                    0.41    0.000165321466955814    0.000165321466955814
                    0.43   0.0001602594666734551   0.0001602594666734551
                    0.45   0.0001553052325573294   0.0001553052325573294
                    0.47   0.0001504747593710719   0.0001504747593710719
                    0.49   0.0001457810040162039   0.0001457810040162039
                    0.51    0.000141234056922671    0.000141234056922671
                    0.53   0.0001368413504951542   0.0001368413504951542
                    0.55   0.0001326078942415278   0.0001326078942415278
      0.5700000000000001   0.0001285365268011047   0.0001285365268011047
      0.5900000000000001   0.0001246281759525804   0.0001246281759525804
                    0.61   0.0001208821187533689   0.0001208821187533689
                    0.63   0.0001172962351520676   0.0001172962351520676
                    0.65   0.0001138672496739119   0.0001138672496739119
                    0.67   0.0001105909570213443   0.0001105909570213443
      0.6900000000000001    0.000107462428627114    0.000107462428627114
      0.7100000000000001   0.0001044761982828042   0.0001044761982828042
                    0.73   0.0001016264259379832   0.0001016264259379832
                    0.75   9.890703959054165e-05   9.890703959054165e-05
                    0.77   9.631185585564255e-05   9.631185585564255e-05
                    0.79   9.383468033214856e-05   9.383468033214856e-05
      0.8100000000000001   9.146938925963807e-05   9.146938925963807e-05
      0.8300000000000001   8.920999421968572e-05   8.920999421968572e-05
      0.8500000000000001   8.705069176552784e-05   8.705069176552784e-05
      0.8700000000000001   8.498589991851072e-05   8.498589991851072e-05
      0.8899999999999999   8.301028343073112e-05   8.301028343073112e-05
      0.9099999999999999    8.11187696234307e-05    8.11187696234307e-05
      0.9299999999999999   7.930655648643186e-05   7.930655648643186e-05
                    0.95   7.756911455298806e-05   7.756911455298806e-05
                    0.97   7.590218389949355e-05   7.590218389949355e-05
                    0.99   7.430176744123601e-05   7.430176744123601e-05
                    1.01   7.276412151288962e-05   7.276412151288962e-05
                    1.03   7.128574457037105e-05   7.128574457037105e-05
                    1.05   6.986336468927534e-05   6.986336468927534e-05
                    1.07   6.849392640322979e-05   6.849392640322979e-05
                    1.09   6.717457731071776e-05   6.717457731071776e-05
                    1.11   6.590265477146328e-05   6.590265477146328e-05
                    1.13   6.467567293198202e-05   6.467567293198202e-05
                    1.15   6.349131025151765e-05   6.349131025151765e-05
                    1.17   6.234739763763424e-05   6.234739763763424e-05
                    1.19   6.124190726254353e-05   6.124190726254353e-05
                    1.21   6.017294209216643e-05   6.017294209216643e-05
                    1.23   5.913872613616789e-05   5.913872613616789e-05
                    1.25   5.813759540788515e-05   5.813759540788515e-05
                    1.27   5.716798957063344e-05   5.716798957063344e-05
                    1.29   5.622844423554744e-05   5.622844423554744e-05
                    1.31    5.53175838752263e-05    5.53175838752263e-05
                    1.33   5.443411530901153e-05   5.443411530901153e-05
                    1.35   5.357682172194193e-05   5.357682172194193e-05
                    1.37   5.274455717054734e-05   5.274455717054734e-05
                    1.39   5.193624154196318e-05   5.193624154196318e-05
                    1.41   5.115085592263378e-05   5.115085592263378e-05
                    1.43    5.03874383461928e-05    5.03874383461928e-05
                    1.45   4.964507988233749e-05   4.964507988233749e-05
                    1.47   4.892292104183455e-05   4.892292104183455e-05
                    1.49   4.822014846635576e-05   4.822014846635576e-05
                    1.51   4.753599187783582e-05   4.753599187783582e-05
                    1.53    4.68697212673733e-05    4.68697212673733e-05
                    1.55   4.622064429881011e-05   4.622064429881011e-05
                    1.57   4.558810391034005e-05   4.558810391034005e-05
                    1.59   4.497147609838469e-05   4.497147609838469e-05
                    1.61   4.437016786331169e-05   4.437016786331169e-05
                    1.63   4.378361530833837e-05   4.378361530833837e-05
                    1.65   4.321128187696815e-05   4.321128187696815e-05
                    1.67   4.265265671430723e-05   4.265265671430723e-05
                    1.69   4.210725314737821e-05   4.210725314737821e-05
                    1.71   4.157460727155401e-05   4.157460727155401e-05
                    1.73   4.105427663312165e-05   4.105427663312165e-05
                    1.75    4.05458390048686e-05    4.05458390048686e-05
                    1.77    4.00488912427026e-05    4.00488912427026e-05
                    1.79   3.956304821975339e-05   3.956304821975339e-05
                    1.81   3.908794183062987e-05   3.908794183062987e-05
                    1.83   3.862322006250298e-05   3.862322006250298e-05
                    1.85   3.816854612346726e-05   3.816854612346726e-05
                    1.87   3.772359762995804e-05   3.772359762995804e-05
                    1.89   3.728806584434339e-05   3.728806584434339e-05
                    1.91   3.686165495913861e-05   3.686165495913861e-05
                    1.93   3.644408142917598e-05   3.644408142917598e-05
                    1.95   3.603507334107245e-05   3.603507334107245e-05
                    1.97   3.563436982354816e-05   3.563436982354816e-05
                    1.99   3.524172049215701e-05   3.524172049215701e-05
                    2.01   3.485688492820769e-05   3.485688492820769e-05
                    2.03   3.447963218743452e-05   3.447963218743452e-05
                    2.05   3.410974033753038e-05   3.410974033753038e-05
                    2.07   3.374699602320957e-05   3.374699602320957e-05
                    2.09   3.339119405613645e-05   3.339119405613645e-05
                    2.11   3.304213702705569e-05   3.304213702705569e-05
                    2.13   3.269963494101218e-05   3.269963494101218e-05
                    2.15   3.236350487277456e-05   3.236350487277456e-05
                    2.17   3.203357064046409e-05   3.203357064046409e-05
                    2.19   3.170966249849906e-05   3.170966249849906e-05
                    2.21   3.139161684519226e-05   3.139161684519226e-05
                    2.23   3.107927594833201e-05   3.107927594833201e-05
                    2.25   3.077248768341813e-05   3.077248768341813e-05
                    2.27   3.047110528743928e-05   3.047110528743928e-05
                    2.29   3.017498712441723e-05   3.017498712441723e-05
                    2.31   2.988399646316209e-05   2.988399646316209e-05
                    2.33   2.959800126723875e-05   2.959800126723875e-05
                    2.35   2.931687399492404e-05   2.931687399492404e-05
                    2.37   2.904049140959888e-05   2.904049140959888e-05
                    2.39   2.876873439968727e-05   2.876873439968727e-05
                    2.41   2.850148780769808e-05   2.850148780769808e-05
                    2.43   2.823864026703751e-05   2.823864026703751e-05
                    2.45   2.798008404703637e-05   2.798008404703637e-05
                    2.47   2.772571490730223e-05   2.772571490730223e-05
                    2.49    2.74754319556238e-05    2.74754319556238e-05
                    2.51   2.722913751564433e-05   2.722913751564433e-05
                    2.53   2.698673699986351e-05   2.698673699986351e-05
                    2.55   2.674813878752372e-05   2.674813878752372e-05
                    2.57   2.651325411048929e-05   2.651325411048929e-05
                    2.59   2.628199694223381e-05   2.628199694223381e-05
                    2.61   2.605428389282219e-05   2.605428389282219e-05
                    2.63   2.583003410899917e-05   2.583003410899917e-05
                    2.65   2.560916917849629e-05   2.560916917849629e-05
                    2.67   2.539161303833522e-05   2.539161303833522e-05
                    2.69   2.517729188712748e-05   2.517729188712748e-05
                    2.71   2.496613410314691e-05   2.496613410314691e-05
                    2.73   2.475807016217983e-05   2.475807016217983e-05
                    2.75   2.455303256381242e-05   2.455303256381242e-05
                    2.77   2.435095575571954e-05   2.435095575571954e-05
                    2.79   2.415177606639078e-05   2.415177606639078e-05
                    2.81   2.395543163630207e-05   2.395543163630207e-05
                    2.83   2.376186235463804e-05   2.376186235463804e-05
       2.850000000000001    2.35710097982346e-05    2.35710097982346e-05
                    2.87   2.338281717207559e-05   2.338281717207559e-05
                    2.89   2.319722925356399e-05   2.319722925356399e-05
                    2.91   2.301419233790314e-05   2.301419233790314e-05
                    2.93   2.283365418703041e-05   2.283365418703041e-05
                    2.95   2.265556397899488e-05   2.265556397899488e-05
                    2.97   2.247987226133149e-05   2.247987226133149e-05
                    2.99   2.230653090421318e-05   2.230653090421318e-05
                    3.01   2.213549305715538e-05   2.213549305715538e-05
                    3.03   2.196671310683072e-05   2.196671310683072e-05
                    3.05   2.180014663621574e-05   2.180014663621574e-05
                    3.07   2.163575038551397e-05   2.163575038551397e-05
                    3.09   2.147348221529919e-05   2.147348221529919e-05
                    3.11   2.131330106943656e-05   2.131330106943656e-05
                    3.13    2.11551669420005e-05    2.11551669420005e-05
                    3.15   2.099904084241602e-05   2.099904084241602e-05
                    3.17   2.084488476415271e-05   2.084488476415271e-05
                    3.19   2.069266165430676e-05   2.069266165430676e-05
                    3.21    2.05423353827389e-05    2.05423353827389e-05
                    3.23   2.039387071476479e-05   2.039387071476479e-05
                    3.25   2.024723328273529e-05   2.024723328273529e-05
                    3.27   2.010238955939289e-05   2.010238955939289e-05
                    3.29   1.995930683367054e-05   1.995930683367054e-05
                    3.31   1.981795318404803e-05   1.981795318404803e-05
                    3.33   1.967829745634908e-05   1.967829745634908e-05
                    3.35   1.954030924087225e-05   1.954030924087225e-05
                    3.37   1.940395884885572e-05   1.940395884885572e-05
                    3.39   1.926921729293873e-05   1.926921729293873e-05
                    3.41   1.913605626495846e-05   1.913605626495846e-05
                    3.43   1.900444811818777e-05   1.900444811818777e-05
                    3.45    1.88743658457981e-05    1.88743658457981e-05
                    3.47   1.874578306420728e-05   1.874578306420728e-05
                    3.49     1.8618673994651e-05     1.8618673994651e-05
                    3.51   1.849301344542034e-05   1.849301344542034e-05
                    3.53   1.836877679631965e-05   1.836877679631965e-05
                    3.55   1.824593998179219e-05   1.824593998179219e-05
                    3.57   1.812447947515595e-05   1.812447947515595e-05
                    3.59   1.800437227439368e-05   1.800437227439368e-05
                    3.61   1.788559588705481e-05   1.788559588705481e-05
                    3.63    1.77681283167115e-05    1.77681283167115e-05
                    3.65   1.765194804852666e-05   1.765194804852666e-05
                    3.67   1.753703403704221e-05   1.753703403704221e-05
                    3.69   1.742336569307926e-05   1.742336569307926e-05
                    3.71   1.731092287086025e-05   1.731092287086025e-05
                    3.73   1.719968585757354e-05   1.719968585757354e-05
                    3.75   1.708963536005142e-05   1.708963536005142e-05
                    3.77   1.698075249522288e-05   1.698075249522288e-05
                    3.79    1.68730187783458e-05    1.68730187783458e-05
                    3.81   1.676641611257154e-05   1.676641611257154e-05
                    3.83   1.666092677939758e-05   1.666092677939758e-05
                    3.85   1.655653342823194e-05   1.655653342823194e-05
                    3.87   1.645321906751202e-05   1.645321906751202e-05
                    3.89    1.63509670549351e-05    1.63509670549351e-05
                    3.91   1.624976108813298e-05   1.624976108813298e-05
                    3.93   1.614958519756706e-05   1.614958519756706e-05
                    3.95   1.605042373653678e-05   1.605042373653678e-05
                    3.97   1.595226137363058e-05   1.595226137363058e-05
                    3.99   1.585508308517678e-05   1.585508308517678e-05
                    4.01   1.575887414680634e-05   1.575887414680634e-05
                    4.03   1.566362012679192e-05   1.566362012679192e-05
       4.050000000000001   1.556930687827671e-05   1.556930687827671e-05
                    4.07   1.547592053261345e-05   1.547592053261345e-05
                    4.09    1.53834474922594e-05    1.53834474922594e-05
                    4.11   1.529187442433739e-05   1.529187442433739e-05
       4.130000000000001   1.520118825441889e-05   1.520118825441889e-05
                    4.15   1.511137615986303e-05   1.511137615986303e-05
                    4.17   1.502242556426578e-05   1.502242556426578e-05
                    4.19   1.493432413124303e-05   1.493432413124303e-05
                    4.21   1.484705975887975e-05   1.484705975887975e-05
                    4.23   1.476062057395713e-05   1.476062057395713e-05
                    4.25   1.467499492706789e-05   1.467499492706789e-05
                    4.27    1.45901713866213e-05    1.45901713866213e-05
                    4.29   1.450613873462464e-05   1.450613873462464e-05
                    4.31   1.442288596113232e-05   1.442288596113232e-05
                    4.33   1.434040225936111e-05   1.434040225936111e-05
                    4.35   1.425867702169364e-05   1.425867702169364e-05
                    4.37   1.417769983479358e-05   1.417769983479358e-05
                    4.39   1.409746047427681e-05   1.409746047427681e-05
                    4.41   1.401794890226918e-05   1.401794890226918e-05
                    4.43    1.39391552611894e-05    1.39391552611894e-05
                    4.45   1.386106987175089e-05   1.386106987175089e-05
                    4.47   1.378368322674472e-05   1.378368322674472e-05
                    4.49   1.370698598926341e-05   1.370698598926341e-05
                    4.51   1.363096898759412e-05   1.363096898759412e-05
                    4.53   1.355562321211017e-05   1.355562321211017e-05
                    4.55   1.348093981127444e-05   1.348093981127444e-05
                    4.57   1.340691008897497e-05   1.340691008897497e-05
                    4.59   1.333352550052835e-05   1.333352550052835e-05
                    4.61   1.326077764934917e-05   1.326077764934917e-05
                    4.63   1.318865828406362e-05   1.318865828406362e-05
                    4.65   1.311715929540098e-05   1.311715929540098e-05
                    4.67   1.304627271264108e-05   1.304627271264108e-05
                    4.69   1.297599070139399e-05   1.297599070139399e-05
                    4.71    1.29063055600474e-05    1.29063055600474e-05
                    4.73   1.283720971754636e-05   1.283720971754636e-05
                    4.75   1.276869572984064e-05   1.276869572984064e-05
                    4.77   1.270075627855262e-05   1.270075627855262e-05
                    4.79    1.26333841665365e-05    1.26333841665365e-05
                    4.81   1.256657231721227e-05   1.256657231721227e-05
                    4.83   1.250031377056905e-05   1.250031377056905e-05
                    4.85    1.24346016818329e-05    1.24346016818329e-05
                    4.87    1.23694293188024e-05    1.23694293188024e-05
                    4.89    1.23047900585181e-05    1.23047900585181e-05
                    4.91   1.224067738704054e-05   1.224067738704054e-05
                    4.93   1.217708489523152e-05   1.217708489523152e-05
                    4.95   1.211400627831011e-05   1.211400627831011e-05
                    4.97   1.205143533252206e-05   1.205143533252206e-05
                    4.99   1.198936595358556e-05   1.198936595358556e-05
                    5.01   1.192779213447093e-05   1.192779213447093e-05
                    5.03   1.186670796451247e-05   1.186670796451247e-05
                    5.05   1.180610762585586e-05   1.180610762585586e-05
                    5.07   1.174598539257003e-05   1.174598539257003e-05
                    5.09   1.168633562931502e-05   1.168633562931502e-05
                    5.11   1.162715278801134e-05   1.162715278801134e-05
                    5.13   1.156843140806209e-05   1.156843140806209e-05
                    5.15   1.151016611302239e-05   1.151016611302239e-05
                    5.17   1.145235160993328e-05   1.145235160993328e-05
                    5.19   1.139498268754546e-05   1.139498268754546e-05
                    5.21   1.133805421409888e-05   1.133805421409888e-05
                    5.23   1.128156113687876e-05   1.128156113687876e-05
                    5.25   1.122549847999514e-05   1.122549847999514e-05
                    5.27   1.116986134305071e-05   1.116986134305071e-05
                    5.29   1.111464489980862e-05   1.111464489980862e-05
                    5.31   1.105984439641614e-05   1.105984439641614e-05
                    5.33   1.100545515096063e-05   1.100545515096063e-05
       5.350000000000001   1.095147255124919e-05   1.095147255124919e-05
                    5.37   1.089789205347638e-05   1.089789205347638e-05
       5.390000000000001   1.084470918200229e-05   1.084470918200229e-05
                    5.41   1.079191952668799e-05   1.079191952668799e-05
       5.430000000000001   1.073951874267361e-05   1.073951874267361e-05
                    5.45   1.068750254882399e-05   1.068750254882399e-05
       5.470000000000001   1.063586672661858e-05   1.063586672661858e-05
                    5.49    1.05846071190412e-05    1.05846071190412e-05
       5.510000000000001    1.05337196294699e-05    1.05337196294699e-05
                    5.53   1.048320022056677e-05   1.048320022056677e-05
       5.550000000000001   1.043304491294569e-05   1.043304491294569e-05
                    5.57   1.038324978450628e-05   1.038324978450628e-05
       5.590000000000001   1.033381096932367e-05   1.033381096932367e-05
                    5.61    1.02847246567604e-05    1.02847246567604e-05
       5.630000000000001   1.023598708991211e-05   1.023598708991211e-05
                    5.65   1.018759456560761e-05   1.018759456560761e-05
       5.670000000000001   1.013954343218844e-05   1.013954343218844e-05
                    5.69   1.009183009039708e-05   1.009183009039708e-05
       5.710000000000001   1.004445099026841e-05   1.004445099026841e-05
                    5.73   9.997402632017866e-06   9.997402632017866e-06
       5.750000000000001   9.950681564487172e-06   9.950681564487172e-06
                    5.77   9.904284384478249e-06   9.904284384478249e-06
       5.789999999999999    9.85820773542098e-06    9.85820773542098e-06
                    5.81   9.812448307373226e-06   9.812448307373226e-06
                    5.83    9.76700283546655e-06    9.76700283546655e-06
                    5.85   9.721868099906245e-06   9.721868099906245e-06
       5.869999999999999   9.677040924417049e-06   9.677040924417049e-06
                    5.89   9.632518175799083e-06   9.632518175799083e-06
                    5.91   9.588296763927875e-06   9.588296763927875e-06
                    5.93   9.544373639311902e-06   9.544373639311902e-06
       5.949999999999999   9.500745794424869e-06   9.500745794424869e-06
                    5.97   9.457410261485303e-06   9.457410261485303e-06
                    5.99    9.41436411267861e-06    9.41436411267861e-06
                    6.01   9.371604458602794e-06   9.371604458602794e-06
       6.029999999999999   9.329128449156649e-06   9.329128449156649e-06
                    6.05   9.286933270875259e-06   9.286933270875259e-06
                    6.07   9.245016148040227e-06   9.245016148040227e-06
                    6.09   9.203374341125399e-06   9.203374341125399e-06
       6.109999999999999    9.16200514657483e-06    9.16200514657483e-06
                    6.13   9.120905896358715e-06   9.120905896358715e-06
                    6.15   9.080073956419105e-06   9.080073956419105e-06
                    6.17   9.039506727780141e-06   9.039506727780141e-06
                    6.19   8.999201644327632e-06   8.999201644327632e-06
                    6.21   8.959156173253161e-06   8.959156173253161e-06
                    6.23   8.919367814387961e-06   8.919367814387961e-06
                    6.25   8.879834099314775e-06   8.879834099314775e-06
                    6.27   8.840552591589889e-06   8.840552591589889e-06
                    6.29   8.801520885188864e-06   8.801520885188864e-06
                    6.31   8.762736604950628e-06   8.762736604950628e-06
                    6.33   8.724197405467266e-06   8.724197405467266e-06
                    6.35   8.685900971306087e-06   8.685900971306087e-06
                    6.37   8.647845015455329e-06   8.647845015455329e-06
       6.390000000000001   8.610027280212344e-06   8.610027280212344e-06
                    6.41   8.572445535629308e-06   8.572445535629308e-06
                    6.43   8.535097579735276e-06   8.535097579735276e-06
                    6.45   8.497981237648018e-06   8.497981237648018e-06
       6.470000000000001   8.461094361574035e-06   8.461094361574035e-06
                    6.49   8.424434829920391e-06   8.424434829920391e-06
                    6.51   8.388000547516776e-06   8.388000547516776e-06
                    6.53   8.351789444949372e-06   8.351789444949372e-06
       6.550000000000001   8.315799477450663e-06   8.315799477450663e-06
                    6.57   8.280028625565565e-06   8.280028625565565e-06
                    6.59   8.244474894485306e-06   8.244474894485306e-06
                    6.61   8.209136313381312e-06   8.209136313381312e-06
       6.630000000000001   8.174010935183165e-06   8.174010935183165e-06
                    6.65   8.139096836134536e-06   8.139096836134536e-06
                    6.67   8.104392115793181e-06   8.104392115793181e-06
                    6.69    8.06989489636483e-06    8.06989489636483e-06
       6.710000000000001   8.035603322259104e-06   8.035603322259104e-06
                    6.73    8.00151556031157e-06    8.00151556031157e-06
                    6.75    7.96762979867353e-06    7.96762979867353e-06
                    6.77   7.933944247256118e-06   7.933944247256118e-06
       6.790000000000001   7.900457137064175e-06   7.900457137064175e-06
                    6.81   7.867166719308085e-06   7.867166719308085e-06
                    6.83   7.834071266069916e-06   7.834071266069916e-06
       6.850000000000001   7.801169070081374e-06   7.801169070081374e-06
       6.870000000000001   7.768458443391562e-06   7.768458443391562e-06
       6.890000000000001   7.735937717589026e-06   7.735937717589026e-06
                    6.91   7.703605243801758e-06   7.703605243801758e-06
       6.930000000000001   7.671459392253122e-06   7.671459392253122e-06
       6.950000000000001   7.639498551817769e-06   7.639498551817769e-06
       6.970000000000001   7.607721129799605e-06   7.607721129799605e-06
                    6.99   7.576125551931794e-06   7.576125551931794e-06
       7.010000000000001   7.544710261488592e-06   7.544710261488592e-06
       7.030000000000001   7.513473719951483e-06   7.513473719951483e-06
                    7.05   7.482414406121012e-06   7.482414406121012e-06
       7.069999999999999   7.451530815894747e-06   7.451530815894747e-06
                    7.09   7.420821462267283e-06   7.420821462267283e-06
       7.109999999999999   7.390284874664124e-06   7.390284874664124e-06
                    7.13   7.359919599385767e-06   7.359919599385767e-06
       7.149999999999999   7.329724198941582e-06   7.329724198941582e-06
                    7.17   7.299697251827774e-06   7.299697251827774e-06
                    7.19   7.269837352083299e-06   7.269837352083299e-06
                    7.21   7.240143109511916e-06   7.240143109511916e-06
                    7.23   7.210613149904232e-06   7.210613149904232e-06
                    7.25   7.181246113039317e-06   7.181246113039317e-06
                    7.27   7.152040654905147e-06   7.152040654905147e-06
                    7.29    7.12299544503408e-06    7.12299544503408e-06
                    7.31   7.094109168723302e-06   7.094109168723302e-06
                    7.33   7.065380524592352e-06   7.065380524592352e-06
                    7.35   7.036808226137426e-06   7.036808226137426e-06
                    7.37   7.008391000177086e-06   7.008391000177086e-06
                    7.39   6.980127588184515e-06   6.980127588184515e-06
                    7.41   6.952016744289138e-06   6.952016744289138e-06
                    7.43   6.924057236608883e-06   6.924057236608883e-06
                    7.45   6.896247846139972e-06   6.896247846139972e-06
                    7.47   6.868587367423045e-06   6.868587367423045e-06
                    7.49   6.841074607655004e-06   6.841074607655004e-06
                    7.51   6.813708386244921e-06   6.813708386244921e-06
                    7.53   6.786487535702216e-06   6.786487535702216e-06
                    7.55   6.759410900970535e-06   6.759410900970535e-06
                    7.57    6.73247733898366e-06    6.73247733898366e-06
                    7.59   6.705685718665522e-06   6.705685718665522e-06
                    7.61   6.679034920708148e-06   6.679034920708148e-06
                    7.63   6.652523837793722e-06   6.652523837793722e-06
                    7.65   6.626151374372534e-06   6.626151374372534e-06
                    7.67   6.599916445996857e-06   6.599916445996857e-06
                    7.69   6.573817979320952e-06   6.573817979320952e-06
                    7.71     6.5478549127672e-06     6.5478549127672e-06
                    7.73   6.522026195193842e-06   6.522026195193842e-06
                    7.75   6.496330786339071e-06   6.496330786339071e-06
                    7.77   6.470767656821037e-06   6.470767656821037e-06
                    7.79   6.445335788137847e-06   6.445335788137847e-06
                    7.81    6.42003417155735e-06    6.42003417155735e-06
                    7.83   6.394861809005317e-06   6.394861809005317e-06
       7.850000000000001   6.369817712843398e-06   6.369817712843398e-06
                    7.87   6.344900904758907e-06   6.344900904758907e-06
       7.890000000000001   6.320110417097087e-06   6.320110417097087e-06
                    7.91   6.295445291750894e-06   6.295445291750894e-06
       7.930000000000001   6.270904579938957e-06   6.270904579938957e-06
                    7.95   6.246487342649668e-06   6.246487342649668e-06
       7.970000000000001   6.222192650641181e-06   6.222192650641181e-06
                    7.99   6.198019583553245e-06   6.198019583553245e-06
                    8.01    6.17396723035129e-06    6.17396723035129e-06
       8.030000000000001    6.15003468910439e-06    6.15003468910439e-06
       8.050000000000001   6.126221066541173e-06   6.126221066541173e-06
                    8.07   6.102525478938001e-06   6.102525478938001e-06
                    8.09   6.078947050564664e-06   6.078947050564664e-06
       8.110000000000001   6.055484914572564e-06   6.055484914572564e-06
       8.130000000000001    6.03213821321675e-06    6.03213821321675e-06
                    8.15    6.00890609607958e-06    6.00890609607958e-06
                    8.17   5.985787722069112e-06   5.985787722069112e-06
       8.190000000000001   5.962782257864802e-06   5.962782257864802e-06
       8.210000000000001   5.939888878139548e-06   5.939888878139548e-06
                    8.23   5.917106765781737e-06   5.917106765781737e-06
                    8.25   5.894435111673202e-06   5.894435111673202e-06
       8.270000000000001   5.871873114467183e-06   5.871873114467183e-06
       8.290000000000001   5.849419980366282e-06   5.849419980366282e-06
                    8.31   5.827074923566555e-06   5.827074923566555e-06
                    8.33   5.804837165369338e-06   5.804837165369338e-06
                    8.35   5.782705934625334e-06   5.782705934625334e-06
       8.369999999999999   5.760680468178707e-06   5.760680468178707e-06
       8.390000000000001   5.738760009534818e-06   5.738760009534818e-06
                    8.41   5.716943809304313e-06   5.716943809304313e-06
                    8.43   5.695231125425174e-06   5.695231125425174e-06
       8.449999999999999   5.673621223162715e-06   5.673621223162715e-06
       8.469999999999999   5.652113374221409e-06   5.652113374221409e-06
                    8.49   5.630706857633072e-06   5.630706857633072e-06
                    8.51   5.609400958646635e-06   5.609400958646635e-06
       8.529999999999999   5.588194969616329e-06   5.588194969616329e-06
       8.550000000000001   5.567088189335551e-06   5.567088189335551e-06
                    8.57   5.546079923480954e-06   5.546079923480954e-06
                    8.59   5.525169483724275e-06   5.525169483724275e-06
       8.609999999999999   5.504356188398467e-06   5.504356188398467e-06
       8.629999999999999   5.483639362275653e-06   5.483639362275653e-06
                    8.65   5.463018336123046e-06   5.463018336123046e-06
                    8.67   5.442492446702948e-06   5.442492446702948e-06
                    8.69    5.42206103743888e-06    5.42206103743888e-06
       8.710000000000001   5.401723457527412e-06   5.401723457527412e-06
                    8.73   5.381479061938162e-06   5.381479061938162e-06
                    8.75   5.361327211857886e-06   5.361327211857886e-06
                    8.77   5.341267273802306e-06   5.341267273802306e-06
       8.789999999999999   5.321298620726324e-06   5.321298620726324e-06
                    8.81   5.301420630913812e-06   5.301420630913812e-06
                    8.83   5.281632688199651e-06   5.281632688199651e-06
                    8.85   5.261934182191781e-06   5.261934182191781e-06
       8.870000000000001   5.242324507605066e-06   5.242324507605066e-06
       8.890000000000001   5.222803065371519e-06   5.222803065371519e-06
                    8.91   5.203369260863946e-06   5.203369260863946e-06
                    8.93   5.184022505672306e-06   5.184022505672306e-06
       8.949999999999999   5.164762216049399e-06   5.164762216049399e-06
       8.970000000000001   5.145587813577003e-06   5.145587813577003e-06
                    8.99    5.12649872516587e-06    5.12649872516587e-06
                    9.01   5.107494382611644e-06   5.107494382611644e-06
       9.030000000000001   5.088574222816904e-06   5.088574222816904e-06
       9.050000000000001   5.069737687791164e-06   5.069737687791164e-06
                    9.07   5.050984223984747e-06   5.050984223984747e-06
                    9.09   5.032313283621044e-06   5.032313283621044e-06
       9.109999999999999   5.013724322698119e-06   5.013724322698119e-06
       9.130000000000001    4.99521680276507e-06    4.99521680276507e-06
                    9.15   4.976790189589756e-06   4.976790189589756e-06
                    9.17   4.958443953824938e-06   4.958443953824938e-06
       9.190000000000001   4.940177570786229e-06   4.940177570786229e-06
       9.210000000000001     4.9219905204521e-06     4.9219905204521e-06
                    9.23   4.903882286797748e-06   4.903882286797748e-06
                    9.25   4.885852358683273e-06   4.885852358683273e-06
                    9.27   4.867900229187544e-06   4.867900229187544e-06
       9.290000000000001    4.85002539605229e-06    4.85002539605229e-06
                    9.31   4.832227361015971e-06   4.832227361015971e-06
                    9.33   4.814505630035821e-06   4.814505630035821e-06
       9.350000000000001   4.796859713953977e-06   4.796859713953977e-06
       9.370000000000001   4.779289126721137e-06   4.779289126721137e-06
       9.390000000000001   4.761793387394946e-06   4.761793387394946e-06
                    9.41   4.744372018585697e-06   4.744372018585697e-06
                    9.43   4.727024547122461e-06   4.727024547122461e-06
       9.450000000000001   4.709750503609001e-06   4.709750503609001e-06
       9.470000000000001   4.692549423311943e-06   4.692549423311943e-06
                    9.49   4.675420844606478e-06   4.675420844606478e-06
       9.510000000000002   4.658364309864532e-06   4.658364309864532e-06
       9.530000000000001   4.641379365898857e-06   4.641379365898857e-06
       9.550000000000001   4.624465562852809e-06   4.624465562852809e-06
                    9.57   4.607622454644446e-06   4.607622454644446e-06
                    9.59   4.590849598744472e-06   4.590849598744472e-06
       9.609999999999999   4.574146556842377e-06   4.574146556842377e-06
       9.629999999999999    4.55751289395826e-06    4.55751289395826e-06
                    9.65   4.540948178442832e-06   4.540948178442832e-06
                    9.67   4.524451982865589e-06   4.524451982865589e-06
                    9.69   4.508023882682551e-06   4.508023882682551e-06
       9.709999999999999   4.491663457124437e-06   4.491663457124437e-06
                    9.73   4.475370288974624e-06   4.475370288974624e-06
                    9.75   4.459143964347101e-06   4.459143964347101e-06
                    9.77   4.442984072908516e-06   4.442984072908516e-06
       9.789999999999999   4.426890207212042e-06   4.426890207212042e-06
                    9.81   4.410861963363512e-06   4.410861963363512e-06
                    9.83   4.394898941243464e-06   4.394898941243464e-06
                    9.85   4.379000743174873e-06   4.379000743174873e-06
       9.869999999999999   4.363166975255422e-06   4.363166975255422e-06
       9.890000000000001   4.347397246691364e-06   4.347397246691364e-06
                    9.91   4.331691169575486e-06   4.331691169575486e-06
                    9.93   4.316048359553234e-06   4.316048359553234e-06
       9.949999999999999   4.300468434712499e-06   4.300468434712499e-06
       9.970000000000001   4.284951017137923e-06   4.284951017137923e-06
                    9.99   4.269495730912503e-06   4.269495730912503e-06
                   10.01   4.254102203893945e-06   4.254102203893945e-06
                   10.03   4.238770066382403e-06   4.238770066382403e-06
                   10.05   4.223498952452736e-06   4.223498952452736e-06
                   10.07   4.208288497734077e-06   4.208288497734077e-06
                   10.09   4.193138342296398e-06   4.193138342296398e-06
                   10.11   4.178048127541901e-06   4.178048127541901e-06
                   10.13   4.163017499091585e-06   4.163017499091585e-06
                   10.15   4.148046104120725e-06   4.148046104120725e-06
                   10.17   4.133133593801347e-06   4.133133593801347e-06
                   10.19   4.118279620859754e-06   4.118279620859754e-06
                   10.21   4.103483841574916e-06   4.103483841574916e-06
                   10.23   4.088745914668255e-06   4.088745914668255e-06
                   10.25   4.074065501303642e-06   4.074065501303642e-06
                   10.27   4.059442265531485e-06   4.059442265531485e-06
                   10.29    4.04487587406669e-06    4.04487587406669e-06
                   10.31   4.030365996066613e-06   4.030365996066613e-06
                   10.33   4.015912303131062e-06   4.015912303131062e-06
                   10.35   4.001514469968428e-06   4.001514469968428e-06
                   10.37   3.987172172841381e-06   3.987172172841381e-06
                   10.39   3.972885091343219e-06   3.972885091343219e-06
                   10.41   3.958652907065605e-06   3.958652907065605e-06
                   10.43   3.944475304486744e-06   3.944475304486744e-06
                   10.45   3.930351969861166e-06   3.930351969861166e-06
                   10.47   3.916282592329938e-06   3.916282592329938e-06
                   10.49   3.902266863476585e-06   3.902266863476585e-06
                   10.51   3.888304476883001e-06   3.888304476883001e-06
                   10.53   3.874395128573533e-06   3.874395128573533e-06
                   10.55   3.860538517014985e-06   3.860538517014985e-06
                   10.57   3.846734342672529e-06   3.846734342672529e-06
                   10.59   3.832982308675838e-06   3.832982308675838e-06
                   10.61   3.819282119930911e-06   3.819282119930911e-06
                   10.63   3.805633484008247e-06   3.805633484008247e-06
                   10.65    3.79203611025467e-06    3.79203611025467e-06
                   10.67   3.778489710459462e-06   3.778489710459462e-06
                   10.69   3.764993998854367e-06   3.764993998854367e-06
                   10.71   3.751548691003364e-06   3.751548691003364e-06
                   10.73   3.738153505579023e-06   3.738153505579023e-06
                   10.75   3.724808162142066e-06   3.724808162142066e-06
                   10.77   3.711512383583852e-06   3.711512383583852e-06
                   10.79   3.698265894127977e-06   3.698265894127977e-06
                   10.81   3.685068420218455e-06   3.685068420218455e-06
                   10.83   3.671919690297672e-06   3.671919690297672e-06
                   10.85   3.658819434806387e-06   3.658819434806387e-06
                   10.87   3.645767385961688e-06   3.645767385961688e-06
                   10.89   3.632763278423123e-06   3.632763278423123e-06
                   10.91    3.61980684862657e-06    3.61980684862657e-06
                   10.93   3.606897834562194e-06   3.606897834562194e-06
                   10.95   3.594035976440577e-06   3.594035976440577e-06
                   10.97    3.58122101669272e-06    3.58122101669272e-06
                   10.99   3.568452698859821e-06   3.568452698859821e-06
                   11.01   3.555730768925544e-06   3.555730768925544e-06
                   11.03    3.54305497464988e-06    3.54305497464988e-06
                   11.05   3.530425065569153e-06   3.530425065569153e-06
                   11.07   3.517840792551934e-06   3.517840792551934e-06
                   11.09   3.505301909353339e-06   3.505301909353339e-06
                   11.11   3.492808170172558e-06   3.492808170172558e-06
                   11.13   3.480359332095331e-06   3.480359332095331e-06
                   11.15   3.467955153539642e-06   3.467955153539642e-06
                   11.17    3.45559539425572e-06    3.45559539425572e-06
                   11.19   3.443279816214216e-06   3.443279816214216e-06
                   11.21   3.431008183162112e-06   3.431008183162112e-06
                   11.23   3.418780259956596e-06   3.418780259956596e-06
                   11.25   3.406595813897315e-06   3.406595813897315e-06
                   11.27   3.394454613172079e-06   3.394454613172079e-06
                   11.29   3.382356427967075e-06   3.382356427967075e-06
                   11.31   3.370301030244822e-06   3.370301030244822e-06
                   11.33   3.358288193300089e-06   3.358288193300089e-06
                   11.35    3.34631769242602e-06    3.34631769242602e-06
                   11.37   3.334389303803921e-06   3.334389303803921e-06
                   11.39   3.322502805835519e-06   3.322502805835519e-06
                   11.41   3.310657978032744e-06   3.310657978032744e-06
                   11.43   3.298854602127953e-06   3.298854602127953e-06
                   11.45   3.287092460297569e-06   3.287092460297569e-06
                   11.47   3.275371337160488e-06   3.275371337160488e-06
                   11.49   3.263691018667852e-06   3.263691018667852e-06
                   11.51   3.252051291881006e-06   3.252051291881006e-06
                   11.53   3.240451945415588e-06   3.240451945415588e-06
                   11.55   3.228892769885618e-06   3.228892769885618e-06
                   11.57   3.217373556793276e-06   3.217373556793276e-06
                   11.59   3.205894099417078e-06   3.205894099417078e-06
                   11.61   3.194454191923701e-06   3.194454191923701e-06
                   11.63   3.183053630478206e-06   3.183053630478206e-06
                   11.65     3.1716922125779e-06     3.1716922125779e-06
                   11.67   3.160369736830297e-06   3.160369736830297e-06
                   11.69   3.149086003397204e-06   3.149086003397204e-06
                   11.71    3.13784081377268e-06    3.13784081377268e-06
                   11.73   3.126633970783032e-06   3.126633970783032e-06
                   11.75   3.115465278586817e-06   3.115465278586817e-06
                   11.77   3.104334542896889e-06   3.104334542896889e-06
                   11.79    3.09324157031426e-06    3.09324157031426e-06
                   11.81   3.082186168994243e-06   3.082186168994243e-06
                   11.83   3.071168148424395e-06   3.071168148424395e-06
                   11.85   3.060187319424528e-06   3.060187319424528e-06
                   11.87   3.049243493924661e-06   3.049243493924661e-06
                   11.89   3.038336485187064e-06   3.038336485187064e-06
                   11.91   3.027466107806256e-06   3.027466107806256e-06
                   11.93   3.016632177486967e-06   3.016632177486967e-06
                   11.95   3.005834511266176e-06   3.005834511266176e-06
                   11.97   2.995072927291072e-06   2.995072927291072e-06
                   11.99   2.984347245263139e-06   2.984347245263139e-06
                   12.01   2.973657285327935e-06   2.973657285327935e-06
                   12.03    2.96300286985145e-06    2.96300286985145e-06
                   12.05   2.952383821643748e-06   2.952383821643748e-06
                   12.07   2.941799964625101e-06   2.941799964625101e-06
                   12.09   2.931251124492124e-06   2.931251124492124e-06
                   12.11   2.920737127829595e-06   2.920737127829595e-06
                   12.13   2.910257801888412e-06   2.910257801888412e-06
                   12.15   2.899812975695816e-06   2.899812975695816e-06
                   12.17   2.889402479389255e-06   2.889402479389255e-06
                   12.19   2.879026143550257e-06   2.879026143550257e-06
                   12.21   2.868683800536688e-06   2.868683800536688e-06
                   12.23   2.858375283372538e-06   2.858375283372538e-06
                   12.25   2.848100426858138e-06   2.848100426858138e-06
                   12.27   2.837859066015851e-06   2.837859066015851e-06
                   12.29   2.827651037422339e-06   2.827651037422339e-06
                   12.31   2.817476178542432e-06   2.817476178542432e-06
                   12.33   2.807334327951165e-06   2.807334327951165e-06
                   12.35   2.797225325555832e-06   2.797225325555832e-06
                   12.37   2.787149011707803e-06   2.787149011707803e-06
                   12.39   2.777105228090701e-06   2.777105228090701e-06
                   12.41   2.767093817942451e-06   2.767093817942451e-06
                   12.43   2.757114624278921e-06   2.757114624278921e-06
                   12.45   2.747167492336411e-06   2.747167492336411e-06
                   12.47   2.737252267573257e-06   2.737252267573257e-06
                   12.49   2.727368797002091e-06   2.727368797002091e-06
                   12.51   2.717516928079627e-06   2.717516928079627e-06
                   12.53   2.707696509594831e-06   2.707696509594831e-06
                   12.55   2.697907391002795e-06   2.697907391002795e-06
                   12.57   2.688149423312908e-06   2.688149423312908e-06
                   12.59   2.678422457534551e-06   2.678422457534551e-06
                   12.61   2.668726346675493e-06   2.668726346675493e-06
                   12.63   2.659060943743493e-06   2.659060943743493e-06
                   12.65   2.649426103300611e-06   2.649426103300611e-06
                   12.67   2.639821680575032e-06   2.639821680575032e-06
                   12.69   2.630247531683103e-06   2.630247531683103e-06
                   12.71    2.62070351385139e-06    2.62070351385139e-06
                   12.73   2.611189484972579e-06   2.611189484972579e-06
                   12.75   2.601705304049568e-06   2.601705304049568e-06
                   12.77   2.592250830529335e-06   2.592250830529335e-06
                   12.79   2.582825925413161e-06   2.582825925413161e-06
                   12.81   2.573430449924359e-06   2.573430449924359e-06
                   12.83   2.564064266618502e-06   2.564064266618502e-06
                   12.85   2.554727238717285e-06   2.554727238717285e-06
                   12.87   2.545419230108529e-06   2.545419230108529e-06
                   12.89    2.53614010601231e-06    2.53614010601231e-06
                   12.91   2.526889731870742e-06   2.526889731870742e-06
                   12.93   2.517667974458196e-06   2.517667974458196e-06
                   12.95   2.508474701215166e-06   2.508474701215166e-06
                   12.97   2.499309780248273e-06   2.499309780248273e-06
                   12.99   2.490173080774349e-06   2.490173080774349e-06
                   13.01   2.481064472232263e-06   2.481064472232263e-06
                   13.03   2.471983825837233e-06   2.471983825837233e-06
                   13.05   2.462931012804464e-06   2.462931012804464e-06
                   13.07   2.453905905237335e-06   2.453905905237335e-06
                   13.09   2.444908376127392e-06   2.444908376127392e-06
                   13.11   2.435938299354352e-06   2.435938299354352e-06
                   13.13   2.426995549464055e-06   2.426995549464055e-06
                   13.15   2.418080001890513e-06   2.418080001890513e-06
                   13.17   2.409191532511818e-06   2.409191532511818e-06
                   13.19   2.400330018316277e-06   2.400330018316277e-06
                   13.21   2.391495336736276e-06   2.391495336736276e-06
                   13.23   2.382687366092374e-06   2.382687366092374e-06
                   13.25   2.373905985593299e-06   2.373905985593299e-06
                   13.27   2.365151074669815e-06   2.365151074669815e-06
                   13.29    2.35642251430699e-06    2.35642251430699e-06
                   13.31   2.347720185267841e-06   2.347720185267841e-06
                   13.33   2.339043969647643e-06   2.339043969647643e-06
                   13.35   2.330393750207798e-06   2.330393750207798e-06
                   13.37   2.321769410153789e-06   2.321769410153789e-06
                   13.39   2.313170833579271e-06   2.313170833579271e-06
                   13.41   2.304597905244023e-06   2.304597905244023e-06
                   13.43   2.296050510351908e-06   2.296050510351908e-06
                   13.45   2.287528535217004e-06   2.287528535217004e-06
                   13.47   2.279031866597469e-06   2.279031866597469e-06
                   13.49   2.270560391695546e-06   2.270560391695546e-06
                   13.51   2.262113999045734e-06   2.262113999045734e-06
                   13.53   2.253692576960487e-06   2.253692576960487e-06
                   13.55   2.245296015306556e-06   2.245296015306556e-06
                   13.57   2.236924203728647e-06   2.236924203728647e-06
                   13.59   2.228577033425767e-06   2.228577033425767e-06
                   13.61   2.220254395374875e-06   2.220254395374875e-06
                   13.63   2.211956181663144e-06   2.211956181663144e-06
                   13.65   2.203682285043874e-06   2.203682285043874e-06
                   13.67   2.195432598714448e-06   2.195432598714448e-06
                   13.69    2.18720701676042e-06    2.18720701676042e-06
                   13.71    2.17900543326734e-06    2.17900543326734e-06
                   13.73   2.170827743875059e-06   2.170827743875059e-06
                   13.75   2.162673843779338e-06   2.162673843779338e-06
                   13.77    2.15454362973024e-06    2.15454362973024e-06
                   13.79   2.146436998699867e-06   2.146436998699867e-06
                   13.81   2.138353847882359e-06   2.138353847882359e-06
                   13.83   2.130294075582074e-06   2.130294075582074e-06
                   13.85   2.122257580547453e-06   2.122257580547453e-06
                   13.87   2.114244262193063e-06   2.114244262193063e-06
                   13.89   2.106254020155511e-06   2.106254020155511e-06
                   13.91    2.09828675518162e-06    2.09828675518162e-06
                   13.93   2.090342368018209e-06   2.090342368018209e-06
                   13.95   2.082420760300268e-06   2.082420760300268e-06
                   13.97   2.074521834550958e-06   2.074521834550958e-06
                   13.99   2.066645493071393e-06   2.066645493071393e-06
                   14.01   2.058791639272903e-06   2.058791639272903e-06
                   14.03   2.050960177010899e-06   2.050960177010899e-06
                   14.05   2.043151010806924e-06   2.043151010806924e-06
                   14.07   2.035364045404559e-06   2.035364045404559e-06
                   14.09   2.027599186213511e-06   2.027599186213511e-06
                   14.11   2.019856339309618e-06   2.019856339309618e-06
                   14.13     2.0121354112128e-06     2.0121354112128e-06
                   14.15   2.004436309109106e-06   2.004436309109106e-06
                   14.17   1.996758940406626e-06   1.996758940406626e-06
                   14.19   1.989103213401619e-06   1.989103213401619e-06
                   14.21   1.981469036390344e-06   1.981469036390344e-06
                   14.23   1.973856318779273e-06   1.973856318779273e-06
                   14.25    1.96626497019692e-06    1.96626497019692e-06
                   14.27   1.958694900715884e-06   1.958694900715884e-06
                   14.29   1.951146021074889e-06   1.951146021074889e-06
                   14.31   1.943618242234703e-06   1.943618242234703e-06
                   14.33   1.936111476044265e-06   1.936111476044265e-06
                   14.35   1.928625634796598e-06   1.928625634796598e-06
                   14.37   1.921160630562678e-06   1.921160630562678e-06
                   14.39   1.913716376967784e-06   1.913716376967784e-06
                   14.41    1.90629278741515e-06    1.90629278741515e-06
                   14.43   1.898889775974137e-06   1.898889775974137e-06
                   14.45   1.891507257380234e-06   1.891507257380234e-06
                   14.47   1.884145146368929e-06   1.884145146368929e-06
                   14.49   1.876803358785924e-06   1.876803358785924e-06
                   14.51   1.869481810254876e-06   1.869481810254876e-06
                   14.53   1.862180417287611e-06   1.862180417287611e-06
                   14.55   1.854899097062089e-06   1.854899097062089e-06
                   14.57   1.847637766534219e-06   1.847637766534219e-06
                   14.59   1.840396343548083e-06   1.840396343548083e-06
                   14.61   1.833174746613893e-06   1.833174746613893e-06
                   14.63   1.825972894019814e-06   1.825972894019814e-06
                   14.65   1.818790705386271e-06   1.818790705386271e-06
                   14.67   1.811628099889599e-06   1.811628099889599e-06
                   14.69   1.804484997816348e-06   1.804484997816348e-06
                   14.71   1.797361319453067e-06   1.797361319453067e-06
                   14.73   1.790256985752433e-06   1.790256985752433e-06
                   14.75   1.783171917889164e-06   1.783171917889164e-06
                   14.77   1.776106037704108e-06   1.776106037704108e-06
                   14.79   1.769059267260152e-06   1.769059267260152e-06
                   14.81   1.762031529508359e-06   1.762031529508359e-06
                   14.83     1.7550227469557e-06     1.7550227469557e-06
                   14.85    1.74803284321936e-06    1.74803284321936e-06
                   14.87   1.741061742360615e-06   1.741061742360615e-06
                   14.89   1.734109368218689e-06   1.734109368218689e-06
                   14.91   1.727175645520983e-06   1.727175645520983e-06
                   14.93   1.720260499661025e-06   1.720260499661025e-06
                   14.95   1.713363855588253e-06   1.713363855588253e-06
                   14.97   1.706485639362323e-06   1.706485639362323e-06
                   14.99   1.699625777264931e-06   1.699625777264931e-06
                   15.01   1.692784196021859e-06   1.692784196021859e-06
                   15.03   1.685960822358886e-06   1.685960822358886e-06
                   15.05    1.67915558411201e-06    1.67915558411201e-06
                   15.07   1.672368408673137e-06   1.672368408673137e-06
                   15.09   1.665599224322346e-06   1.665599224322346e-06
                   15.11   1.658847959783803e-06   1.658847959783803e-06
                   15.13    1.65211454378167e-06    1.65211454378167e-06
                   15.15    1.64539890570624e-06    1.64539890570624e-06
                   15.17   1.638700975391891e-06   1.638700975391891e-06
                   15.19   1.632020682672998e-06   1.632020682672998e-06
                   15.21   1.625357958050065e-06   1.625357958050065e-06
                   15.23   1.618712732467684e-06   1.618712732467684e-06
                   15.25   1.612084936870444e-06   1.612084936870444e-06
                   15.27   1.605474502869061e-06   1.605474502869061e-06
                   15.29   1.598881362296295e-06   1.598881362296295e-06
                   15.31   1.592305447206948e-06   1.592305447206948e-06
                   15.33   1.585746690543995e-06   1.585746690543995e-06
                   15.35   1.579205025028365e-06   1.579205025028365e-06
                   15.37   1.572680384047116e-06   1.572680384047116e-06
                   15.39   1.566172701209349e-06   1.566172701209349e-06
                   15.41   1.559681910124161e-06   1.559681910124161e-06
                   15.43   1.553207945732913e-06   1.553207945732913e-06
                   15.45   1.546750742310831e-06   1.546750742310831e-06
                   15.47    1.54031023479927e-06    1.54031023479927e-06
                   15.49   1.533886358583672e-06   1.533886358583672e-06
                   15.51   1.527479049493565e-06   1.527479049493565e-06
                   15.53   1.521088243580518e-06   1.521088243580518e-06
                   15.55   1.514713876674053e-06   1.514713876674053e-06
                   15.57   1.508355885935958e-06   1.508355885935958e-06
                   15.59   1.502014208083926e-06   1.502014208083926e-06
                   15.61   1.495688780723828e-06   1.495688780723828e-06
                   15.63   1.489379541017442e-06   1.489379541017442e-06
                   15.65   1.483086427014722e-06   1.483086427014722e-06
                   15.67   1.476809377209707e-06   1.476809377209707e-06
                   15.69   1.470548330096436e-06   1.470548330096436e-06
                   15.71   1.464303224390987e-06   1.464303224390987e-06
                   15.73   1.458073999475569e-06   1.458073999475569e-06
                   15.75   1.451860594732392e-06   1.451860594732392e-06
                   15.77   1.445662950209793e-06   1.445662950209793e-06
                   15.79   1.439481005512019e-06   1.439481005512019e-06
                   15.81   1.433314701575582e-06   1.433314701575582e-06
                   15.83   1.427163978892901e-06   1.427163978892901e-06
                   15.85   1.421028778400483e-06   1.421028778400483e-06
                   15.87   1.414909041700965e-06   1.414909041700965e-06
                   15.89   1.408804709952895e-06   1.408804709952895e-06
                   15.91   1.402715725425037e-06   1.402715725425037e-06
                   15.93   1.396642030386155e-06   1.396642030386155e-06
                   15.95   1.390583566882967e-06   1.390583566882967e-06
                   15.97   1.384540278072409e-06   1.384540278072409e-06
                   15.99   1.378512106889372e-06   1.378512106889372e-06
                   16.01   1.372498996712832e-06   1.372498996712832e-06
                   16.03   1.366500891143808e-06   1.366500891143808e-06
                   16.05   1.360517734227407e-06   1.360517734227407e-06
                   16.07   1.354549469786688e-06   1.354549469786688e-06
                   16.09   1.348596042532884e-06   1.348596042532884e-06
                   16.11    1.34265739717723e-06    1.34265739717723e-06
                   16.13   1.336733478875044e-06   1.336733478875044e-06
                   16.15   1.330824232781642e-06   1.330824232781642e-06
                   16.17   1.324929604274386e-06   1.324929604274386e-06
                   16.19    1.31904953961881e-06    1.31904953961881e-06
                   16.21   1.313183984414314e-06   1.313183984414314e-06
                   16.23   1.307332885370518e-06   1.307332885370518e-06
                   16.25   1.301496188974996e-06   1.301496188974996e-06
                   16.27   1.295673842159407e-06   1.295673842159407e-06
                   16.29   1.289865791855411e-06   1.289865791855411e-06
                   16.31   1.284071985882842e-06   1.284071985882842e-06
                   16.33   1.278292371617442e-06   1.278292371617442e-06
                   16.35   1.272526897101087e-06   1.272526897101087e-06
                   16.37   1.266775510375649e-06   1.266775510375649e-06
                   16.39   1.261038160149132e-06   1.261038160149132e-06
                   16.41   1.255314794685451e-06   1.255314794685451e-06
                   16.43   1.249605363136693e-06   1.249605363136693e-06
                   16.45   1.243909814654947e-06   1.243909814654947e-06
                   16.47   1.238228098836387e-06   1.238228098836387e-06
                   16.49   1.232560165055141e-06   1.232560165055141e-06
                   16.51   1.226905963351468e-06   1.226905963351468e-06
                   16.53   1.221265443987671e-06   1.221265443987671e-06
                   16.55   1.215638557226051e-06   1.215638557226051e-06
                   16.57   1.210025253772994e-06   1.210025253772994e-06
                   16.59   1.204425484556931e-06   1.204425484556931e-06
                   16.61    1.19883920050629e-06    1.19883920050629e-06
                   16.63   1.193266352993588e-06   1.193266352993588e-06
                   16.65   1.187706893835426e-06   1.187706893835426e-06
                   16.67   1.182160774626361e-06   1.182160774626361e-06
                   16.69   1.176627947405037e-06   1.176627947405037e-06
                   16.71    1.17110836443214e-06    1.17110836443214e-06
                   16.73   1.165601978412444e-06   1.165601978412444e-06
                   16.75   1.160108741828677e-06   1.160108741828677e-06
                   16.77   1.154628607829698e-06   1.154628607829698e-06
                   16.79   1.149161529564364e-06   1.149161529564364e-06
                   16.81   1.143707460403576e-06   1.143707460403576e-06
                   16.83   1.138266353718233e-06   1.138266353718233e-06
                   16.85   1.132838163767409e-06   1.132838163767409e-06
                   16.87    1.12742284436609e-06    1.12742284436609e-06
                   16.89   1.122020349773346e-06   1.122020349773346e-06
                   16.91   1.116630634692337e-06   1.116630634692337e-06
                   16.93   1.111253653604176e-06   1.111253653604176e-06
                   16.95   1.105889361656109e-06   1.105889361656109e-06
                   16.97   1.100537713773333e-06   1.100537713773333e-06
                   16.99   1.095198665325136e-06   1.095198665325136e-06
                   17.01   1.089872171902846e-06   1.089872171902846e-06
                   17.03    1.08455818954188e-06    1.08455818954188e-06
                   17.05   1.079256673833565e-06   1.079256673833565e-06
                   17.07   1.073967581035358e-06   1.073967581035358e-06
                   17.09   1.068690867626761e-06   1.068690867626761e-06
                   17.11   1.063426490087273e-06   1.063426490087273e-06
                   17.13   1.058174405340481e-06   1.058174405340481e-06
                   17.15   1.052934570532016e-06   1.052934570532016e-06
                   17.17   1.047706942363417e-06   1.047706942363417e-06
                   17.19   1.042491478646445e-06   1.042491478646445e-06
                   17.21    1.03728813674877e-06    1.03728813674877e-06
                   17.23   1.032096874704194e-06   1.032096874704194e-06
                   17.25   1.026917650324475e-06   1.026917650324475e-06
                   17.27   1.021750421643411e-06   1.021750421643411e-06
                   17.29   1.016595147360934e-06   1.016595147360934e-06
                   17.31   1.011451785732885e-06   1.011451785732885e-06
                   17.33   1.006320295903282e-06   1.006320295903282e-06
                   17.35   1.001200636350008e-06   1.001200636350008e-06
                   17.37   9.960927664391236e-07   9.960927664391236e-07
                   17.39   9.909966455366853e-07   9.909966455366853e-07
                   17.41   9.859122330087511e-07   9.859122330087511e-07
                   17.43   9.808394888875098e-07   9.808394888875098e-07
                   17.45   9.757783725390155e-07   9.757783725390155e-07
                   17.47   9.707288444395437e-07   9.707288444395437e-07
                   17.49   9.656908646212798e-07   9.656908646212798e-07
                   17.51    9.60664393782541e-07    9.60664393782541e-07
                   17.53     9.5564939195551e-07     9.5564939195551e-07
                   17.55   9.506458207266792e-07   9.506458207266792e-07
                   17.57   9.456536403502737e-07   9.456536403502737e-07
                   17.59   9.406728124127833e-07   9.406728124127833e-07
                   17.61   9.357032980566084e-07   9.357032980566084e-07
                   17.63   9.307450586461921e-07   9.307450586461921e-07
                   17.65   9.257980562121101e-07   9.257980562121101e-07
                   17.67   9.208622523408477e-07   9.208622523408477e-07
                   17.69   9.159376090629781e-07   9.159376090629781e-07
                   17.71   9.110240886311178e-07   9.110240886311178e-07
                   17.73   9.061216535199264e-07   9.061216535199264e-07
                   17.75   9.012302659820183e-07   9.012302659820183e-07
                   17.77   8.963498887140952e-07   8.963498887140952e-07
                   17.79   8.914804850789913e-07   8.914804850789913e-07
                   17.81   8.866220175513621e-07   8.866220175513621e-07
                   17.83   8.817744494940391e-07   8.817744494940391e-07
                   17.85   8.769377444918978e-07   8.769377444918978e-07
                   17.87   8.721118656857235e-07   8.721118656857235e-07
                   17.89   8.672967771044781e-07   8.672967771044781e-07
                   17.91   8.624924423330338e-07   8.624924423330338e-07
                   17.93   8.576988256223947e-07   8.576988256223947e-07
                   17.95   8.529158910015196e-07   8.529158910015196e-07
                   17.97   8.481436029434553e-07   8.481436029434553e-07
                   17.99   8.433819259212472e-07   8.433819259212472e-07
                   18.01   8.386308241858957e-07   8.386308241858957e-07
                   18.03   8.338902630986219e-07   8.338902630986219e-07
                   18.05   8.291602073545128e-07   8.291602073545128e-07
                   18.07   8.244406220927432e-07   8.244406220927432e-07
                   18.09   8.197314724524871e-07   8.197314724524871e-07
                   18.11   8.150327242390504e-07   8.150327242390504e-07
                   18.13   8.103443425916053e-07   8.103443425916053e-07
                   18.15   8.056662935375002e-07   8.056662935375002e-07
                   18.17   8.009985428820384e-07   8.009985428820384e-07
                   18.19   7.963410566525666e-07   7.963410566525666e-07
                   18.21    7.91693801098475e-07    7.91693801098475e-07
                   18.23   7.870567422471086e-07   7.870567422471086e-07
                   18.25   7.824298470139886e-07   7.824298470139886e-07
                   18.27   7.778130816485028e-07   7.778130816485028e-07
                   18.29   7.732064130661707e-07   7.732064130661707e-07
                   18.31   7.686098081825112e-07   7.686098081825112e-07
                   18.33   7.640232341350866e-07   7.640232341350866e-07
                   18.35   7.594466580614584e-07   7.594466580614584e-07
                   18.37   7.548800470991871e-07   7.548800470991871e-07
                   18.39   7.503233690519659e-07   7.503233690519659e-07
                   18.41   7.457765915014421e-07   7.457765915014421e-07
                   18.43   7.412396820292627e-07   7.412396820292627e-07
                   18.45   7.367126088832067e-07   7.367126088832067e-07
                   18.47   7.321953396449193e-07   7.321953396449193e-07
                   18.49   7.276878427842224e-07   7.276878427842224e-07
                   18.51   7.231900865488924e-07   7.231900865488924e-07
                   18.53   7.187020394087497e-07   7.187020394087497e-07
                   18.55    7.14223670055658e-07    7.14223670055658e-07
                   18.57   7.097549471814802e-07   7.097549471814802e-07
                   18.59   7.052958394780785e-07   7.052958394780785e-07
                   18.61   7.008463163034476e-07   7.008463163034476e-07
                   18.63   6.964063463494477e-07   6.964063463494477e-07
                   18.65   6.919758991961164e-07   6.919758991961164e-07
                   18.67    6.87554944201446e-07    6.87554944201446e-07
                   18.69   6.831434507234275e-07   6.831434507234275e-07
                   18.71   6.787413885641405e-07   6.787413885641405e-07
                   18.73   6.743487275256637e-07   6.743487275256637e-07
                   18.75   6.699654374100749e-07   6.699654374100749e-07
                   18.77   6.655914882414957e-07   6.655914882414957e-07
                   18.79   6.612268504881356e-07   6.612268504881356e-07
                   18.81   6.568714941741147e-07   6.568714941741147e-07
                   18.83    6.52525389767641e-07    6.52525389767641e-07
                   18.85   6.481885077369216e-07   6.481885077369216e-07
                   18.87   6.438608189942524e-07   6.438608189942524e-07
                   18.89   6.395422942298834e-07   6.395422942298834e-07
                   18.91   6.352329043561086e-07   6.352329043561086e-07
                   18.93   6.309326202852213e-07   6.309326202852213e-07
                   18.95   6.266414133736028e-07   6.266414133736028e-07
                   18.97   6.223592549776336e-07   6.223592549776336e-07
                   18.99   6.180861162316494e-07   6.180861162316494e-07
                   19.01   6.138219687140737e-07   6.138219687140737e-07
                   19.03   6.095667844474183e-07   6.095667844474183e-07
                   19.05   6.053205347880611e-07   6.053205347880611e-07
                   19.07   6.010831917585124e-07   6.010831917585124e-07
                   19.09   5.968547273812819e-07   5.968547273812819e-07
                   19.11   5.926351139009231e-07   5.926351139009231e-07
                   19.13   5.884243233399443e-07   5.884243233399443e-07
                   19.15   5.842223279428974e-07   5.842223279428974e-07
                   19.17   5.800291006204674e-07   5.800291006204674e-07
                   19.19   5.758446138392494e-07   5.758446138392494e-07
                   19.21   5.716688398437932e-07   5.716688398437932e-07
                   19.23   5.675017519888706e-07   5.675017519888706e-07
                   19.25   5.633433229631192e-07   5.633433229631192e-07
                   19.27   5.591935258992649e-07   5.591935258992649e-07
                   19.29   5.550523339300327e-07   5.550523339300327e-07
                   19.31   5.509197201881472e-07   5.509197201881472e-07
                   19.33   5.467956582504213e-07   5.467956582504213e-07
                   19.35    5.42680121249578e-07    5.42680121249578e-07
                   19.37    5.38573083206518e-07    5.38573083206518e-07
                   19.39   5.344745174760076e-07   5.344745174760076e-07
                   19.41   5.303843983009902e-07   5.303843983009902e-07
                   19.43   5.263026990362312e-07   5.263026990362312e-07
                   19.45   5.222293941467174e-07   5.222293941467174e-07
                   19.47   5.181644576533459e-07   5.181644576533459e-07
                   19.49   5.141078635770136e-07   5.141078635770136e-07
                   19.51   5.100595866047498e-07   5.100595866047498e-07
                   19.53   5.060196009794943e-07   5.060196009794943e-07
                   19.55   5.019878813882755e-07   5.019878813882755e-07
                   19.57   4.979644020740319e-07   4.979644020740319e-07
                   19.59   4.939491383899242e-07   4.939491383899242e-07
                   19.61   4.899420648009341e-07   4.899420648009341e-07
                   19.63   4.859431564381764e-07   4.859431564381764e-07
                   19.65   4.819523884327654e-07   4.819523884327654e-07
                   19.67   4.779697356937702e-07   4.779697356937702e-07
                   19.69   4.739951737963927e-07   4.739951737963927e-07
                   19.71   4.700286778717453e-07   4.700286778717453e-07
                   19.73   4.660702234950289e-07   4.660702234950289e-07
                   19.75   4.621197862414438e-07   4.621197862414438e-07
                   19.77    4.58177341908234e-07    4.58177341908234e-07
                   19.79   4.542428658485542e-07   4.542428658485542e-07
                   19.81   4.503163343037363e-07   4.503163343037363e-07
                   19.83   4.463977232930674e-07   4.463977232930674e-07
                   19.85   4.424870083917448e-07   4.424870083917448e-07
                   19.87   4.385841662851879e-07   4.385841662851879e-07
                   19.89    4.34689172992682e-07    4.34689172992682e-07
                   19.91   4.308020049776007e-07   4.308020049776007e-07
                   19.93   4.269226384812727e-07   4.269226384812727e-07
                   19.95   4.230510501891153e-07   4.230510501891153e-07
                   19.97   4.191872165645004e-07   4.191872165645004e-07
                   19.99   4.153311145148887e-07   4.153311145148887e-07
                   20.01   4.114827209477401e-07   4.114827209477401e-07
                   20.03   4.076420123264252e-07   4.076420123264252e-07
                   20.05   4.038089662245364e-07   4.038089662245364e-07
