# File created on Tue Jul  7 16:46:47 2026
# ======================================== 
# = Running code assuming AXISYMMETRY    = 
# ======================================== 
# Data for Inflation GW initial data initial data at coord. time 0 and proper central time 0
# Evolved with (264,10,9) gridpoints (including 4 ghosts)
# Evolution with geodesic slicing and constant shift
# using eighth-order spatial differencing with 4 ghost zones 
# data 1 at theta = 0 and phi = 3.14159
# data 2 at theta = 1.5708 and phi = 3.14159
#                      r                     phi                     phi
#                               (     0,3.14159)        (1.5708,3.14159)
#========================================================================
              -0.2734375   0.0002005050090342935   0.0002005050090342935
              -0.1953125   0.0002189543063142873   0.0002189543063142873
              -0.1171875   0.0002331133939531063   0.0002331133939531063
              -0.0390625    0.000240871465927252    0.000240871465927252
               0.0390625    0.000240871465927252    0.000240871465927252
               0.1171875   0.0002331133939531063   0.0002331133939531063
               0.1953125   0.0002189543063142873   0.0002189543063142873
               0.2734375   0.0002005050090342935   0.0002005050090342935
               0.3515625   0.0001801497158138419   0.0001801497158138419
               0.4296875   0.0001599578795642641   0.0001599578795642641
               0.5078125   0.0001413486967734478   0.0001413486967734478
               0.5859375   0.0001250373940769636   0.0001250373940769636
               0.6640625   0.0001111795055545327   0.0001111795055545327
               0.7421875   9.958816707103485e-05   9.958816707103485e-05
               0.8203125   8.992750319680445e-05   8.992750319680445e-05
               0.8984375   8.183992129122635e-05   8.183992129122635e-05
               0.9765625   7.500885019124168e-05   7.500885019124168e-05
               1.0546875   6.917785071992451e-05   6.917785071992451e-05
               1.1328125   6.414766306977978e-05   6.414766306977978e-05
               1.2109375   5.976560736827883e-05   5.976560736827883e-05
               1.2890625   5.591447585682675e-05   5.591447585682675e-05
               1.3671875   5.250341167882737e-05   5.250341167882737e-05
               1.4453125   4.946108986501896e-05   4.946108986501896e-05
               1.5234375   4.673078984616299e-05   4.673078984616299e-05
               1.6015625   4.426685270142428e-05   4.426685270142428e-05
               1.6796875   4.203211287753894e-05   4.203211287753894e-05
               1.7578125   3.999601163544978e-05   3.999601163544978e-05
               1.8359375   3.813319153390209e-05   3.813319153390209e-05
               1.9140625   3.642243499915607e-05   3.642243499915607e-05
               1.9921875   3.484585261483921e-05   3.484585261483921e-05
               2.0703125   3.338825518719641e-05   3.338825518719641e-05
               2.1484375   3.203666280784746e-05   3.203666280784746e-05
               2.2265625   3.077991727063378e-05   3.077991727063378e-05
               2.3046875   2.960837331494141e-05   2.960837331494141e-05
               2.3828125   2.851365060811739e-05   2.851365060811739e-05
               2.4609375   2.748843296653025e-05   2.748843296653025e-05
               2.5390625   2.652630464409769e-05   2.652630464409769e-05
               2.6171875    2.56216159410291e-05    2.56216159410291e-05
               2.6953125   2.476937218450149e-05   2.476937218450149e-05
               2.7734375   2.396514147306401e-05   2.396514147306401e-05
               2.8515625   2.320497758540217e-05   2.320497758540217e-05
               2.9296875   2.248535522471014e-05   2.248535522471014e-05
               3.0078125   2.180311535360119e-05   2.180311535360119e-05
               3.0859375   2.115541883250915e-05   2.115541883250915e-05
               3.1640625   2.053970692754252e-05   2.053970692754252e-05
               3.2421875   1.995366752639241e-05   1.995366752639241e-05
               3.3203125   1.939520612446934e-05   1.939520612446934e-05
               3.3984375   1.886242081306781e-05   1.886242081306781e-05
               3.4765625   1.835358063967617e-05   1.835358063967617e-05
               3.5546875   1.786710682156056e-05   1.786710682156056e-05
               3.6328125   1.740155638389259e-05   1.740155638389259e-05
               3.7109375   1.695560786384938e-05   1.695560786384938e-05
               3.7890625   1.652804878450364e-05   1.652804878450364e-05
               3.8671875   1.611776464561536e-05   1.611776464561536e-05
               3.9453125   1.572372922328644e-05   1.572372922328644e-05
               4.0234375   1.534499599974597e-05   1.534499599974597e-05
               4.1015625   1.498069057184366e-05   1.498069057184366e-05
               4.1796875   1.463000391191745e-05   1.463000391191745e-05
               4.2578125   1.429218637002107e-05   1.429218637002107e-05
               4.3359375   1.396654232425977e-05   1.396654232425977e-05
               4.4140625   1.365242540019164e-05   1.365242540019164e-05
               4.4921875   1.334923418780138e-05   1.334923418780138e-05
               4.5703125   1.305640839920682e-05   1.305640839920682e-05
               4.6484375   1.277342541225682e-05   1.277342541225682e-05
               4.7265625   1.249979715805695e-05   1.249979715805695e-05
               4.8046875    1.22350673120134e-05    1.22350673120134e-05
               4.8828125   1.197880875398029e-05   1.197880875398029e-05
               4.9609375   1.173062126864655e-05   1.173062126864655e-05
               5.0390625    1.14901294601845e-05    1.14901294601845e-05
               5.1171875   1.125698085762506e-05   1.125698085762506e-05
               5.1953125   1.103084419097656e-05   1.103084419097656e-05
               5.2734375   1.081140782076874e-05   1.081140782076874e-05
               5.3515625   1.059837830570179e-05   1.059837830570179e-05
               5.4296875   1.039147909285806e-05   1.039147909285806e-05
               5.5078125   1.019044932004099e-05   1.019044932004099e-05
               5.5859375   9.995042718695648e-06   9.995042718695648e-06
               5.6640625   9.805026607641205e-06   9.805026607641205e-06
               5.7421875    9.62018096806818e-06    9.62018096806818e-06
               5.8203125   9.440297594693559e-06   9.440297594693559e-06
               5.8984375   9.265179312638216e-06   9.265179312638216e-06
               5.9765625   9.094639256696207e-06   9.094639256696207e-06
               6.0546875   8.928500206556918e-06   8.928500206556918e-06
               6.1328125   8.766593971763093e-06   8.766593971763093e-06
               6.2109375   8.608760824406526e-06   8.608760824406526e-06
               6.2890625   8.454848973566407e-06   8.454848973566407e-06
               6.3671875   8.304714077715766e-06   8.304714077715766e-06
               6.4453125   8.158218793985888e-06   8.158218793985888e-06
               6.5234375   8.015232358515731e-06   8.015232358515731e-06
               6.6015625   7.875630197664381e-06   7.875630197664381e-06
               6.6796875   7.739293565423735e-06   7.739293565423735e-06
               6.7578125   7.606109207475598e-06   7.606109207475598e-06
               6.8359375   7.475969046120119e-06   7.475969046120119e-06
               6.9140625   7.348769888962212e-06   7.348769888962212e-06
               6.9921875   7.224413155360844e-06   7.224413155360844e-06
               7.0703125   7.102804621973516e-06   7.102804621973516e-06
               7.1484375   6.983854184287366e-06   6.983854184287366e-06
               7.2265625   6.867475634136946e-06   6.867475634136946e-06
               7.3046875   6.753586451654403e-06   6.753586451654403e-06
               7.3828125    6.64210760965372e-06    6.64210760965372e-06
               7.4609375   6.532963391115168e-06   6.532963391115168e-06
               7.5390625   6.426081217327528e-06   6.426081217327528e-06
               7.6171875   6.321391487354245e-06   6.321391487354245e-06
               7.6953125   6.218827426381037e-06   6.218827426381037e-06
               7.7734375   6.118324944499322e-06   6.118324944499322e-06
               7.8515625   6.019822502150714e-06   6.019822502150714e-06
               7.9296875   5.923260985119181e-06   5.923260985119181e-06
               8.0078125   5.828583586184324e-06   5.828583586184324e-06
               8.0859375   5.735735693435778e-06   5.735735693435778e-06
               8.1640625   5.644664785470808e-06   5.644664785470808e-06
               8.2421875   5.555320332142838e-06   5.555320332142838e-06
               8.3203125   5.467653701305021e-06   5.467653701305021e-06
               8.3984375   5.381618069994548e-06   5.381618069994548e-06
               8.4765625   5.297168341834064e-06   5.297168341834064e-06
               8.5546875   5.214261067541579e-06   5.214261067541579e-06
               8.6328125   5.132854370547286e-06   5.132854370547286e-06
               8.7109375   5.052907877051152e-06   5.052907877051152e-06
               8.7890625   4.974382648300858e-06   4.974382648300858e-06
               8.8671875   4.897241117976667e-06   4.897241117976667e-06
               8.9453125   4.821447032240729e-06   4.821447032240729e-06
               9.0234375   4.746965392450853e-06   4.746965392450853e-06
               9.1015625   4.673762402093031e-06   4.673762402093031e-06
               9.1796875   4.601805414824128e-06   4.601805414824128e-06
               9.2578125   4.531062886511297e-06   4.531062886511297e-06
               9.3359375   4.461504328603604e-06   4.461504328603604e-06
               9.4140625   4.393100264834261e-06   4.393100264834261e-06
               9.4921875   4.325822189255073e-06   4.325822189255073e-06
               9.5703125   4.259642526935368e-06   4.259642526935368e-06
               9.6484375   4.194534595771104e-06   4.194534595771104e-06
               9.7265625   4.130472570958467e-06   4.130472570958467e-06
               9.8046875   4.067431450799688e-06   4.067431450799688e-06
               9.8828125   4.005387024507233e-06   4.005387024507233e-06
               9.9609375   3.944315840229995e-06   3.944315840229995e-06
              10.0390625   3.884195176632164e-06   3.884195176632164e-06
              10.1171875   3.825003014027977e-06   3.825003014027977e-06
              10.1953125   3.766718007514847e-06   3.766718007514847e-06
              10.2734375   3.709319461660756e-06   3.709319461660756e-06
              10.3515625   3.652787305635738e-06   3.652787305635738e-06
              10.4296875    3.59710207011967e-06    3.59710207011967e-06
              10.5078125   3.542244864876186e-06   3.542244864876186e-06
              10.5859375   3.488197357214743e-06   3.488197357214743e-06
              10.6640625   3.434941751562894e-06   3.434941751562894e-06
              10.7421875   3.382460770148759e-06   3.382460770148759e-06
              10.8203125   3.330737634127567e-06   3.330737634127567e-06
              10.8984375   3.279756045818408e-06   3.279756045818408e-06
              10.9765625   3.229500171385058e-06   3.229500171385058e-06
              11.0546875   3.179954625071092e-06   3.179954625071092e-06
              11.1328125   3.131104452324776e-06   3.131104452324776e-06
              11.2109375   3.082935115810505e-06   3.082935115810505e-06
              11.2890625   3.035432480754112e-06   3.035432480754112e-06
              11.3671875   2.988582800732242e-06   2.988582800732242e-06
              11.4453125   2.942372704571948e-06   2.942372704571948e-06
              11.5234375   2.896789183916398e-06   2.896789183916398e-06
              11.6015625    2.85181958056854e-06    2.85181958056854e-06
              11.6796875   2.807451575389056e-06   2.807451575389056e-06
              11.7578125   2.763673176306141e-06   2.763673176306141e-06
              11.8359375   2.720472708101622e-06   2.720472708101622e-06
              11.9140625   2.677838801530939e-06   2.677838801530939e-06
              11.9921875   2.635760383775383e-06   2.635760383775383e-06
              12.0703125   2.594226668672286e-06   2.594226668672286e-06
              12.1484375   2.553227147611331e-06   2.553227147611331e-06
              12.2265625   2.512751580430866e-06   2.512751580430866e-06
              12.3046875   2.472789987202379e-06   2.472789987202379e-06
              12.3828125   2.433332639570882e-06   2.433332639570882e-06
              12.4609375   2.394370053427565e-06   2.394370053427565e-06
              12.5390625   2.355892980916295e-06   2.355892980916295e-06
              12.6171875   2.317892403106258e-06   2.317892403106258e-06
              12.6953125   2.280359523330721e-06   2.280359523330721e-06
              12.7734375   2.243285759859663e-06   2.243285759859663e-06
              12.8515625    2.20666273990466e-06    2.20666273990466e-06
              12.9296875   2.170482292957643e-06   2.170482292957643e-06
              13.0078125    2.13473644457373e-06    2.13473644457373e-06
              13.0859375   2.099417411042244e-06   2.099417411042244e-06
              13.1640625   2.064517593391582e-06   2.064517593391582e-06
              13.2421875   2.030029571838179e-06   2.030029571838179e-06
              13.3203125   1.995946100679557e-06   1.995946100679557e-06
              13.3984375   1.962260103187365e-06   1.962260103187365e-06
              13.4765625   1.928964666944507e-06   1.928964666944507e-06
              13.5546875   1.896053038738186e-06   1.896053038738186e-06
              13.6328125   1.863518620119069e-06   1.863518620119069e-06
              13.7109375   1.831354962960455e-06   1.831354962960455e-06
              13.7890625   1.799555765461528e-06   1.799555765461528e-06
              13.8671875   1.768114867928561e-06   1.768114867928561e-06
              13.9453125   1.737026248334081e-06   1.737026248334081e-06
              14.0234375   1.706284018986246e-06   1.706284018986246e-06
              14.1015625   1.675882422976178e-06   1.675882422976178e-06
              14.1796875   1.645815829737119e-06   1.645815829737119e-06
              14.2578125   1.616078732601985e-06   1.616078732601985e-06
              14.3359375   1.586665744584557e-06   1.586665744584557e-06
              14.4140625   1.557571595714989e-06   1.557571595714989e-06
              14.4921875   1.528791129487134e-06   1.528791129487134e-06
              14.5703125   1.500319300194043e-06   1.500319300194043e-06
              14.6484375   1.472151169597335e-06   1.472151169597335e-06
              14.7265625   1.444281904262695e-06   1.444281904262695e-06
              14.8046875   1.416706772895372e-06   1.416706772895372e-06
              14.8828125   1.389421143675674e-06   1.389421143675674e-06
              14.9609375   1.362420480928335e-06   1.362420480928335e-06
              15.0390625   1.335700344012314e-06   1.335700344012314e-06
              15.1171875   1.309256383546073e-06   1.309256383546073e-06
              15.1953125    1.28308433963124e-06    1.28308433963124e-06
              15.2734375   1.257180039632196e-06   1.257180039632196e-06
              15.3515625    1.23153939595565e-06    1.23153939595565e-06
              15.4296875   1.206158403830219e-06   1.206158403830219e-06
              15.5078125   1.181033138863961e-06   1.181033138863961e-06
              15.5859375    1.15615975571213e-06    1.15615975571213e-06
              15.6640625   1.131534485412661e-06   1.131534485412661e-06
              15.7421875   1.107153634053928e-06   1.107153634053928e-06
              15.8203125   1.083013580776354e-06   1.083013580776354e-06
              15.8984375   1.059110775551997e-06   1.059110775551997e-06
              15.9765625   1.035441738074334e-06   1.035441738074334e-06
              16.0546875   1.012003055537842e-06   1.012003055537842e-06
              16.1328125   9.887913815277849e-07   9.887913815277849e-07
              16.2109375    9.65803434021836e-07    9.65803434021836e-07
              16.2890625   9.430359938357775e-07   9.430359938357775e-07
              16.3671875   9.204859035132953e-07   9.204859035132953e-07
              16.4453125   8.981500653275918e-07   8.981500653275918e-07
              16.5234375   8.760254401711786e-07   8.760254401711786e-07
              16.6015625   8.541090462236218e-07   8.541090462236218e-07
              16.6796875   8.323979576192888e-07   8.323979576192888e-07
              16.7578125   8.108893028930496e-07   8.108893028930496e-07
              16.8359375   7.895802640921101e-07   7.895802640921101e-07
              16.9140625    7.68468074999669e-07    7.68468074999669e-07
              16.9921875   7.475500206908391e-07   7.475500206908391e-07
              17.0703125   7.268234355342586e-07   7.268234355342586e-07
              17.1484375   7.062857025259677e-07   7.062857025259677e-07
              17.2265625   6.859342524012409e-07   6.859342524012409e-07
              17.3046875   6.657665623023301e-07   6.657665623023301e-07
              17.3828125   6.457801544462072e-07   6.457801544462072e-07
              17.4609375   6.259725954584396e-07   6.259725954584396e-07
              17.5390625   6.063414952629767e-07   6.063414952629767e-07
              17.6171875   5.868845064160252e-07   5.868845064160252e-07
              17.6953125   5.675993229958349e-07   5.675993229958349e-07
              17.7734375   5.484836792704397e-07   5.484836792704397e-07
              17.8515625   5.295353492535767e-07   5.295353492535767e-07
              17.9296875   5.107521460385597e-07   5.107521460385597e-07
              18.0078125   4.921319202439759e-07   4.921319202439759e-07
              18.0859375    4.73672560013692e-07    4.73672560013692e-07
              18.1640625   4.553719896845949e-07   4.553719896845949e-07
              18.2421875   4.372281691204645e-07   4.372281691204645e-07
              18.3203125   4.192390930458463e-07   4.192390930458463e-07
              18.3984375    4.01402789935836e-07    4.01402789935836e-07
              18.4765625    3.83717322238129e-07    3.83717322238129e-07
              18.5546875   3.661807843746265e-07   3.661807843746265e-07
              18.6328125   3.487913031855298e-07   3.487913031855298e-07
              18.7109375   3.315470365970789e-07   3.315470365970789e-07
              18.7890625   3.144461731774688e-07   3.144461731774688e-07
              18.8671875   2.974869314707212e-07   2.974869314707212e-07
              18.9453125   2.806675595526002e-07   2.806675595526002e-07
              19.0234375   2.639863341424396e-07   2.639863341424396e-07
              19.1015625   2.474415601590581e-07   2.474415601590581e-07
              19.1796875   2.310315702766752e-07   2.310315702766752e-07
              19.2578125   2.147547240367376e-07   2.147547240367376e-07
              19.3359375   1.986094076258785e-07   1.986094076258785e-07
              19.4140625   1.825940329877444e-07   1.825940329877444e-07
              19.4921875   1.667070380450431e-07   1.667070380450431e-07
              19.5703125   1.509468851452364e-07   1.509468851452364e-07
              19.6484375   1.353120610605437e-07   1.353120610605437e-07
              19.7265625   1.198010769879458e-07   1.198010769879458e-07
              19.8046875   1.044124672169211e-07   1.044124672169211e-07
              19.8828125   8.914478935149437e-08   8.914478935149437e-08
              19.9609375   7.399662342206108e-08   7.399662342206108e-08
              20.0390625   5.896657166334684e-08   5.896657166334684e-08
              20.1171875   4.405325784827677e-08   4.405325784827677e-08
              20.1953125   2.925532728797868e-08   2.925532728797868e-08
              20.2734375   1.457144616565253e-08   1.457144616565253e-08
