# File created on Wed Jul  8 11:31:14 2026
# Data for Inflation GW initial data initial data at coord time 0.163788 and central proper time 0.163788
# Evolved with (264,10,9) gridpoints (including 4 ghosts)
# Evolution with geodesic slicing and constant shift shift condition 
# data for phi = 3.14159
#              r           theta                 phi
#===============================================================
     0.025065104      0.78539816    0.006657618651644688
     0.025065104       2.3561945    0.006657618651644459

     0.075195312      0.78539816    0.006656948817677248
     0.075195312       2.3561945    0.006656948817677333

      0.12532552      0.78539816    0.006655602216114117
      0.12532552       2.3561945    0.006655602216114131

      0.17545573      0.78539816    0.006653583247311913
      0.17545573       2.3561945    0.006653583247312223

      0.22558594      0.78539816    0.006650893157804399
      0.22558594       2.3561945    0.006650893157804426

      0.27571615      0.78539816    0.006647532555539188
      0.27571615       2.3561945    0.006647532555539403

      0.32584635      0.78539816    0.006643502379225142
      0.32584635       2.3561945    0.006643502379225044

      0.37597656      0.78539816    0.006638803758673939
      0.37597656       2.3561945    0.006638803758674169

      0.42610677      0.78539816    0.006633438024791646
      0.42610677       2.3561945    0.006633438024791435

      0.47623698      0.78539816    0.006627406735028688
      0.47623698       2.3561945    0.006627406735028606

      0.52636719      0.78539816    0.006620711657160911
      0.52636719       2.3561945    0.006620711657160883

       0.5764974      0.78539816    0.006613354761982601
       0.5764974       2.3561945    0.006613354761982808

       0.6266276      0.78539816    0.006605338219967508
       0.6266276       2.3561945    0.006605338219967307

      0.67675781      0.78539816    0.006596664398730019
      0.67675781       2.3561945    0.006596664398730099

      0.72688802      0.78539816    0.006587335861113166
      0.72688802       2.3561945    0.006587335861113217

      0.77701823      0.78539816    0.006577355363593967
      0.77701823       2.3561945    0.006577355363594181

      0.82714844      0.78539816     0.00656672585482882
      0.82714844       2.3561945    0.006566725854828814

      0.87727865      0.78539816    0.006555450474243186
      0.87727865       2.3561945    0.006555450474243189

      0.92740885      0.78539816    0.006543532550619327
      0.92740885       2.3561945    0.006543532550619329

      0.97753906      0.78539816    0.006530975600646326
      0.97753906       2.3561945    0.006530975600646233

       1.0276693      0.78539816    0.006517783327413726
       1.0276693       2.3561945    0.006517783327413907

       1.0777995      0.78539816    0.006503959618843217
       1.0777995       2.3561945    0.006503959618843126

       1.1279297      0.78539816    0.006489508546039066
       1.1279297       2.3561945    0.006489508546039107

       1.1780599      0.78539816    0.006474434361564109
       1.1780599       2.3561945    0.006474434361564324

       1.2281901      0.78539816     0.00645874149762732
       1.2281901       2.3561945    0.006458741497627216

       1.2783203      0.78539816    0.006442434564186529
       1.2783203       2.3561945    0.006442434564186684

       1.3284505      0.78539816    0.006425518346961425
       1.3284505       2.3561945    0.006425518346961318

       1.3785807      0.78539816    0.006407997805357251
       1.3785807       2.3561945    0.006407997805357235

       1.4287109      0.78539816    0.006389878070296505
       1.4287109       2.3561945    0.006389878070296269

       1.4788411      0.78539816    0.006371164441955593
       1.4788411       2.3561945    0.006371164441955611

       1.5289714      0.78539816    0.006351862387411187
       1.5289714       2.3561945    0.006351862387411292

       1.5791016      0.78539816    0.006331977538188392
       1.5791016       2.3561945     0.00633197753818842

       1.6292318      0.78539816    0.006311515687715518
       1.6292318       2.3561945    0.006311515687715519

        1.679362      0.78539816    0.006290482788686334
        1.679362       2.3561945    0.006290482788686324

       1.7294922      0.78539816    0.006268884950321914
       1.7294922       2.3561945    0.006268884950321934

       1.7796224      0.78539816    0.006246728435542363
       1.7796224       2.3561945    0.006246728435542567

       1.8297526      0.78539816    0.006224019658038708
       1.8297526       2.3561945    0.006224019658038617

       1.8798828      0.78539816    0.006200765179251803
       1.8798828       2.3561945     0.00620076517925198

        1.930013      0.78539816    0.006176971705257272
        1.930013       2.3561945    0.006176971705257312

       1.9801432      0.78539816    0.006152646083555304
       1.9801432       2.3561945     0.00615264608355521

       2.0302734      0.78539816    0.006127795299769903
       2.0302734       2.3561945    0.006127795299769657

       2.0804036      0.78539816    0.006102426474251015
       2.0804036       2.3561945    0.006102426474251247

       2.1305339      0.78539816    0.006076546858592804
       2.1305339       2.3561945    0.006076546858592788

       2.1806641      0.78539816    0.006050163832054937
       2.1806641       2.3561945    0.006050163832055065

       2.2307943      0.78539816    0.006023284897899326
       2.2307943       2.3561945    0.006023284897899659

       2.2809245      0.78539816    0.005995917679642131
       2.2809245       2.3561945     0.00599591767964198

       2.3310547      0.78539816    0.005968069917216834
       2.3310547       2.3561945    0.005968069917216857

       2.3811849      0.78539816    0.005939749463060382
       2.3811849       2.3561945    0.005939749463060369

       2.4313151      0.78539816     0.00591096427811344
       2.4313151       2.3561945    0.005910964278113214

       2.4814453      0.78539816    0.005881722427745453
       2.4814453       2.3561945    0.005881722427745277

       2.5315755      0.78539816     0.00585203207760455
       2.5315755       2.3561945    0.005852032077604609

       2.5817057      0.78539816    0.005821901489395897
       2.5817057       2.3561945    0.005821901489395897

       2.6318359      0.78539816    0.005791339016587837
       2.6318359       2.3561945    0.005791339016588066

       2.6819661      0.78539816    0.005760353100055621
       2.6819661       2.3561945    0.005760353100055821

       2.7320964      0.78539816    0.005728952263660646
       2.7320964       2.3561945    0.005728952263660444

       2.7822266      0.78539816    0.005697145109766415
       2.7822266       2.3561945    0.005697145109766561

       2.8323568      0.78539816    0.005664940314706711
       2.8323568       2.3561945    0.005664940314706521

        2.882487      0.78539816    0.005632346624194277
        2.882487       2.3561945    0.005632346624194048

       2.9326172      0.78539816    0.005599372848689714
       2.9326172       2.3561945     0.00559937284868948

       2.9827474      0.78539816    0.005566027858717609
       2.9827474       2.3561945    0.005566027858717413

       3.0328776      0.78539816    0.005532320580151409
       3.0328776       2.3561945    0.005532320580151384

       3.0830078      0.78539816    0.005498259989459266
       3.0830078       2.3561945    0.005498259989458997

        3.133138      0.78539816    0.005463855108918431
        3.133138       2.3561945    0.005463855108918459

       3.1832682      0.78539816    0.005429115001809356
       3.1832682       2.3561945    0.005429115001809341

       3.2333984      0.78539816    0.005394048767583532
       3.2333984       2.3561945    0.005394048767583561

       3.2835286      0.78539816    0.005358665537019565
       3.2835286       2.3561945     0.00535866553701923

       3.3336589      0.78539816    0.005322974467363817
       3.3336589       2.3561945    0.005322974467363606

       3.3837891      0.78539816    0.005286984737469994
       3.3837891       2.3561945    0.005286984737469992

       3.4339193      0.78539816    0.005250705542934653
       3.4339193       2.3561945    0.005250705542934594

       3.4840495      0.78539816    0.005214146091238573
       3.4840495       2.3561945    0.005214146091238442

       3.5341797      0.78539816    0.005177315596899296
       3.5341797       2.3561945    0.005177315596899218

       3.5843099      0.78539816     0.00514022327663384
       3.5843099       2.3561945    0.005140223276634058

       3.6344401      0.78539816    0.005102878344549048
       3.6344401       2.3561945    0.005102878344549061

       3.6845703      0.78539816    0.005065290007349839
       3.6845703       2.3561945    0.005065290007349842

       3.7347005      0.78539816    0.005027467459583638
       3.7347005       2.3561945    0.005027467459583559

       3.7848307      0.78539816    0.004989419878920449
       3.7848307       2.3561945    0.004989419878920172

       3.8349609      0.78539816    0.004951156421471908
       3.8349609       2.3561945    0.004951156421472098

       3.8850911      0.78539816    0.004912686217161345
       3.8850911       2.3561945    0.004912686217161247

       3.9352214      0.78539816    0.004874018365141156
       3.9352214       2.3561945    0.004874018365141141

       3.9853516      0.78539816    0.004835161929270887
       3.9853516       2.3561945    0.004835161929271202

       4.0354818      0.78539816    0.004796125933657028
       4.0354818       2.3561945    0.004796125933657146

        4.085612      0.78539816     0.00475691935825908
        4.085612       2.3561945    0.004756919358259159

       4.1357422      0.78539816    0.004717551134568258
       4.1357422       2.3561945    0.004717551134568456

       4.1858724      0.78539816    0.004678030141365295
       4.1858724       2.3561945    0.004678030141365084

       4.2360026      0.78539816    0.004638365200556823
       4.2360026       2.3561945    0.004638365200556801

       4.2861328      0.78539816    0.004598565073099892
       4.2861328       2.3561945    0.004598565073100081

        4.336263      0.78539816    0.004558638455019194
        4.336263       2.3561945     0.00455863845501959

       4.3863932      0.78539816     0.00451859397351494
       4.3863932       2.3561945    0.004518593973515197

       4.4365234      0.78539816     0.00447844018317562
       4.4365234       2.3561945    0.004478440183175668

       4.4866536      0.78539816    0.004438185562289788
       4.4866536       2.3561945    0.004438185562289988

       4.5367839      0.78539816    0.004397838509268322
       4.5367839       2.3561945    0.004397838509268441

       4.5869141      0.78539816    0.004357407339174805
       4.5869141       2.3561945     0.00435740733917481

       4.6370443      0.78539816    0.004316900280372651
       4.6370443       2.3561945    0.004316900280372626

       4.6871745      0.78539816    0.004276325471289161
       4.6871745       2.3561945     0.00427632547128895

       4.7373047      0.78539816    0.004235690957301306
       4.7373047       2.3561945    0.004235690957301234

       4.7874349      0.78539816    0.004195004687743495
       4.7874349       2.3561945    0.004195004687743183

       4.8375651      0.78539816    0.004154274513044174
       4.8375651       2.3561945    0.004154274513044241

       4.8876953      0.78539816    0.004113508181988572
       4.8876953       2.3561945    0.004113508181988491

       4.9378255      0.78539816    0.004072713339116098
       4.9378255       2.3561945    0.004072713339116097

       4.9879557      0.78539816    0.004031897522248423
       4.9879557       2.3561945    0.004031897522248424

       5.0380859      0.78539816    0.003991068160154011
       5.0380859       2.3561945    0.003991068160153865

       5.0882161      0.78539816    0.003950232570348623
       5.0882161       2.3561945    0.003950232570348929

       5.1383464      0.78539816    0.003909397957036618
       5.1383464       2.3561945    0.003909397957036385

       5.1884766      0.78539816    0.003868571409184323
       5.1884766       2.3561945    0.003868571409184203

       5.2386068      0.78539816    0.003827759898743175
       5.2386068       2.3561945    0.003827759898743186

        5.288737      0.78539816    0.003786970279006967
        5.288737       2.3561945    0.003786970279006785

       5.3388672      0.78539816    0.003746209283112257
       5.3388672       2.3561945    0.003746209283112039

       5.3889974      0.78539816    0.003705483522680452
       5.3889974       2.3561945    0.003705483522680302

       5.4391276      0.78539816    0.003664799486600903
       5.4391276       2.3561945    0.003664799486600996

       5.4892578      0.78539816    0.003624163539955385
       5.4892578       2.3561945    0.003624163539954928

        5.539388      0.78539816    0.003583581923082356
        5.539388       2.3561945    0.003583581923082386

       5.5895182      0.78539816    0.003543060750782734
       5.5895182       2.3561945     0.00354306075078253

       5.6396484      0.78539816    0.003502606011662579
       5.6396484       2.3561945    0.003502606011662857

       5.6897786      0.78539816    0.003462223567616349
       5.6897786       2.3561945    0.003462223567616223

       5.7399089      0.78539816    0.003421919153441178
       5.7399089       2.3561945      0.0034219191534409

       5.7900391      0.78539816    0.003381698376593661
       5.7900391       2.3561945    0.003381698376593627

       5.8401693      0.78539816    0.003341566717072237
       5.8401693       2.3561945    0.003341566717072187

       5.8902995      0.78539816    0.003301529527434338
       5.8902995       2.3561945    0.003301529527434277

       5.9404297      0.78539816    0.003261592032943134
       5.9404297       2.3561945    0.003261592032942895

       5.9905599      0.78539816    0.003221759331836405
       5.9905599       2.3561945    0.003221759331836447

       6.0406901      0.78539816    0.003182036395722858
       6.0406901       2.3561945    0.003182036395723031

       6.0908203      0.78539816    0.003142428070098838
       6.0908203       2.3561945    0.003142428070098676

       6.1409505      0.78539816    0.003102939074981876
       6.1409505       2.3561945    0.003102939074981683

       6.1910807      0.78539816    0.003063574005659399
       6.1910807       2.3561945    0.003063574005659283

       6.2412109      0.78539816     0.00302433733354984
       6.2412109       2.3561945    0.003024337333549796

       6.2913411      0.78539816    0.002985233407171896
       6.2913411       2.3561945    0.002985233407171838

       6.3414714      0.78539816    0.002946266453218563
       6.3414714       2.3561945     0.00294626645321828

       6.3916016      0.78539816     0.00290744057773057
       6.3916016       2.3561945    0.002907440577730601

       6.4417318      0.78539816    0.002868759767371732
       6.4417318       2.3561945    0.002868759767371669

        6.491862      0.78539816    0.002830227890790003
        6.491862       2.3561945    0.002830227890790024

       6.5419922      0.78539816    0.002791848700076644
       6.5419922       2.3561945    0.002791848700076715

       6.5921224      0.78539816    0.002753625832304307
       6.5921224       2.3561945    0.002753625832304263

       6.6422526      0.78539816    0.002715562811149049
       6.6422526       2.3561945    0.002715562811148884

       6.6923828      0.78539816    0.002677663048589156
       6.6923828       2.3561945    0.002677663048589144

        6.742513      0.78539816     0.00263992984667456
        6.742513       2.3561945    0.002639929846674376

       6.7926432      0.78539816    0.002602366399367304
       6.7926432       2.3561945      0.0026023663993671

       6.8427734      0.78539816    0.002564975794442035
       6.8427734       2.3561945    0.002564975794442306

       6.8929036      0.78539816    0.002527761015452321
       6.8929036       2.3561945    0.002527761015452206

       6.9430339      0.78539816    0.002490724943741289
       6.9430339       2.3561945    0.002490724943741667

       6.9931641      0.78539816    0.002453870360513136
       6.9931641       2.3561945    0.002453870360513017

       7.0432943      0.78539816    0.002417199948942909
       7.0432943       2.3561945    0.002417199948942808

       7.0934245      0.78539816    0.002380716296332194
       7.0934245       2.3561945    0.002380716296332253

       7.1435547      0.78539816    0.002344421896297633
       7.1435547       2.3561945    0.002344421896297723

       7.1936849      0.78539816    0.002308319150993477
       7.1936849       2.3561945    0.002308319150993503

       7.2438151      0.78539816     0.00227241037336263
       7.2438151       2.3561945    0.002272410373362754

       7.2939453      0.78539816    0.002236697789408528
       7.2939453       2.3561945    0.002236697789408596

       7.3440755      0.78539816    0.002201183540487002
       7.3440755       2.3561945    0.002201183540486712

       7.3942057      0.78539816    0.002165869685611947
       7.3942057       2.3561945    0.002165869685612169

       7.4443359      0.78539816    0.002130758203773096
       7.4443359       2.3561945    0.002130758203773009

       7.4944661      0.78539816    0.002095850996256228
       7.4944661       2.3561945    0.002095850996256159

       7.5445964      0.78539816    0.002061149888965508
       7.5445964       2.3561945    0.002061149888965575

       7.5947266      0.78539816    0.002026656634747744
       7.5947266       2.3561945    0.002026656634747922

       7.6448568      0.78539816    0.001992372915704159
       7.6448568       2.3561945    0.001992372915704346

        7.694987      0.78539816    0.001958300345494008
        7.694987       2.3561945    0.001958300345493841

       7.7451172      0.78539816    0.001924440471626333
       7.7451172       2.3561945    0.001924440471626436

       7.7952474      0.78539816    0.001890794777729949
       7.7952474       2.3561945    0.001890794777729893

       7.8453776      0.78539816    0.001857364685803388
       7.8453776       2.3561945    0.001857364685803261

       7.8955078      0.78539816    0.001824151558439941
       7.8955078       2.3561945    0.001824151558440218

        7.945638      0.78539816    0.001791156701025676
        7.945638       2.3561945    0.001791156701025709

       7.9957682      0.78539816    0.001758381363901389
       7.9957682       2.3561945    0.001758381363901462

       8.0458984      0.78539816    0.001725826744492616
       8.0458984       2.3561945    0.001725826744492932

       8.0960286      0.78539816    0.001693493989404875
       8.0960286       2.3561945    0.001693493989404915

       8.1461589      0.78539816      0.0016613841964701
       8.1461589       2.3561945    0.001661384196469927

       8.1962891      0.78539816    0.001629498416756424
       8.1962891       2.3561945    0.001629498416756395

       8.2464193      0.78539816    0.001597837656532207
       8.2464193       2.3561945    0.001597837656531929

       8.2965495      0.78539816    0.001566402879174628
       8.2965495       2.3561945    0.001566402879174684

       8.3466797      0.78539816    0.001535195007035737
       8.3466797       2.3561945    0.001535195007035558

       8.3968099      0.78539816     0.00150421492325014
       8.3968099       2.3561945    0.001504214923250465

       8.4469401      0.78539816    0.001473463473490924
       8.4469401       2.3561945    0.001473463473491341

       8.4970703      0.78539816    0.001442941467667617
       8.4970703       2.3561945    0.001442941467667916

       8.5472005      0.78539816    0.001412649681565494
       8.5472005       2.3561945    0.001412649681565498

       8.5973307      0.78539816    0.001382588858425311
       8.5973307       2.3561945    0.001382588858425285

       8.6474609      0.78539816    0.001352759710462608
       8.6474609       2.3561945    0.001352759710462998

       8.6975911      0.78539816    0.001323162920324199
       8.6975911       2.3561945    0.001323162920324576

       8.7477214      0.78539816    0.001293799142479439
       8.7477214       2.3561945    0.001293799142479807

       8.7978516      0.78539816    0.001264669004550092
       8.7978516       2.3561945    0.001264669004550209

       8.8479818      0.78539816    0.001235773108573281
       8.8479818       2.3561945     0.00123577310857341

        8.898112      0.78539816    0.001207112032196654
        8.898112       2.3561945     0.00120711203219671

       8.9482422      0.78539816     0.00117868632981262
       8.9482422       2.3561945    0.001178686329812681

       8.9983724      0.78539816    0.001150496533620708
       8.9983724       2.3561945    0.001150496533620957

       9.0485026      0.78539816    0.001122543154626419
       9.0485026       2.3561945    0.001122543154626398

       9.0986328      0.78539816    0.001094826683570368
       9.0986328       2.3561945    0.001094826683570492

        9.148763      0.78539816    0.001067347591795746
        9.148763       2.3561945    0.001067347591795897

       9.1988932      0.78539816    0.001040106332043267
       9.1988932       2.3561945    0.001040106332043126

       9.2490234      0.78539816    0.001013103339184565
       9.2490234       2.3561945    0.001013103339184931

       9.2991536      0.78539816   0.0009863390308888689
       9.2991536       2.3561945   0.0009863390308894088

       9.3492839      0.78539816   0.0009598138082231349
       9.3492839       2.3561945   0.0009598138082234065

       9.3994141      0.78539816   0.0009335280561906085
       9.3994141       2.3561945   0.0009335280561906268

       9.4495443      0.78539816     0.00090748214420507
       9.4495443       2.3561945   0.0009074821442053268

       9.4996745      0.78539816   0.0008816764265014998
       9.4996745       2.3561945    0.000881676426501554

       9.5498047      0.78539816   0.0008561112424880896
       9.5498047       2.3561945   0.0008561112424883388

       9.5999349      0.78539816   0.0008307869170366692
       9.5999349       2.3561945   0.0008307869170368233

       9.6500651      0.78539816   0.0008057037607137579
       9.6500651       2.3561945   0.0008057037607137323

       9.7001953      0.78539816   0.0007808620699578098
       9.7001953       2.3561945   0.0007808620699575152

       9.7503255      0.78539816   0.0007562621271964997
       9.7503255       2.3561945   0.0007562621271967858

       9.8004557      0.78539816   0.0007319042009119442
       9.8004557       2.3561945   0.0007319042009123286

       9.8505859      0.78539816   0.0007077885456537268
       9.8505859       2.3561945   0.0007077885456544154

       9.9007161      0.78539816   0.0006839154020004983
       9.9007161       2.3561945   0.0006839154020005954

       9.9508464      0.78539816   0.0006602849964722567
       9.9508464       2.3561945   0.0006602849964725559

       10.000977      0.78539816   0.0006368975413974134
       10.000977       2.3561945    0.000636897541397946

       10.051107      0.78539816   0.0006137532347322098
       10.051107       2.3561945   0.0006137532347327024

       10.101237      0.78539816   0.0005908522598381586
       10.101237       2.3561945   0.0005908522598380286

       10.151367      0.78539816   0.0005681947852173431
       10.151367       2.3561945   0.0005681947852175766

       10.201497      0.78539816   0.0005457809642141731
       10.201497       2.3561945   0.0005457809642142128

       10.251628      0.78539816    0.000523610934669979
       10.251628       2.3561945    0.000523610934670179

       10.301758      0.78539816   0.0005016848185529322
       10.301758       2.3561945   0.0005016848185532291

       10.351888      0.78539816   0.0004800027215501759
       10.351888       2.3561945   0.0004800027215499252

       10.402018      0.78539816   0.0004585647326288411
       10.402018       2.3561945   0.0004585647326288816

       10.452148      0.78539816   0.0004373709235742351
       10.452148       2.3561945   0.0004373709235741741

       10.502279      0.78539816   0.0004164213484964681
       10.502279       2.3561945   0.0004164213484963813

       10.552409      0.78539816   0.0003957160433168709
       10.552409       2.3561945   0.0003957160433169412

       10.602539      0.78539816   0.0003752550252323081
       10.602539       2.3561945   0.0003752550252323573

       10.652669      0.78539816   0.0003550382921605339
       10.652669       2.3561945   0.0003550382921606057

       10.702799      0.78539816   0.0003350658221683886
       10.702799       2.3561945   0.0003350658221681815

        10.75293      0.78539816    0.000315337572885211
        10.75293       2.3561945   0.0003153375728850888

        10.80306      0.78539816   0.0002958534809064736
        10.80306       2.3561945   0.0002958534809065754

        10.85319      0.78539816   0.0002766134611843892
        10.85319       2.3561945   0.0002766134611845123

        10.90332      0.78539816   0.0002576174064121302
        10.90332       2.3561945    0.000257617406411939

       10.953451      0.78539816   0.0002388651864014095
       10.953451       2.3561945   0.0002388651864011527

       11.003581      0.78539816   0.0002203566474587317
       11.003581       2.3561945   0.0002203566474586714

       11.053711      0.78539816   0.0002020916117588733
       11.053711       2.3561945   0.0002020916117582631

       11.103841      0.78539816   0.0001840698767167204
       11.103841       2.3561945   0.0001840698767166423

       11.153971      0.78539816   0.0001662912143679335
       11.153971       2.3561945   0.0001662912143677747

       11.204102      0.78539816   0.0001487553707478684
       11.204102       2.3561945    0.000148755370748044

       11.254232      0.78539816   0.0001314620652810447
       11.254232       2.3561945   0.0001314620652812045

       11.304362      0.78539816   0.0001144109901767972
       11.304362       2.3561945   0.0001144109901769278

       11.354492      0.78539816   9.760180983843784e-05
       11.354492       2.3561945   9.760180983880153e-05

       11.404622      0.78539816   8.103416028229939e-05
       11.404622       2.3561945   8.103416028257791e-05

       11.454753      0.78539816   6.470764856987772e-05
       11.454753       2.3561945   6.470764857013891e-05

       11.504883      0.78539816   4.862185225831443e-05
       11.504883       2.3561945   4.862185225825456e-05

       11.555013      0.78539816   3.277631886519494e-05
       11.555013       2.3561945   3.277631886519989e-05

       11.605143      0.78539816   1.717056535515133e-05
       11.605143       2.3561945   1.717056535498427e-05

       11.655273      0.78539816   1.804077642470036e-06
       11.655273       2.3561945   1.804077642102564e-06

       11.705404      0.78539816  -1.332368987914623e-05
       11.705404       2.3561945   -1.33236898788271e-05

       11.755534      0.78539816  -2.821331478858492e-05
       11.755534       2.3561945  -2.821331478838108e-05

       11.805664      0.78539816  -4.286540706498962e-05
       11.805664       2.3561945  -4.286540706456635e-05

       11.855794      0.78539816  -5.728060948516106e-05
       11.855794       2.3561945  -5.728060948460281e-05

       11.905924      0.78539816  -7.145959800205774e-05
       11.905924       2.3561945  -7.145959800169644e-05

       11.956055      0.78539816  -8.540308208265558e-05
       11.956055       2.3561945  -8.540308208236062e-05

       12.006185      0.78539816  -9.911180504774543e-05
       12.006185       2.3561945  -9.911180504748735e-05

       12.056315      0.78539816   -0.000112586544495262
       12.056315       2.3561945  -0.0001125865444946677

       12.106445      0.78539816  -0.0001258281109213126
       12.106445       2.3561945  -0.0001258281109209215

       12.156576      0.78539816  -0.0001388373531459639
       12.156576       2.3561945   -0.000138837353144967

       12.206706      0.78539816  -0.0001516151832622913
       12.206706       2.3561945   -0.000151615183262205

       12.256836      0.78539816  -0.0001641622651832009
       12.256836       2.3561945   -0.000164162265183084

       12.306966      0.78539816  -0.0001764799630647798
       12.306966       2.3561945  -0.0001764799630645741

       12.357096      0.78539816  -0.0001885749556284432
       12.357096       2.3561945  -0.0001885749556278361

       12.407227      0.78539816  -0.0002004059929616158
       12.407227       2.3561945  -0.0002004059929611061

       12.457357      0.78539816  -0.0002120403363842086
       12.457357       2.3561945  -0.0002120403363838786

       12.507487      0.78539816  -0.0002242617446548724
       12.507487       2.3561945   -0.000224261744654875

       12.557617      0.78539816  -0.0002306783090037938
       12.557617       2.3561945  -0.0002306783090034607

       12.607747      0.78539816  -0.0002423937458305008
       12.607747       2.3561945  -0.0002423937458301102

       12.657878      0.78539816  -0.0003430501683578349
       12.657878       2.3561945   -0.000343050168357651

       12.708008      0.78539816   5.081878156812499e-05
       12.708008       2.3561945   5.081878156852332e-05

       12.758138      0.78539816  -0.0008870760040742387
       12.758138       2.3561945  -0.0008870760040739471

       12.808268      0.78539816    -0.01313160904622843
       12.808268       2.3561945    -0.01313160904622802

       12.858398      0.78539816     -0.0120476541462045
       12.858398       2.3561945    -0.01204765414620441

       12.908529      0.78539816   -0.007783541120902798
       12.908529       2.3561945   -0.007783541120902753

       12.958659      0.78539816   -0.003818792563772976
       12.958659       2.3561945   -0.003818792563772889

       13.008789      0.78539816  -0.0009133996459567286
       13.008789       2.3561945  -0.0009133996459566386

