# File created on Tue Jul  7 16:46:47 2026
# Data for Inflation GW initial data initial data at coord time 0 and central proper time 0
# Evolved with (264,10,9) gridpoints (including 4 ghosts)
# Evolution with geodesic slicing and constant shift shift condition 
# data for phi = 3.14159
#              r           theta                 phi
#===============================================================
       0.0390625      0.78539816    0.000240871465927252
       0.0390625       2.3561945    0.000240871465927252

       0.1171875      0.78539816   0.0002331133939531063
       0.1171875       2.3561945   0.0002331133939531063

       0.1953125      0.78539816   0.0002189543063142873
       0.1953125       2.3561945   0.0002189543063142873

       0.2734375      0.78539816   0.0002005050090342935
       0.2734375       2.3561945   0.0002005050090342935

       0.3515625      0.78539816   0.0001801497158138419
       0.3515625       2.3561945   0.0001801497158138419

       0.4296875      0.78539816   0.0001599578795642641
       0.4296875       2.3561945   0.0001599578795642641

       0.5078125      0.78539816   0.0001413486967734478
       0.5078125       2.3561945   0.0001413486967734478

       0.5859375      0.78539816   0.0001250373940769636
       0.5859375       2.3561945   0.0001250373940769636

       0.6640625      0.78539816   0.0001111795055545327
       0.6640625       2.3561945   0.0001111795055545327

       0.7421875      0.78539816   9.958816707103485e-05
       0.7421875       2.3561945   9.958816707103485e-05

       0.8203125      0.78539816   8.992750319680445e-05
       0.8203125       2.3561945   8.992750319680445e-05

       0.8984375      0.78539816   8.183992129122635e-05
       0.8984375       2.3561945   8.183992129122635e-05

       0.9765625      0.78539816   7.500885019124168e-05
       0.9765625       2.3561945   7.500885019124168e-05

       1.0546875      0.78539816   6.917785071992451e-05
       1.0546875       2.3561945   6.917785071992451e-05

       1.1328125      0.78539816   6.414766306977978e-05
       1.1328125       2.3561945   6.414766306977978e-05

       1.2109375      0.78539816   5.976560736827883e-05
       1.2109375       2.3561945   5.976560736827883e-05

       1.2890625      0.78539816   5.591447585682675e-05
       1.2890625       2.3561945   5.591447585682675e-05

       1.3671875      0.78539816   5.250341167882737e-05
       1.3671875       2.3561945   5.250341167882737e-05

       1.4453125      0.78539816   4.946108986501896e-05
       1.4453125       2.3561945   4.946108986501896e-05

       1.5234375      0.78539816   4.673078984616299e-05
       1.5234375       2.3561945   4.673078984616299e-05

       1.6015625      0.78539816   4.426685270142428e-05
       1.6015625       2.3561945   4.426685270142428e-05

       1.6796875      0.78539816   4.203211287753894e-05
       1.6796875       2.3561945   4.203211287753894e-05

       1.7578125      0.78539816   3.999601163544978e-05
       1.7578125       2.3561945   3.999601163544978e-05

       1.8359375      0.78539816   3.813319153390209e-05
       1.8359375       2.3561945   3.813319153390209e-05

       1.9140625      0.78539816   3.642243499915607e-05
       1.9140625       2.3561945   3.642243499915607e-05

       1.9921875      0.78539816   3.484585261483921e-05
       1.9921875       2.3561945   3.484585261483921e-05

       2.0703125      0.78539816   3.338825518719641e-05
       2.0703125       2.3561945   3.338825518719641e-05

       2.1484375      0.78539816   3.203666280784746e-05
       2.1484375       2.3561945   3.203666280784746e-05

       2.2265625      0.78539816   3.077991727063378e-05
       2.2265625       2.3561945   3.077991727063378e-05

       2.3046875      0.78539816   2.960837331494141e-05
       2.3046875       2.3561945   2.960837331494141e-05

       2.3828125      0.78539816   2.851365060811739e-05
       2.3828125       2.3561945   2.851365060811739e-05

       2.4609375      0.78539816   2.748843296653025e-05
       2.4609375       2.3561945   2.748843296653025e-05

       2.5390625      0.78539816   2.652630464409769e-05
       2.5390625       2.3561945   2.652630464409769e-05

       2.6171875      0.78539816    2.56216159410291e-05
       2.6171875       2.3561945    2.56216159410291e-05

       2.6953125      0.78539816   2.476937218450149e-05
       2.6953125       2.3561945   2.476937218450149e-05

       2.7734375      0.78539816   2.396514147306401e-05
       2.7734375       2.3561945   2.396514147306401e-05

       2.8515625      0.78539816   2.320497758540217e-05
       2.8515625       2.3561945   2.320497758540217e-05

       2.9296875      0.78539816   2.248535522471014e-05
       2.9296875       2.3561945   2.248535522471014e-05

       3.0078125      0.78539816   2.180311535360119e-05
       3.0078125       2.3561945   2.180311535360119e-05

       3.0859375      0.78539816   2.115541883250915e-05
       3.0859375       2.3561945   2.115541883250915e-05

       3.1640625      0.78539816   2.053970692754252e-05
       3.1640625       2.3561945   2.053970692754252e-05

       3.2421875      0.78539816   1.995366752639241e-05
       3.2421875       2.3561945   1.995366752639241e-05

       3.3203125      0.78539816   1.939520612446934e-05
       3.3203125       2.3561945   1.939520612446934e-05

       3.3984375      0.78539816   1.886242081306781e-05
       3.3984375       2.3561945   1.886242081306781e-05

       3.4765625      0.78539816   1.835358063967617e-05
       3.4765625       2.3561945   1.835358063967617e-05

       3.5546875      0.78539816   1.786710682156056e-05
       3.5546875       2.3561945   1.786710682156056e-05

       3.6328125      0.78539816   1.740155638389259e-05
       3.6328125       2.3561945   1.740155638389259e-05

       3.7109375      0.78539816   1.695560786384938e-05
       3.7109375       2.3561945   1.695560786384938e-05

       3.7890625      0.78539816   1.652804878450364e-05
       3.7890625       2.3561945   1.652804878450364e-05

       3.8671875      0.78539816   1.611776464561536e-05
       3.8671875       2.3561945   1.611776464561536e-05

       3.9453125      0.78539816   1.572372922328644e-05
       3.9453125       2.3561945   1.572372922328644e-05

       4.0234375      0.78539816   1.534499599974597e-05
       4.0234375       2.3561945   1.534499599974597e-05

       4.1015625      0.78539816   1.498069057184366e-05
       4.1015625       2.3561945   1.498069057184366e-05

       4.1796875      0.78539816   1.463000391191745e-05
       4.1796875       2.3561945   1.463000391191745e-05

       4.2578125      0.78539816   1.429218637002107e-05
       4.2578125       2.3561945   1.429218637002107e-05

       4.3359375      0.78539816   1.396654232425977e-05
       4.3359375       2.3561945   1.396654232425977e-05

       4.4140625      0.78539816   1.365242540019164e-05
       4.4140625       2.3561945   1.365242540019164e-05

       4.4921875      0.78539816   1.334923418780138e-05
       4.4921875       2.3561945   1.334923418780138e-05

       4.5703125      0.78539816   1.305640839920682e-05
       4.5703125       2.3561945   1.305640839920682e-05

       4.6484375      0.78539816   1.277342541225682e-05
       4.6484375       2.3561945   1.277342541225682e-05

       4.7265625      0.78539816   1.249979715805695e-05
       4.7265625       2.3561945   1.249979715805695e-05

       4.8046875      0.78539816    1.22350673120134e-05
       4.8046875       2.3561945    1.22350673120134e-05

       4.8828125      0.78539816   1.197880875398029e-05
       4.8828125       2.3561945   1.197880875398029e-05

       4.9609375      0.78539816   1.173062126864655e-05
       4.9609375       2.3561945   1.173062126864655e-05

       5.0390625      0.78539816    1.14901294601845e-05
       5.0390625       2.3561945    1.14901294601845e-05

       5.1171875      0.78539816   1.125698085762506e-05
       5.1171875       2.3561945   1.125698085762506e-05

       5.1953125      0.78539816   1.103084419097656e-05
       5.1953125       2.3561945   1.103084419097656e-05

       5.2734375      0.78539816   1.081140782076874e-05
       5.2734375       2.3561945   1.081140782076874e-05

       5.3515625      0.78539816   1.059837830570179e-05
       5.3515625       2.3561945   1.059837830570179e-05

       5.4296875      0.78539816   1.039147909285806e-05
       5.4296875       2.3561945   1.039147909285806e-05

       5.5078125      0.78539816   1.019044932004099e-05
       5.5078125       2.3561945   1.019044932004099e-05

       5.5859375      0.78539816   9.995042718695648e-06
       5.5859375       2.3561945   9.995042718695648e-06

       5.6640625      0.78539816   9.805026607641205e-06
       5.6640625       2.3561945   9.805026607641205e-06

       5.7421875      0.78539816    9.62018096806818e-06
       5.7421875       2.3561945    9.62018096806818e-06

       5.8203125      0.78539816   9.440297594693559e-06
       5.8203125       2.3561945   9.440297594693559e-06

       5.8984375      0.78539816   9.265179312638216e-06
       5.8984375       2.3561945   9.265179312638216e-06

       5.9765625      0.78539816   9.094639256696207e-06
       5.9765625       2.3561945   9.094639256696207e-06

       6.0546875      0.78539816   8.928500206556918e-06
       6.0546875       2.3561945   8.928500206556918e-06

       6.1328125      0.78539816   8.766593971763093e-06
       6.1328125       2.3561945   8.766593971763093e-06

       6.2109375      0.78539816   8.608760824406526e-06
       6.2109375       2.3561945   8.608760824406526e-06

       6.2890625      0.78539816   8.454848973566407e-06
       6.2890625       2.3561945   8.454848973566407e-06

       6.3671875      0.78539816   8.304714077715766e-06
       6.3671875       2.3561945   8.304714077715766e-06

       6.4453125      0.78539816   8.158218793985888e-06
       6.4453125       2.3561945   8.158218793985888e-06

       6.5234375      0.78539816   8.015232358515731e-06
       6.5234375       2.3561945   8.015232358515731e-06

       6.6015625      0.78539816   7.875630197664381e-06
       6.6015625       2.3561945   7.875630197664381e-06

       6.6796875      0.78539816   7.739293565423735e-06
       6.6796875       2.3561945   7.739293565423735e-06

       6.7578125      0.78539816   7.606109207475598e-06
       6.7578125       2.3561945   7.606109207475598e-06

       6.8359375      0.78539816   7.475969046120119e-06
       6.8359375       2.3561945   7.475969046120119e-06

       6.9140625      0.78539816   7.348769888962212e-06
       6.9140625       2.3561945   7.348769888962212e-06

       6.9921875      0.78539816   7.224413155360844e-06
       6.9921875       2.3561945   7.224413155360844e-06

       7.0703125      0.78539816   7.102804621973516e-06
       7.0703125       2.3561945   7.102804621973516e-06

       7.1484375      0.78539816   6.983854184287366e-06
       7.1484375       2.3561945   6.983854184287366e-06

       7.2265625      0.78539816   6.867475634136946e-06
       7.2265625       2.3561945   6.867475634136946e-06

       7.3046875      0.78539816   6.753586451654403e-06
       7.3046875       2.3561945   6.753586451654403e-06

       7.3828125      0.78539816    6.64210760965372e-06
       7.3828125       2.3561945    6.64210760965372e-06

       7.4609375      0.78539816   6.532963391115168e-06
       7.4609375       2.3561945   6.532963391115168e-06

       7.5390625      0.78539816   6.426081217327528e-06
       7.5390625       2.3561945   6.426081217327528e-06

       7.6171875      0.78539816   6.321391487354245e-06
       7.6171875       2.3561945   6.321391487354245e-06

       7.6953125      0.78539816   6.218827426381037e-06
       7.6953125       2.3561945   6.218827426381037e-06

       7.7734375      0.78539816   6.118324944499322e-06
       7.7734375       2.3561945   6.118324944499322e-06

       7.8515625      0.78539816   6.019822502150714e-06
       7.8515625       2.3561945   6.019822502150714e-06

       7.9296875      0.78539816   5.923260985119181e-06
       7.9296875       2.3561945   5.923260985119181e-06

       8.0078125      0.78539816   5.828583586184324e-06
       8.0078125       2.3561945   5.828583586184324e-06

       8.0859375      0.78539816   5.735735693435778e-06
       8.0859375       2.3561945   5.735735693435778e-06

       8.1640625      0.78539816   5.644664785470808e-06
       8.1640625       2.3561945   5.644664785470808e-06

       8.2421875      0.78539816   5.555320332142838e-06
       8.2421875       2.3561945   5.555320332142838e-06

       8.3203125      0.78539816   5.467653701305021e-06
       8.3203125       2.3561945   5.467653701305021e-06

       8.3984375      0.78539816   5.381618069994548e-06
       8.3984375       2.3561945   5.381618069994548e-06

       8.4765625      0.78539816   5.297168341834064e-06
       8.4765625       2.3561945   5.297168341834064e-06

       8.5546875      0.78539816   5.214261067541579e-06
       8.5546875       2.3561945   5.214261067541579e-06

       8.6328125      0.78539816   5.132854370547286e-06
       8.6328125       2.3561945   5.132854370547286e-06

       8.7109375      0.78539816   5.052907877051152e-06
       8.7109375       2.3561945   5.052907877051152e-06

       8.7890625      0.78539816   4.974382648300858e-06
       8.7890625       2.3561945   4.974382648300858e-06

       8.8671875      0.78539816   4.897241117976667e-06
       8.8671875       2.3561945   4.897241117976667e-06

       8.9453125      0.78539816   4.821447032240729e-06
       8.9453125       2.3561945   4.821447032240729e-06

       9.0234375      0.78539816   4.746965392450853e-06
       9.0234375       2.3561945   4.746965392450853e-06

       9.1015625      0.78539816   4.673762402093031e-06
       9.1015625       2.3561945   4.673762402093031e-06

       9.1796875      0.78539816   4.601805414824128e-06
       9.1796875       2.3561945   4.601805414824128e-06

       9.2578125      0.78539816   4.531062886511297e-06
       9.2578125       2.3561945   4.531062886511297e-06

       9.3359375      0.78539816   4.461504328603604e-06
       9.3359375       2.3561945   4.461504328603604e-06

       9.4140625      0.78539816   4.393100264834261e-06
       9.4140625       2.3561945   4.393100264834261e-06

       9.4921875      0.78539816   4.325822189255073e-06
       9.4921875       2.3561945   4.325822189255073e-06

       9.5703125      0.78539816   4.259642526935368e-06
       9.5703125       2.3561945   4.259642526935368e-06

       9.6484375      0.78539816   4.194534595771104e-06
       9.6484375       2.3561945   4.194534595771104e-06

       9.7265625      0.78539816   4.130472570958467e-06
       9.7265625       2.3561945   4.130472570958467e-06

       9.8046875      0.78539816   4.067431450799688e-06
       9.8046875       2.3561945   4.067431450799688e-06

       9.8828125      0.78539816   4.005387024507233e-06
       9.8828125       2.3561945   4.005387024507233e-06

       9.9609375      0.78539816   3.944315840229995e-06
       9.9609375       2.3561945   3.944315840229995e-06

       10.039062      0.78539816   3.884195176632164e-06
       10.039062       2.3561945   3.884195176632164e-06

       10.117188      0.78539816   3.825003014027977e-06
       10.117188       2.3561945   3.825003014027977e-06

       10.195312      0.78539816   3.766718007514847e-06
       10.195312       2.3561945   3.766718007514847e-06

       10.273438      0.78539816   3.709319461660756e-06
       10.273438       2.3561945   3.709319461660756e-06

       10.351562      0.78539816   3.652787305635738e-06
       10.351562       2.3561945   3.652787305635738e-06

       10.429688      0.78539816    3.59710207011967e-06
       10.429688       2.3561945    3.59710207011967e-06

       10.507812      0.78539816   3.542244864876186e-06
       10.507812       2.3561945   3.542244864876186e-06

       10.585938      0.78539816   3.488197357214743e-06
       10.585938       2.3561945   3.488197357214743e-06

       10.664062      0.78539816   3.434941751562894e-06
       10.664062       2.3561945   3.434941751562894e-06

       10.742188      0.78539816   3.382460770148759e-06
       10.742188       2.3561945   3.382460770148759e-06

       10.820312      0.78539816   3.330737634127567e-06
       10.820312       2.3561945   3.330737634127567e-06

       10.898438      0.78539816   3.279756045818408e-06
       10.898438       2.3561945   3.279756045818408e-06

       10.976562      0.78539816   3.229500171385058e-06
       10.976562       2.3561945   3.229500171385058e-06

       11.054688      0.78539816   3.179954625071092e-06
       11.054688       2.3561945   3.179954625071092e-06

       11.132812      0.78539816   3.131104452324776e-06
       11.132812       2.3561945   3.131104452324776e-06

       11.210938      0.78539816   3.082935115810505e-06
       11.210938       2.3561945   3.082935115810505e-06

       11.289062      0.78539816   3.035432480754112e-06
       11.289062       2.3561945   3.035432480754112e-06

       11.367188      0.78539816   2.988582800732242e-06
       11.367188       2.3561945   2.988582800732242e-06

       11.445312      0.78539816   2.942372704571948e-06
       11.445312       2.3561945   2.942372704571948e-06

       11.523438      0.78539816   2.896789183916398e-06
       11.523438       2.3561945   2.896789183916398e-06

       11.601562      0.78539816    2.85181958056854e-06
       11.601562       2.3561945    2.85181958056854e-06

       11.679688      0.78539816   2.807451575389056e-06
       11.679688       2.3561945   2.807451575389056e-06

       11.757812      0.78539816   2.763673176306141e-06
       11.757812       2.3561945   2.763673176306141e-06

       11.835938      0.78539816   2.720472708101622e-06
       11.835938       2.3561945   2.720472708101622e-06

       11.914062      0.78539816   2.677838801530939e-06
       11.914062       2.3561945   2.677838801530939e-06

       11.992188      0.78539816   2.635760383775383e-06
       11.992188       2.3561945   2.635760383775383e-06

       12.070312      0.78539816   2.594226668672286e-06
       12.070312       2.3561945   2.594226668672286e-06

       12.148438      0.78539816   2.553227147611331e-06
       12.148438       2.3561945   2.553227147611331e-06

       12.226562      0.78539816   2.512751580430866e-06
       12.226562       2.3561945   2.512751580430866e-06

       12.304688      0.78539816   2.472789987202379e-06
       12.304688       2.3561945   2.472789987202379e-06

       12.382812      0.78539816   2.433332639570882e-06
       12.382812       2.3561945   2.433332639570882e-06

       12.460938      0.78539816   2.394370053427565e-06
       12.460938       2.3561945   2.394370053427565e-06

       12.539062      0.78539816   2.355892980916295e-06
       12.539062       2.3561945   2.355892980916295e-06

       12.617188      0.78539816   2.317892403106258e-06
       12.617188       2.3561945   2.317892403106258e-06

       12.695312      0.78539816   2.280359523330721e-06
       12.695312       2.3561945   2.280359523330721e-06

       12.773438      0.78539816   2.243285759859663e-06
       12.773438       2.3561945   2.243285759859663e-06

       12.851562      0.78539816    2.20666273990466e-06
       12.851562       2.3561945    2.20666273990466e-06

       12.929688      0.78539816   2.170482292957643e-06
       12.929688       2.3561945   2.170482292957643e-06

       13.007812      0.78539816    2.13473644457373e-06
       13.007812       2.3561945    2.13473644457373e-06

       13.085938      0.78539816   2.099417411042244e-06
       13.085938       2.3561945   2.099417411042244e-06

       13.164062      0.78539816   2.064517593391582e-06
       13.164062       2.3561945   2.064517593391582e-06

       13.242188      0.78539816   2.030029571838179e-06
       13.242188       2.3561945   2.030029571838179e-06

       13.320312      0.78539816   1.995946100679557e-06
       13.320312       2.3561945   1.995946100679557e-06

       13.398438      0.78539816   1.962260103187365e-06
       13.398438       2.3561945   1.962260103187365e-06

       13.476562      0.78539816   1.928964666944507e-06
       13.476562       2.3561945   1.928964666944507e-06

       13.554688      0.78539816   1.896053038738186e-06
       13.554688       2.3561945   1.896053038738186e-06

       13.632812      0.78539816   1.863518620119069e-06
       13.632812       2.3561945   1.863518620119069e-06

       13.710938      0.78539816   1.831354962960455e-06
       13.710938       2.3561945   1.831354962960455e-06

       13.789062      0.78539816   1.799555765461528e-06
       13.789062       2.3561945   1.799555765461528e-06

       13.867188      0.78539816   1.768114867928561e-06
       13.867188       2.3561945   1.768114867928561e-06

       13.945312      0.78539816   1.737026248334081e-06
       13.945312       2.3561945   1.737026248334081e-06

       14.023438      0.78539816   1.706284018986246e-06
       14.023438       2.3561945   1.706284018986246e-06

       14.101562      0.78539816   1.675882422976178e-06
       14.101562       2.3561945   1.675882422976178e-06

       14.179688      0.78539816   1.645815829737119e-06
       14.179688       2.3561945   1.645815829737119e-06

       14.257812      0.78539816   1.616078732601985e-06
       14.257812       2.3561945   1.616078732601985e-06

       14.335938      0.78539816   1.586665744584557e-06
       14.335938       2.3561945   1.586665744584557e-06

       14.414062      0.78539816   1.557571595714989e-06
       14.414062       2.3561945   1.557571595714989e-06

       14.492188      0.78539816   1.528791129487134e-06
       14.492188       2.3561945   1.528791129487134e-06

       14.570312      0.78539816   1.500319300194043e-06
       14.570312       2.3561945   1.500319300194043e-06

       14.648438      0.78539816   1.472151169597335e-06
       14.648438       2.3561945   1.472151169597335e-06

       14.726562      0.78539816   1.444281904262695e-06
       14.726562       2.3561945   1.444281904262695e-06

       14.804688      0.78539816   1.416706772895372e-06
       14.804688       2.3561945   1.416706772895372e-06

       14.882812      0.78539816   1.389421143675674e-06
       14.882812       2.3561945   1.389421143675674e-06

       14.960938      0.78539816   1.362420480928335e-06
       14.960938       2.3561945   1.362420480928335e-06

       15.039062      0.78539816   1.335700344012314e-06
       15.039062       2.3561945   1.335700344012314e-06

       15.117188      0.78539816   1.309256383546073e-06
       15.117188       2.3561945   1.309256383546073e-06

       15.195312      0.78539816    1.28308433963124e-06
       15.195312       2.3561945    1.28308433963124e-06

       15.273438      0.78539816   1.257180039632196e-06
       15.273438       2.3561945   1.257180039632196e-06

       15.351562      0.78539816    1.23153939595565e-06
       15.351562       2.3561945    1.23153939595565e-06

       15.429688      0.78539816   1.206158403830219e-06
       15.429688       2.3561945   1.206158403830219e-06

       15.507812      0.78539816   1.181033138863961e-06
       15.507812       2.3561945   1.181033138863961e-06

       15.585938      0.78539816    1.15615975571213e-06
       15.585938       2.3561945    1.15615975571213e-06

       15.664062      0.78539816   1.131534485412661e-06
       15.664062       2.3561945   1.131534485412661e-06

       15.742188      0.78539816   1.107153634053928e-06
       15.742188       2.3561945   1.107153634053928e-06

       15.820312      0.78539816   1.083013580776354e-06
       15.820312       2.3561945   1.083013580776354e-06

       15.898438      0.78539816   1.059110775551997e-06
       15.898438       2.3561945   1.059110775551997e-06

       15.976562      0.78539816   1.035441738074334e-06
       15.976562       2.3561945   1.035441738074334e-06

       16.054688      0.78539816   1.012003055537842e-06
       16.054688       2.3561945   1.012003055537842e-06

       16.132812      0.78539816   9.887913815277849e-07
       16.132812       2.3561945   9.887913815277849e-07

       16.210938      0.78539816    9.65803434021836e-07
       16.210938       2.3561945    9.65803434021836e-07

       16.289062      0.78539816   9.430359938357775e-07
       16.289062       2.3561945   9.430359938357775e-07

       16.367188      0.78539816   9.204859035132953e-07
       16.367188       2.3561945   9.204859035132953e-07

       16.445312      0.78539816   8.981500653275918e-07
       16.445312       2.3561945   8.981500653275918e-07

       16.523438      0.78539816   8.760254401711786e-07
       16.523438       2.3561945   8.760254401711786e-07

       16.601562      0.78539816   8.541090462236218e-07
       16.601562       2.3561945   8.541090462236218e-07

       16.679688      0.78539816   8.323979576192888e-07
       16.679688       2.3561945   8.323979576192888e-07

       16.757812      0.78539816   8.108893028930496e-07
       16.757812       2.3561945   8.108893028930496e-07

       16.835938      0.78539816   7.895802640921101e-07
       16.835938       2.3561945   7.895802640921101e-07

       16.914062      0.78539816    7.68468074999669e-07
       16.914062       2.3561945    7.68468074999669e-07

       16.992188      0.78539816   7.475500206908391e-07
       16.992188       2.3561945   7.475500206908391e-07

       17.070312      0.78539816   7.268234355342586e-07
       17.070312       2.3561945   7.268234355342586e-07

       17.148438      0.78539816   7.062857025259677e-07
       17.148438       2.3561945   7.062857025259677e-07

       17.226562      0.78539816   6.859342524012409e-07
       17.226562       2.3561945   6.859342524012409e-07

       17.304688      0.78539816   6.657665623023301e-07
       17.304688       2.3561945   6.657665623023301e-07

       17.382812      0.78539816   6.457801544462072e-07
       17.382812       2.3561945   6.457801544462072e-07

       17.460938      0.78539816   6.259725954584396e-07
       17.460938       2.3561945   6.259725954584396e-07

       17.539062      0.78539816   6.063414952629767e-07
       17.539062       2.3561945   6.063414952629767e-07

       17.617188      0.78539816   5.868845064160252e-07
       17.617188       2.3561945   5.868845064160252e-07

       17.695312      0.78539816   5.675993229958349e-07
       17.695312       2.3561945   5.675993229958349e-07

       17.773438      0.78539816   5.484836792704397e-07
       17.773438       2.3561945   5.484836792704397e-07

       17.851562      0.78539816   5.295353492535767e-07
       17.851562       2.3561945   5.295353492535767e-07

       17.929688      0.78539816   5.107521460385597e-07
       17.929688       2.3561945   5.107521460385597e-07

       18.007812      0.78539816   4.921319202439759e-07
       18.007812       2.3561945   4.921319202439759e-07

       18.085938      0.78539816    4.73672560013692e-07
       18.085938       2.3561945    4.73672560013692e-07

       18.164062      0.78539816   4.553719896845949e-07
       18.164062       2.3561945   4.553719896845949e-07

       18.242188      0.78539816   4.372281691204645e-07
       18.242188       2.3561945   4.372281691204645e-07

       18.320312      0.78539816   4.192390930458463e-07
       18.320312       2.3561945   4.192390930458463e-07

       18.398438      0.78539816    4.01402789935836e-07
       18.398438       2.3561945    4.01402789935836e-07

       18.476562      0.78539816    3.83717322238129e-07
       18.476562       2.3561945    3.83717322238129e-07

       18.554688      0.78539816   3.661807843746265e-07
       18.554688       2.3561945   3.661807843746265e-07

       18.632812      0.78539816   3.487913031855298e-07
       18.632812       2.3561945   3.487913031855298e-07

       18.710938      0.78539816   3.315470365970789e-07
       18.710938       2.3561945   3.315470365970789e-07

       18.789062      0.78539816   3.144461731774688e-07
       18.789062       2.3561945   3.144461731774688e-07

       18.867188      0.78539816   2.974869314707212e-07
       18.867188       2.3561945   2.974869314707212e-07

       18.945312      0.78539816   2.806675595526002e-07
       18.945312       2.3561945   2.806675595526002e-07

       19.023438      0.78539816   2.639863341424396e-07
       19.023438       2.3561945   2.639863341424396e-07

       19.101562      0.78539816   2.474415601590581e-07
       19.101562       2.3561945   2.474415601590581e-07

       19.179688      0.78539816   2.310315702766752e-07
       19.179688       2.3561945   2.310315702766752e-07

       19.257812      0.78539816   2.147547240367376e-07
       19.257812       2.3561945   2.147547240367376e-07

       19.335938      0.78539816   1.986094076258785e-07
       19.335938       2.3561945   1.986094076258785e-07

       19.414062      0.78539816   1.825940329877444e-07
       19.414062       2.3561945   1.825940329877444e-07

       19.492188      0.78539816   1.667070380450431e-07
       19.492188       2.3561945   1.667070380450431e-07

       19.570312      0.78539816   1.509468851452364e-07
       19.570312       2.3561945   1.509468851452364e-07

       19.648438      0.78539816   1.353120610605437e-07
       19.648438       2.3561945   1.353120610605437e-07

       19.726562      0.78539816   1.198010769879458e-07
       19.726562       2.3561945   1.198010769879458e-07

       19.804688      0.78539816   1.044124672169211e-07
       19.804688       2.3561945   1.044124672169211e-07

       19.882812      0.78539816   8.914478935149437e-08
       19.882812       2.3561945   8.914478935149437e-08

       19.960938      0.78539816   7.399662342206108e-08
       19.960938       2.3561945   7.399662342206108e-08

       20.039062      0.78539816   5.896657166334684e-08
       20.039062       2.3561945   5.896657166334684e-08

       20.117188      0.78539816   4.405325784827677e-08
       20.117188       2.3561945   4.405325784827677e-08

       20.195312      0.78539816   2.925532728797868e-08
       20.195312       2.3561945   2.925532728797868e-08

       20.273438      0.78539816   1.457144616565253e-08
       20.273438       2.3561945   1.457144616565253e-08

