# File created on Wed Jul  8 11:31:12 2026
# ======================================== 
# = Running code assuming AXISYMMETRY    = 
# ======================================== 
# Data for Inflation GW initial data initial data at coord. time 0.0377973 and proper central time 0.0377973
# Evolved with (264,10,9) gridpoints (including 4 ghosts)
# Evolution with geodesic slicing and constant shift
# using eighth-order spatial differencing with 4 ghost zones 
# data 1 at theta = 0 and phi = 3.14159
# data 2 at theta = 1.5708 and phi = 3.14159
#                      r                     phi                     phi
#                               (     0,3.14159)        (1.5708,3.14159)
#========================================================================
     -0.1754557291666667   0.0003567991770902638   0.0003567991770902708
     -0.1253255208333333   0.0003569067584336069   0.0003569067584336005
           -0.0751953125   0.0003569784972934717   0.0003569784972934824
    -0.02506510416666667   0.0003570143721144032   0.0003570143721144874
     0.02506510416666667   0.0003570143721145716   0.0003570143721144874
            0.0751953125   0.0003569784972934931   0.0003569784972934824
      0.1253255208333333    0.000356906758433594   0.0003569067584336005
      0.1754557291666667   0.0003567991770902779   0.0003567991770902708
            0.2255859375   0.0003566557855845714   0.0003566557855845883
      0.2757161458333334   0.0003564766269835473   0.0003564766269836257
      0.3258463541666667   0.0003562617550786749   0.0003562617550787531
            0.3759765625    0.000356011234357063   0.0003560112343570794
      0.4261067708333334   0.0003557251399667349   0.0003557251399667381
      0.4762369791666667   0.0003554035576776303   0.0003554035576775814
            0.5263671875   0.0003550465838353768   0.0003550465838353568
      0.5764973958333334   0.0003546543253106179   0.0003546543253107622
      0.6266276041666667   0.0003542268994430865    0.000354226899443099
            0.6767578125   0.0003537644339767727   0.0003537644339768257
      0.7268880208333334   0.0003532670669953188   0.0003532670669953567
      0.7770182291666667   0.0003527349468463813   0.0003527349468463743
            0.8271484375   0.0003521682320635801     0.00035216823206358
      0.8772786458333334   0.0003515670912826103   0.0003515670912826118
      0.9274088541666667   0.0003509317031507596   0.0003509317031507629
            0.9775390625   0.0003502622562324735   0.0003502622562324087
       1.027669270833333    0.000349558948908464   0.0003495589489084426
       1.077799479166667   0.0003488219892708329   0.0003488219892707674
            1.1279296875   0.0003480515950115682   0.0003480515950114467
       1.178059895833333   0.0003472479933066106   0.0003472479933066062
       1.228190104166667   0.0003464114206953759   0.0003464114206953022
            1.2783203125    0.000345542122953451   0.0003455421229535548
       1.328450520833333   0.0003446403549631372   0.0003446403549632164
       1.378580729166667   0.0003437063805762499    0.000343706380576235
            1.4287109375   0.0003427404724735615   0.0003427404724735582
       1.478841145833333   0.0003417429120195387   0.0003417429120195456
       1.528971354166667   0.0003407139891120653   0.0003407139891121366
            1.5791015625   0.0003396540020282147    0.000339654002028236
       1.629231770833333   0.0003385632572641743   0.0003385632572641676
       1.679361979166667    0.000337442069372611    0.000337442069372611
            1.7294921875   0.0003362907607945426   0.0003362907607945473
       1.779622395833333    0.000335109661687437     0.00033510966168743
       1.829752604166667   0.0003338991097496347   0.0003338991097495633
            1.8798828125   0.0003326594500395551   0.0003326594500395325
       1.930013020833333   0.0003313910347933361   0.0003313910347933559
       1.980143229166667   0.0003300942232369263   0.0003300942232368665
            2.0302734375   0.0003287693813949285   0.0003287693813947606
       2.080403645833333   0.0003274168818965832   0.0003274168818964427
       2.130533854166667   0.0003260371037787009    0.000326037103778688
            2.1806640625   0.0003246304322850228   0.0003246304322851059
       2.230794270833333   0.0003231972586619812   0.0003231972586619142
       2.280924479166667   0.0003217379799525037   0.0003217379799523933
            2.3310546875   0.0003202529987872801   0.0003202529987873028
       2.381184895833333    0.000318742723173316   0.0003187427231733011
       2.431315104166667   0.0003172075662798126   0.0003172075662796651
            2.4814453125    0.000315647946221666   0.0003156479462216873
       2.531575520833333   0.0003140642858428775   0.0003140642858429271
       2.581705729166667   0.0003124570124949613     0.00031245701249495
            2.6318359375   0.0003108265578161881    0.000310826557816198
       2.681966145833333   0.0003091733575090672   0.0003091733575090541
       2.732096354166667   0.0003074978511155093   0.0003074978511153655
            2.7822265625   0.0003058004817918012   0.0003058004817917592
       2.832356770833333   0.0003040816960821937   0.0003040816960822071
       2.882486979166667   0.0003023419436921979   0.0003023419436921978
            2.9326171875   0.0003005816772610485   0.0003005816772610401
       2.982747395833333   0.0002988013521335355   0.0002988013521335472
       3.032877604166667    0.000297001426132183   0.0002970014261323234
            3.0830078125   0.0002951823593307372   0.0002951823593308426
       3.133138020833333   0.0002933446138244508   0.0002933446138244746
       3.183268229166667    0.000291488653503704   0.0002914886535036911
            3.2333984375   0.0002896149438282108   0.0002896149438282324
       3.283528645833333   0.0002877239516009757   0.0002877239516010478
       3.333658854166667   0.0002858161447430061   0.0002858161447430121
            3.3837890625   0.0002838919920708085   0.0002838919920708094
       3.433919270833333   0.0002819519630736881   0.0002819519630736456
       3.484049479166667   0.0002799965276940169   0.0002799965276939298
            3.5341796875   0.0002780261561084205   0.0002780261561083637
       3.584309895833333   0.0002760413185110199   0.0002760413185110218
       3.634440104166667   0.0002740424848993423    0.000274042484899343
            3.6845703125   0.0002720301248625638   0.0002720301248625695
       3.734700520833333   0.0002700047073713852   0.0002700047073713331
       3.784830729166667    0.000267966700571371   0.0002679667005713261
            3.8349609375   0.0002659165715796736   0.0002659165715796591
       3.885091145833333   0.0002638547862838931   0.0002638547862838194
       3.935221354166667   0.0002617818091439078   0.0002617818091438972
            3.9853515625   0.0002596981029989184    0.000259698102998979
       4.035481770833334    0.000257604128875614   0.0002576041288756996
       4.085611979166667   0.0002555003458016847   0.0002555003458017269
            4.1357421875   0.0002533872106224729   0.0002533872106224673
       4.185872395833334   0.0002512651778218101   0.0002512651778218066
       4.236002604166667   0.0002491346993471605    0.000249134699347154
            4.2861328125   0.0002469962244382299    0.000246996224438349
       4.336263020833334   0.0002448501994610683   0.0002448501994611918
       4.386393229166667   0.0002426970677454466   0.0002426970677454684
            4.4365234375   0.0002405372694274693   0.0002405372694275006
       4.486653645833334   0.0002383712412970483   0.0002383712412971961
       4.536783854166667   0.0002361994166498048   0.0002361994166498882
            4.5869140625   0.0002340222251433655   0.0002340222251433752
       4.637044270833334   0.0002318400926593703   0.0002318400926593623
       4.687174479166667   0.0002296534411704285   0.0002296534411704348
            4.7373046875   0.0002274626886118143   0.0002274626886117858
       4.787434895833334   0.0002252682487583363   0.0002252682487582708
       4.837565104166667   0.0002230705311065916   0.0002230705311066566
            4.8876953125   0.0002208699407624415   0.0002208699407623943
       4.937825520833334   0.0002186668783329411    0.000218666878332952
       4.987955729166667   0.0002164617398254317   0.0002164617398254577
            5.0380859375   0.0002142549165499856   0.0002142549165498907
       5.088216145833334   0.0002120467950279887   0.0002120467950279196
       5.138346354166667   0.0002098377569070352   0.0002098377569070313
            5.1884765625    0.000207628178879529   0.0002076281788794614
       5.238606770833334   0.0002054184326065511   0.0002054184326065637
       5.288736979166667   0.0002032088846491775   0.0002032088846492277
            5.3388671875   0.0002009998964033241   0.0002009998964033311
       5.388997395833334   0.0001987918240399561   0.0001987918240400321
       5.439127604166667   0.0001965850184512296    0.000196585018451306
            5.4892578125   0.0001943798252013228   0.0001943798252013295
       5.539388020833334   0.0001921765844823502    0.000192176584482399
       5.589518229166667   0.0001899756310759874   0.0001899756310760071
            5.6396484375   0.0001877772943195738   0.0001877772943194814
       5.689778645833334   0.0001855818980771396   0.0001855818980770687
       5.739908854166667   0.0001833897607156877   0.0001833897607156798
            5.7900390625   0.0001812011950866005   0.0001812011950866005
       5.840169270833334   0.0001790165085100115   0.0001790165085100083
       5.890299479166667   0.0001768360027661886   0.0001768360027661785
            5.9404296875   0.0001746599740901609   0.0001746599740901769
       5.990559895833334   0.0001724887131707537   0.0001724887131708228
       6.040690104166667   0.0001703225051543414   0.0001703225051543462
            6.0908203125   0.0001681616296524199   0.0001681616296523534
       6.140950520833334   0.0001660063607535594   0.0001660063607534689
       6.191080729166667   0.0001638569670397556    0.000163856967039709
            6.2412109375   0.0001617137116058881   0.0001617137116058908
       6.291341145833334   0.0001595768520832011   0.0001595768520831958
       6.341471354166667    0.000157446640666713   0.0001574466406667056
            6.3916015625   0.0001553233241454452   0.0001553233241455104
       6.441731770833334   0.0001532071439368405   0.0001532071439368292
       6.491861979166667    0.000151098336123608    0.000151098336123511
            6.5419921875   0.0001489971314939653   0.0001489971314939018
       6.592122395833334   0.0001469037555853205   0.0001469037555853244
       6.642252604166667   0.0001448184287304228   0.0001448184287304944
            6.6923828125    0.000142741366104786   0.0001427413661047972
       6.742513020833334    0.000140672777779224   0.0001406727777792727
       6.792643229166667   0.0001386128687728081   0.0001386128687728292
            6.8427734375   0.0001365618391083115   0.0001365618391082194
       6.892903645833334   0.0001345198838703319   0.0001345198838702628
       6.943033854166667   0.0001324871932654094   0.0001324871932654049
            6.9931640625   0.0001304639526831032   0.0001304639526830418
       7.043294270833334   0.0001284503427591221   0.0001284503427590758
       7.093424479166667   0.0001264465394399252   0.0001264465394399696
            7.1435546875   0.0001244527140491265    0.000124452714049185
       7.193684895833334   0.0001224690333544298   0.0001224690333544341
       7.243815104166667   0.0001204956596354604   0.0001204956596355319
            7.2939453125   0.0001185327507540657   0.0001185327507540955
       7.344075520833334   0.0001165804602231089   0.0001165804602230452
       7.394205729166667   0.0001146389372774196   0.0001146389372774073
            7.4443359375   0.0001127083269453772   0.0001127083269454477
       7.494466145833334   0.0001107887701203665   0.0001107887701203653
       7.544596354166667   0.0001088804036321755   0.0001088804036321782
            7.5947265625   0.0001069833603190904   0.0001069833603190947
       7.644856770833334   0.0001050977690996172   0.0001050977690996212
       7.694986979166667   0.0001032237550452648   0.0001032237550452614
            7.7451171875   0.0001013614394512594   0.0001013614394512833
       7.795247395833334   9.951093990791989e-05   9.951093990799678e-05
       7.845377604166667   9.767237037238491e-05   9.767237037239747e-05
            7.8955078125   9.584584123756812e-05     9.5845841237503e-05
       7.945638020833334   9.403145940317874e-05   9.403145940314642e-05
       7.995768229166667   9.222932834396431e-05   9.222932834397518e-05
            8.0458984375   9.043954817804063e-05   9.043954817804876e-05
       8.096028645833334   8.866221573424716e-05   8.866221573424366e-05
       8.146158854166668   8.689742461813245e-05   8.689742461806143e-05
            8.1962890625   8.514526527714733e-05   8.514526527713342e-05
       8.246419270833334   8.340582506499958e-05   8.340582506494755e-05
       8.296549479166668   8.167918830371346e-05   8.167918830369664e-05
            8.3466796875   7.996543634584928e-05   7.996543634592297e-05
       8.396809895833334   7.826464763461783e-05   7.826464763461139e-05
       8.446940104166668   7.657689776182607e-05    7.65768977617565e-05
            8.4970703125     7.4902259525817e-05   7.490225952574492e-05
       8.547200520833334   7.324080298707958e-05   7.324080298700424e-05
       8.597330729166668   7.159259552237806e-05   7.159259552233952e-05
            8.6474609375   6.995770187769214e-05   6.995770187771144e-05
       8.697591145833334   6.833618421888253e-05    6.83361842188826e-05
       8.747721354166668   6.672810218057066e-05   6.672810218050435e-05
            8.7978515625   6.513351291483874e-05   6.513351291481754e-05
       8.847981770833334   6.355247113648917e-05   6.355247113656196e-05
       8.898111979166668   6.198502916767934e-05   6.198502916769365e-05
            8.9482421875   6.043123697965732e-05   6.043123697961051e-05
       8.998372395833334   5.889114223395894e-05   5.889114223404777e-05
       9.048502604166668   5.736479032232952e-05   5.736479032241595e-05
            9.0986328125    5.58522244022125e-05   5.585222440216661e-05
       9.148763020833334   5.435348543351957e-05   5.435348543348835e-05
       9.198893229166668   5.286861221218697e-05   5.286861221215714e-05
            9.2490234375   5.139764140183841e-05    5.13976414018089e-05
       9.299153645833334    4.99406075644249e-05   4.994060756450512e-05
       9.349283854166668    4.84975431892988e-05   4.849754318924712e-05
            9.3994140625    4.70684787192669e-05   4.706847871920155e-05
       9.449544270833334   4.565344257652348e-05   4.565344257640402e-05
       9.499674479166668   4.425246118618789e-05   4.425246118609341e-05
            9.5498046875   4.286555899879176e-05   4.286555899883683e-05
       9.599934895833334   4.149275851063457e-05   4.149275851070679e-05
       9.650065104166668   4.013408028236465e-05   4.013408028230616e-05
            9.7001953125    3.87895429572771e-05    3.87895429572593e-05
       9.750325520833334   3.745916327738445e-05   3.745916327739144e-05
       9.800455729166668    3.61429560977599e-05   3.614295609781033e-05
            9.8505859375   3.484093440037648e-05   3.484093440042724e-05
       9.900716145833334   3.355310930612465e-05   3.355310930605659e-05
       9.950846354166668   3.227949008534147e-05   3.227949008533866e-05
           10.0009765625   3.102008416855322e-05   3.102008416863079e-05
       10.05110677083333   2.977489715416275e-05   2.977489715419899e-05
       10.10123697916667   2.854393281565981e-05   2.854393281570041e-05
           10.1513671875   2.732719310902294e-05   2.732719310909562e-05
       10.20149739583333   2.612467817797773e-05   2.612467817799147e-05
       10.25162760416667    2.49363863577596e-05   2.493638635783843e-05
           10.3017578125   2.376231418044761e-05   2.376231418046988e-05
       10.35188802083333    2.26024563764124e-05   2.260245637646117e-05
       10.40201822916667   2.145680587744543e-05   2.145680587749986e-05
           10.4521484375   2.032535381808928e-05   2.032535381808565e-05
       10.50227864583333   1.920808953660694e-05   1.920808953660707e-05
       10.55240885416667   1.810500057577821e-05   1.810500057577544e-05
           10.6025390625   1.701607268232881e-05   1.701607268238852e-05
       10.65266927083333   1.594128980721047e-05   1.594128980724311e-05
       10.70279947916667   1.488063410421512e-05   1.488063410419685e-05
           10.7529296875   1.383408592937885e-05   1.383408592939766e-05
       10.80305989583333   1.280162383980551e-05   1.280162383987981e-05
       10.85319010416667   1.178322459179173e-05    1.17832245918026e-05
           10.9033203125   1.077886313954241e-05   1.077886313948043e-05
       10.95345052083333   9.788512633589243e-06   9.788512633508741e-06
       11.00358072916667   8.812144419556402e-06   8.812144419481131e-06
           11.0537109375   7.849728036652815e-06   7.849728036571098e-06
       11.10384114583333   6.901231216079613e-06   6.901231216006159e-06
       11.15397135416667   5.966619879829375e-06   5.966619879819465e-06
           11.2041015625   5.045858140247212e-06   5.045858140312102e-06
       11.25423177083333    4.13890829966721e-06   4.138908299703338e-06
       11.30436197916667   3.245730849255542e-06   3.245730849249994e-06
           11.3544921875   2.366284469774678e-06   2.366284469776018e-06
       11.40462239583333   1.500526032679094e-06   1.500526032680683e-06
       11.45475260416667    6.48410600764675e-07   6.484106007680479e-07
           11.5048828125   -1.90108570848439e-07  -1.901085708470032e-07
       11.55501302083333  -1.015080030913495e-06  -1.015080030905473e-06
       11.60514322916667  -1.826554130330248e-06  -1.826554130369942e-06
           11.6552734375  -2.624583018399598e-06  -2.624583018460135e-06
       11.70540364583333  -3.409220638064045e-06  -3.409220638063696e-06
       11.75553385416667  -4.180522721041748e-06  -4.180522721103252e-06
           11.8056640625  -4.938546782805364e-06  -4.938546782755482e-06
       11.85579427083333  -5.683352114940127e-06  -5.683352114881385e-06
       11.90592447916667   -6.41499977849722e-06  -6.414999778535855e-06
           11.9560546875  -7.133552595460304e-06  -7.133552595484201e-06
       12.00618489583333    -7.8390751393045e-06   -7.83907513921845e-06
       12.05631510416667    -8.5316337252114e-06  -8.531633725194593e-06
           12.1064453125  -9.211296399555585e-06  -9.211296399474548e-06
       12.15657552083333  -9.878132926735114e-06  -9.878132926732153e-06
       12.20670572916667  -1.053221477742244e-05  -1.053221477747302e-05
           12.2568359375  -1.117361511434059e-05  -1.117361511430363e-05
       12.30696614583333  -1.180240877704948e-05  -1.180240877696279e-05
       12.35709635416667  -1.241867226637568e-05  -1.241867226628969e-05
           12.4072265625  -1.302248372767797e-05  -1.302248372759603e-05
       12.45735677083333  -1.361392293266618e-05  -1.361392293256452e-05
       12.50748697916667  -1.419307126067526e-05  -1.419307126065936e-05
           12.5576171875  -1.476001167895008e-05  -1.476001167898643e-05
       12.60774739583333  -1.531482872145431e-05  -1.531482872137035e-05
       12.65787760416667  -1.585760846669168e-05  -1.585760846667209e-05
           12.7080078125  -1.638843851555026e-05   -1.63884385156056e-05
       12.75813802083333   -1.69074079670796e-05  -1.690740796710055e-05
       12.80826822916667   -1.74146073929189e-05  -1.741460739290786e-05
           12.8583984375  -1.791012881220815e-05  -1.791012881217483e-05
       12.90852864583333  -1.839406566472808e-05  -1.839406566465841e-05
       12.95865885416667  -1.886651278246071e-05  -1.886651278252286e-05
           13.0087890625  -1.932756636203602e-05  -1.932756636200242e-05
