# File created on Wed Jul  8 11:33:16 2026
# Data for Inflation GW initial data initial data at coord time 0.188986 and central proper time 0.188986
# Evolved with (264,10,9) gridpoints (including 4 ghosts)
# Evolution with geodesic slicing and constant shift shift condition 
# data for phi = 3.14159
#              r           theta                 phi
#===============================================================
     0.030078125      0.78539816    0.008842536976100724
     0.030078125       2.3561945    0.008842536976100846

     0.090234375      0.78539816    0.008841266742234111
     0.090234375       2.3561945    0.008841266742234212

      0.15039062      0.78539816    0.008838726801009568
      0.15039062       2.3561945    0.008838726801009467

      0.21054687      0.78539816    0.008834918205203112
      0.21054687       2.3561945    0.008834918205203327

      0.27070312      0.78539816    0.008829842533373928
      0.27070312       2.3561945     0.00882984253337404

      0.33085938      0.78539816    0.008823501889135292
      0.33085938       2.3561945     0.00882350188913518

      0.39101563      0.78539816    0.008815898900179739
      0.39101563       2.3561945    0.008815898900179741

      0.45117188      0.78539816    0.008807036717056382
      0.45117188       2.3561945    0.008807036717056382

      0.51132813      0.78539816    0.008796919011696156
      0.51132813       2.3561945    0.008796919011696047

      0.57148438      0.78539816    0.008785549975678188
      0.57148438       2.3561945    0.008785549975678181

      0.63164063      0.78539816    0.008772934318240513
      0.63164063       2.3561945    0.008772934318240298

      0.69179687      0.78539816    0.008759077264018231
      0.69179687       2.3561945    0.008759077264018551

      0.75195312      0.78539816    0.008743984550519779
      0.75195312       2.3561945    0.008743984550519786

      0.81210938      0.78539816    0.008727662425315088
      0.81210938       2.3561945    0.008727662425315088

      0.87226563      0.78539816    0.008710117642947804
      0.87226563       2.3561945    0.008710117642948019

      0.93242188      0.78539816    0.008691357461556783
      0.93242188       2.3561945    0.008691357461556795

      0.99257812      0.78539816    0.008671389639196401
      0.99257812       2.3561945    0.008671389639196501

       1.0527344      0.78539816    0.008650222429854658
       1.0527344       2.3561945    0.008650222429854887

       1.1128906      0.78539816    0.008627864579162883
       1.1128906       2.3561945    0.008627864579163107

       1.1730469      0.78539816    0.008604325319782283
       1.1730469       2.3561945    0.008604325319782268

       1.2332031      0.78539816    0.008579614366466591
       1.2332031       2.3561945    0.008579614366466507

       1.2933594      0.78539816    0.008553741910792707
       1.2933594       2.3561945    0.008553741910792896

       1.3535156      0.78539816    0.008526718615551697
       1.3535156       2.3561945    0.008526718615551512

       1.4136719      0.78539816    0.008498555608791066
       1.4136719       2.3561945    0.008498555608791257

       1.4738281      0.78539816    0.008469264477507831
       1.4738281       2.3561945    0.008469264477507633

       1.5339844      0.78539816     0.00843885726098029
       1.5339844       2.3561945    0.008438857260980381

       1.5941406      0.78539816    0.008407346443738882
       1.5941406       2.3561945    0.008407346443738898

       1.6542969      0.78539816    0.008374744948166975
       1.6542969       2.3561945    0.008374744948166968

       1.7144531      0.78539816    0.008341066126729276
       1.7144531       2.3561945    0.008341066126729061

       1.7746094      0.78539816    0.008306323753823612
       1.7746094       2.3561945    0.008306323753823605

       1.8347656      0.78539816    0.008270532017257781
       1.8347656       2.3561945    0.008270532017257894

       1.8949219      0.78539816    0.008233705509339932
       1.8949219       2.3561945    0.008233705509340158

       1.9550781      0.78539816    0.008195859217594356
       1.9550781       2.3561945    0.008195859217594357

       2.0152344      0.78539816    0.008157008515089941
       2.0152344       2.3561945    0.008157008515089948

       2.0753906      0.78539816    0.008117169150393821
       2.0753906       2.3561945    0.008117169150393819

       2.1355469      0.78539816    0.008076357237142852
       2.1355469       2.3561945    0.008076357237142633

       2.1957031      0.78539816    0.008034589243242596
       2.1957031       2.3561945    0.008034589243242704

       2.2558594      0.78539816    0.007991881979695198
       2.2558594       2.3561945    0.007991881979695428

       2.3160156      0.78539816    0.007948252589061374
       2.3160156       2.3561945    0.007948252589061374

       2.3761719      0.78539816    0.007903718533563066
       2.3761719       2.3561945    0.007903718533563059

       2.4363281      0.78539816    0.007858297582838562
       2.4363281       2.3561945    0.007858297582838358

       2.4964844      0.78539816    0.007812007801350929
       2.4964844       2.3561945    0.007812007801351035

       2.5566406      0.78539816    0.007764867535469885
       2.5566406       2.3561945    0.007764867535469884

       2.6167969      0.78539816    0.007716895400226776
       2.6167969       2.3561945    0.007716895400226791

       2.6769531      0.78539816    0.007668110265767651
       2.6769531       2.3561945    0.007668110265767636

       2.7371094      0.78539816    0.007618531243508908
       2.7371094       2.3561945    0.007618531243508702

       2.7972656      0.78539816    0.007568177672012627
       2.7972656       2.3561945    0.007568177672012619

       2.8574219      0.78539816    0.007517069102601357
       2.8574219       2.3561945    0.007517069102601361

       2.9175781      0.78539816    0.007465225284723045
       2.9175781       2.3561945    0.007465225284723045

       2.9777344      0.78539816    0.007412666151089853
       2.9777344       2.3561945    0.007412666151089859

       3.0378906      0.78539816    0.007359411802604844
       3.0378906       2.3561945    0.007359411802604839

       3.0980469      0.78539816    0.007305482493103315
       3.0980469       2.3561945    0.007305482493103212

       3.1582031      0.78539816    0.007250898613921601
       3.1582031       2.3561945    0.007250898613921819

       3.2183594      0.78539816     0.00719568067832174
       3.2183594       2.3561945    0.007195680678321967

       3.2785156      0.78539816    0.007139849305791009
       3.2785156       2.3561945    0.007139849305791115

       3.3386719      0.78539816    0.007083425206239634
       3.3386719       2.3561945    0.007083425206239648

       3.3988281      0.78539816    0.007026429164125014
       3.3988281       2.3561945    0.007026429164125004

       3.4589844      0.78539816    0.006968882022520545
       3.4589844       2.3561945    0.006968882022520225

       3.5191406      0.78539816    0.006910804667157684
       3.5191406       2.3561945    0.006910804667157567

       3.5792969      0.78539816    0.006852218010468374
       3.5792969       2.3561945     0.00685221801046816

       3.6394531      0.78539816    0.006793142975647421
       3.6394531       2.3561945    0.006793142975647431

       3.6996094      0.78539816    0.006733600480771089
       3.6996094       2.3561945    0.006733600480771083

       3.7597656      0.78539816    0.006673611422986129
       3.7597656       2.3561945    0.006673611422986035

       3.8199219      0.78539816    0.006613196662804559
       3.8199219       2.3561945    0.006613196662804769

       3.8800781      0.78539816    0.006552377008527689
       3.8800781       2.3561945    0.006552377008527371

       3.9402344      0.78539816    0.006491173200824425
       3.9402344       2.3561945    0.006491173200824425

       4.0003906      0.78539816    0.006429605897493633
       4.0003906       2.3561945    0.006429605897493747

       4.0605469      0.78539816    0.006367695658430435
       4.0605469       2.3561945    0.006367695658430331

       4.1207031      0.78539816    0.006305462930829487
       4.1207031       2.3561945    0.006305462930829485

       4.1808594      0.78539816    0.006242928034642756
       4.1808594       2.3561945    0.006242928034642765

       4.2410156      0.78539816    0.006180111148324283
       4.2410156       2.3561945    0.006180111148324501

       4.3011719      0.78539816    0.006117032294878725
       4.3011719       2.3561945    0.006117032294878737

       4.3613281      0.78539816    0.006053711328242267
       4.3613281       2.3561945    0.006053711328242372

       4.4214844      0.78539816    0.005990167920015277
       4.4214844       2.3561945    0.005990167920015283

       4.4816406      0.78539816     0.00592642154657463
       4.4816406       2.3561945    0.005926421546574841

       4.5417969      0.78539816    0.005862491476575103
       4.5417969       2.3561945    0.005862491476574983

       4.6019531      0.78539816    0.005798396758872611
       4.6019531       2.3561945    0.005798396758872384

       4.6621094      0.78539816    0.005734156210882722
       4.6621094       2.3561945    0.005734156210882722

       4.7222656      0.78539816    0.005669788407390573
       4.7222656       2.3561945     0.00566978840739056

       4.7824219      0.78539816    0.005605311669833445
       4.7824219       2.3561945     0.00560531166983333

       4.8425781      0.78539816    0.005540744056068719
       4.8425781       2.3561945    0.005540744056068581

       4.9027344      0.78539816    0.005476103350643922
       4.9027344       2.3561945    0.005476103350643809

       4.9628906      0.78539816    0.005411407055581241
       4.9628906       2.3561945     0.00541140705558131

       5.0230469      0.78539816    0.005346672381688927
       5.0230469       2.3561945    0.005346672381688799

       5.0832031      0.78539816     0.00528191624040874
       5.0832031       2.3561945    0.005281916240408384

       5.1433594      0.78539816     0.00521715523621273
       5.1433594       2.3561945    0.005217155236212497

       5.2035156      0.78539816    0.005152405659555358
       5.2035156       2.3561945    0.005152405659555451

       5.2636719      0.78539816    0.005087683480383233
       5.2636719       2.3561945    0.005087683480383108

       5.3238281      0.78539816    0.005023004342218132
       5.3238281       2.3561945      0.0050230043422181

       5.3839844      0.78539816    0.004958383556806555
       5.3839844       2.3561945     0.00495838355680642

       5.4441406      0.78539816     0.00489383609934557
       5.4441406       2.3561945    0.004893836099345644

       5.5042969      0.78539816    0.004829376604282644
       5.5042969       2.3561945    0.004829376604282389

       5.5644531      0.78539816    0.004765019361688848
       5.5644531       2.3561945    0.004765019361688705

       5.6246094      0.78539816    0.004700778314208337
       5.6246094       2.3561945    0.004700778314208208

       5.6847656      0.78539816    0.004636667054573529
       5.6847656       2.3561945     0.00463666705457361

       5.7449219      0.78539816    0.004572698823689665
       5.7449219       2.3561945    0.004572698823689618

       5.8050781      0.78539816    0.004508886509277072
       5.8050781       2.3561945    0.004508886509276805

       5.8652344      0.78539816     0.00444524264506569
       5.8652344       2.3561945    0.004445242645065411

       5.9253906      0.78539816    0.004381779410536415
       5.9253906       2.3561945    0.004381779410536137

       5.9855469      0.78539816    0.004318508631195807
       5.9855469       2.3561945    0.004318508631195631

       6.0457031      0.78539816    0.004255441779377066
       6.0457031       2.3561945    0.004255441779376984

       6.1058594      0.78539816    0.004192589975549819
       6.1058594       2.3561945    0.004192589975549854

       6.1660156      0.78539816    0.004129963990134355
       6.1660156       2.3561945    0.004129963990133952

       6.2261719      0.78539816    0.004067574245797115
       6.2261719       2.3561945    0.004067574245796841

       6.2863281      0.78539816    0.004005430820220586
       6.2863281       2.3561945    0.004005430820220738

       6.3464844      0.78539816    0.003943543449325552
       6.3464844       2.3561945     0.00394354344932527

       6.4066406      0.78539816     0.00388192153092963
       6.4066406       2.3561945    0.003881921530929662

       6.4667969      0.78539816    0.003820574128831283
       6.4667969       2.3561945    0.003820574128831329

       6.5269531      0.78539816    0.003759509977289543
       6.5269531       2.3561945    0.003759509977289921

       6.5871094      0.78539816    0.003698737485889752
       6.5871094       2.3561945    0.003698737485890005

       6.6472656      0.78539816    0.003638264744771859
       6.6472656       2.3561945    0.003638264744771482

       6.7074219      0.78539816    0.003578099530198261
       6.7074219       2.3561945    0.003578099530197986

       6.7675781      0.78539816    0.003518249310448114
       6.7675781       2.3561945    0.003518249310447987

       6.8277344      0.78539816     0.00345872125200581
       6.8277344       2.3561945    0.003458721252005767

       6.8878906      0.78539816    0.003399522226032368
       6.8878906       2.3561945    0.003399522226032131

       6.9480469      0.78539816    0.003340658815089767
       6.9480469       2.3561945    0.003340658815089805

       7.0082031      0.78539816     0.00328213732010337
       7.0082031       2.3561945    0.003282137320103441

       7.0683594      0.78539816     0.00322396376753103
       7.0683594       2.3561945    0.003223963767530785

       7.1285156      0.78539816    0.003166143916723844
       7.1285156       2.3561945    0.003166143916723953

       7.1886719      0.78539816     0.00310868326745363
       7.1886719       2.3561945    0.003108683267453876

       7.2488281      0.78539816    0.003051587067581524
       7.2488281       2.3561945    0.003051587067581327

       7.3089844      0.78539816    0.002994860320850504
       7.3089844       2.3561945     0.00299486032085043

       7.3691406      0.78539816    0.002938507794775126
       7.3691406       2.3561945    0.002938507794775035

       7.4292969      0.78539816    0.002882534028606356
       7.4292969       2.3561945    0.002882534028606177

       7.4894531      0.78539816    0.002826943341354764
       7.4894531       2.3561945    0.002826943341354824

       7.5496094      0.78539816    0.002771739839843128
       7.5496094       2.3561945     0.00277173983984331

       7.6097656      0.78539816    0.002716927426772171
       7.6097656       2.3561945    0.002716927426772273

       7.6699219      0.78539816    0.002662509808775871
       7.6699219       2.3561945    0.002662509808775947

       7.7300781      0.78539816    0.002608490504451538
       7.7300781       2.3561945    0.002608490504451627

       7.7902344      0.78539816    0.002554872852334768
       7.7902344       2.3561945    0.002554872852334961

       7.8503906      0.78539816    0.002501660018809744
       7.8503906       2.3561945    0.002501660018809702

       7.9105469      0.78539816    0.002448855005932337
       7.9105469       2.3561945    0.002448855005931996

       7.9707031      0.78539816    0.002396460659146131
       7.9707031       2.3561945    0.002396460659146528

       8.0308594      0.78539816     0.00234447967488064
       8.0308594       2.3561945    0.002344479674880878

       8.0910156      0.78539816    0.002292914608005377
       8.0910156       2.3561945    0.002292914608005538

       8.1511719      0.78539816     0.00224176787913282
       8.1511719       2.3561945    0.002241767879132659

       8.2113281      0.78539816    0.002191041781753258
       8.2113281       2.3561945    0.002191041781753361

       8.2714844      0.78539816    0.002140738489182466
       8.2714844       2.3561945    0.002140738489182361

       8.3316406      0.78539816     0.00209086006131703
       8.3316406       2.3561945    0.002090860061317041

       8.3917969      0.78539816    0.002041408451178217
       8.3917969       2.3561945    0.002041408451178471

       8.4519531      0.78539816    0.001992385511236182
       8.4519531       2.3561945    0.001992385511236265

       8.5121094      0.78539816    0.001943792999503209
       8.5121094       2.3561945    0.001943792999503338

       8.5722656      0.78539816    0.001895632585386154
       8.5722656       2.3561945    0.001895632585386091

       8.6324219      0.78539816    0.001847905855290057
       8.6324219       2.3561945    0.001847905855289714

       8.6925781      0.78539816    0.001800614317965897
       8.6925781       2.3561945     0.00180061431796576

       8.7527344      0.78539816    0.001753759409591535
       8.7527344       2.3561945    0.001753759409591829

       8.8128906      0.78539816     0.00170734249858526
       8.8128906       2.3561945    0.001707342498585234

       8.8730469      0.78539816    0.001661364890143222
       8.8730469       2.3561945    0.001661364890143745

       8.9332031      0.78539816    0.001615827830501039
       8.9332031       2.3561945     0.00161582783050133

       8.9933594      0.78539816    0.001570732510907251
       8.9933594       2.3561945    0.001570732510907522

       9.0535156      0.78539816    0.001526080071319279
       9.0535156       2.3561945    0.001526080071319493

       9.1136719      0.78539816     0.00148187160381092
       9.1136719       2.3561945    0.001481871603810928

       9.1738281      0.78539816    0.001438108155693461
       9.1738281       2.3561945    0.001438108155693485

       9.2339844      0.78539816    0.001394790732352391
       9.2339844       2.3561945    0.001394790732352513

       9.2941406      0.78539816    0.001351920299799273
       9.2941406       2.3561945     0.00135192029979933

       9.3542969      0.78539816    0.001309497786941408
       9.3542969       2.3561945     0.00130949778694139

       9.4144531      0.78539816    0.001267524087572866
       9.4144531       2.3561945    0.001267524087573385

       9.4746094      0.78539816    0.001226000062091321
       9.4746094       2.3561945    0.001226000062091605

       9.5347656      0.78539816    0.001184926538935994
       9.5347656       2.3561945    0.001184926538936468

       9.5949219      0.78539816    0.001144304315774007
       9.5949219       2.3561945    0.001144304315774673

       9.6550781      0.78539816    0.001104134160409289
       9.6550781       2.3561945    0.001104134160409531

       9.7152344      0.78539816    0.001064416811451467
       9.7152344       2.3561945    0.001064416811451591

       9.7753906      0.78539816    0.001025152978728758
       9.7753906       2.3561945    0.001025152978729108

       9.8355469      0.78539816   0.0009863433434692613
       9.8355469       2.3561945   0.0009863433434692964

       9.8957031      0.78539816    0.000947988558242025
       9.8957031       2.3561945   0.0009479885582422835

       9.9558594      0.78539816   0.0009100892466841583
       9.9558594       2.3561945   0.0009100892466846359

       10.016016      0.78539816   0.0008726460030107658
       10.016016       2.3561945   0.0008726460030109508

       10.076172      0.78539816   0.0008356593913203218
       10.076172       2.3561945   0.0008356593913206294

       10.136328      0.78539816   0.0007991299447080704
       10.136328       2.3561945   0.0007991299447086324

       10.196484      0.78539816   0.0007630581641960887
       10.196484       2.3561945   0.0007630581641962984

       10.256641      0.78539816   0.0007274445174895495
       10.256641       2.3561945   0.0007274445174894853

       10.316797      0.78539816   0.0006922894375709259
       10.316797       2.3561945   0.0006922894375715615

       10.376953      0.78539816   0.0006575933211469972
       10.376953       2.3561945   0.0006575933211472407

       10.437109      0.78539816   0.0006233565269499204
       10.437109       2.3561945   0.0006233565269495665

       10.497266      0.78539816   0.0005895793739161189
       10.497266       2.3561945   0.0005895793739161362

       10.557422      0.78539816   0.0005562621392491068
       10.557422       2.3561945   0.0005562621392489733

       10.617578      0.78539816   0.0005234050563718449
       10.617578       2.3561945   0.0005234050563719716

       10.677734      0.78539816   0.0004910083127951572
       10.677734       2.3561945   0.0004910083127951716

       10.737891      0.78539816   0.0004590720478980761
       10.737891       2.3561945    0.000459072047898011

       10.798047      0.78539816   0.0004275963506423487
       10.798047       2.3561945   0.0004275963506424282

       10.858203      0.78539816   0.0003965812572308372
       10.858203       2.3561945    0.000396581257230742

       10.918359      0.78539816   0.0003660267487155013
       10.918359       2.3561945   0.0003660267487154764

       10.978516      0.78539816   0.0003359327485766987
       10.978516       2.3561945   0.0003359327485762218

       11.038672      0.78539816   0.0003062991202766133
       11.038672       2.3561945   0.0003062991202765129

       11.098828      0.78539816   0.0002771256648019928
       11.098828       2.3561945   0.0002771256648019241

       11.158984      0.78539816   0.0002484121182044574
       11.158984       2.3561945   0.0002484121182042846

       11.219141      0.78539816   0.0002201581491538044
       11.219141       2.3561945   0.0002201581491538861

       11.279297      0.78539816   0.0001923633565077859
       11.279297       2.3561945   0.0001923633565076825

       11.339453      0.78539816   0.0001650272669175667
       11.339453       2.3561945     0.00016502726691707

       11.399609      0.78539816   0.0001381493324684076
       11.399609       2.3561945   0.0001381493324685658

       11.459766      0.78539816   0.0001117289283751472
       11.459766       2.3561945   0.0001117289283752066

       11.519922      0.78539816   8.576535073102622e-05
       11.519922       2.3561945   8.576535073073699e-05

       11.580078      0.78539816   6.025781433047115e-05
       11.580078       2.3561945   6.025781433058048e-05

       11.640234      0.78539816   3.520545056597741e-05
       11.640234       2.3561945   3.520545056603474e-05

       11.700391      0.78539816   1.060730540505772e-05
       11.700391       2.3561945   1.060730540529303e-05

       11.760547      0.78539816  -1.353766253357395e-05
       11.760547       2.3561945  -1.353766253339988e-05

       11.820703      0.78539816  -3.723058381105522e-05
       11.820703       2.3561945   -3.72305838102018e-05

       11.880859      0.78539816  -6.047267988969048e-05
       11.880859       2.3561945  -6.047267988939516e-05

       11.941016      0.78539816  -8.326526474722043e-05
       11.941016       2.3561945  -8.326526474666578e-05

       12.001172      0.78539816  -0.0001056097463659211
       12.001172       2.3561945  -0.0001056097463652298

       12.061328      0.78539816  -0.0001275076281072132
       12.061328       2.3561945  -0.0001275076281067006

       12.121484      0.78539816  -0.0001489605099530095
       12.121484       2.3561945  -0.0001489605099523024

       12.181641      0.78539816  -0.0001699700896163608
       12.181641       2.3561945  -0.0001699700896161878

       12.241797      0.78539816  -0.0001905381635174081
       12.241797       2.3561945  -0.0001905381635168559

       12.301953      0.78539816  -0.0002106666276171972
       12.301953       2.3561945  -0.0002106666276166919

       12.362109      0.78539816  -0.0002303574781120737
       12.362109       2.3561945  -0.0002303574781114614

       12.422266      0.78539816  -0.0002496128119805916
       12.422266       2.3561945  -0.0002496128119799974

       12.482422      0.78539816  -0.0002684348273871597
       12.482422       2.3561945   -0.000268434827386844

       12.542578      0.78539816  -0.0002868258239316265
       12.542578       2.3561945  -0.0002868258239312312

       12.602734      0.78539816  -0.0003047882027560268
       12.602734       2.3561945  -0.0003047882027554257

       12.662891      0.78539816  -0.0003223244664963408
       12.662891       2.3561945  -0.0003223244664956495

       12.723047      0.78539816  -0.0003394372190842259
       12.723047       2.3561945   -0.000339437219083936

       12.783203      0.78539816  -0.0003561291654037268
       12.783203       2.3561945  -0.0003561291654032389

       12.843359      0.78539816  -0.0003724031107891973
       12.843359       2.3561945  -0.0003724031107888758

       12.903516      0.78539816  -0.0003882619603850295
       12.903516       2.3561945  -0.0003882619603846873

       12.963672      0.78539816  -0.0004037087183497466
       12.963672       2.3561945  -0.0004037087183496669

       13.023828      0.78539816  -0.0004187464869209556
       13.023828       2.3561945   -0.000418746486920924

       13.083984      0.78539816  -0.0004333784653330795
       13.083984       2.3561945  -0.0004333784653326377

       13.144141      0.78539816  -0.0004476079485961491
       13.144141       2.3561945   -0.000447607948595846

       13.204297      0.78539816  -0.0004614383261364205
       13.204297       2.3561945  -0.0004614383261366864

       13.264453      0.78539816  -0.0004748730803051163
       13.264453       2.3561945  -0.0004748730803051816

       13.324609      0.78539816  -0.0004879157847478573
       13.324609       2.3561945  -0.0004879157847481939

       13.384766      0.78539816  -0.0005005701026587191
       13.384766       2.3561945  -0.0005005701026587675

       13.444922      0.78539816  -0.0005128397848993044
       13.444922       2.3561945  -0.0005128397848991714

       13.505078      0.78539816  -0.0005247286680054651
       13.505078       2.3561945  -0.0005247286680052883

       13.565234      0.78539816  -0.0005362406720773841
       13.565234       2.3561945  -0.0005362406720769317

       13.625391      0.78539816  -0.0005473797985588369
       13.625391       2.3561945   -0.000547379798558608

       13.685547      0.78539816  -0.0005581501279122573
       13.685547       2.3561945  -0.0005581501279121238

       13.745703      0.78539816  -0.0005685558171940196
       13.745703       2.3561945   -0.000568555817193761

       13.805859      0.78539816  -0.0005786010975315449
       13.805859       2.3561945  -0.0005786010975316146

       13.866016      0.78539816  -0.0005882902715166216
       13.866016       2.3561945  -0.0005882902715162031

       13.926172      0.78539816  -0.0005976277105107702
       13.926172       2.3561945  -0.0005976277105106733

       13.986328      0.78539816  -0.0006066178518611535
       13.986328       2.3561945  -0.0006066178518607964

       14.046484      0.78539816  -0.0006152651960980081
       14.046484       2.3561945  -0.0006152651960978087

       14.106641      0.78539816  -0.0006235743038979769
       14.106641       2.3561945  -0.0006235743038977684

       14.166797      0.78539816  -0.0006315497934437497
       14.166797       2.3561945   -0.000631549793443635

       14.226953      0.78539816  -0.0006391963365094609
       14.226953       2.3561945  -0.0006391963365092318

       14.287109      0.78539816  -0.0006465186577308709
       14.287109       2.3561945  -0.0006465186577311285

       14.347266      0.78539816  -0.0006535215251946248
       14.347266       2.3561945  -0.0006535215251950106

       14.407422      0.78539816  -0.0006602097634028176
       14.407422       2.3561945  -0.0006602097634030779

       14.467578      0.78539816  -0.0006665882174254618
       14.467578       2.3561945  -0.0006665882174258302

       14.527734      0.78539816  -0.0006726617735724388
       14.527734       2.3561945  -0.0006726617735728286

       14.587891      0.78539816  -0.0006784353701452473
       14.587891       2.3561945  -0.0006784353701452932

       14.648047      0.78539816  -0.0006839156137322009
       14.648047       2.3561945  -0.0006839156137323477

       14.708203      0.78539816  -0.0006890929196682122
       14.708203       2.3561945  -0.0006890929196682736

       14.768359      0.78539816  -0.0006940221625207733
       14.768359       2.3561945  -0.0006940221625209631

       14.828516      0.78539816  -0.0006988300146627746
       14.828516       2.3561945   -0.000698830014662596

       14.888672      0.78539816  -0.0007014082027010963
       14.888672       2.3561945  -0.0007014082027006269

       14.948828      0.78539816  -0.0007116233749404171
       14.948828       2.3561945  -0.0007116233749400632

       15.008984      0.78539816  -0.0007624278549363343
       15.008984       2.3561945  -0.0007624278549360811

       15.069141      0.78539816  -0.0005493469291736943
       15.069141       2.3561945  -0.0005493469291734888

       15.129297      0.78539816   -0.002798440151180203
       15.129297       2.3561945   -0.002798440151167931

       15.189453      0.78539816                    -nan
       15.189453       2.3561945                    -nan

       15.249609      0.78539816      -1.176424254197359
       15.249609       2.3561945      -1.176424254206039

       15.309766      0.78539816      -19.09346370168158
       15.309766       2.3561945      -19.09346370165776

       15.369922      0.78539816      -11860.03007870411
       15.369922       2.3561945      -11860.03007869385

       15.430078      0.78539816                    -nan
       15.430078       2.3561945                    -nan

       15.490234      0.78539816       4.274783435446293
       15.490234       2.3561945       4.274783435445645

       15.550391      0.78539816      0.1743938957480606
       15.550391       2.3561945      0.1743938957481297

       15.610547      0.78539816    -0.01958361707633562
       15.610547       2.3561945    -0.01958361707634254

