# File created on Wed Jul  8 11:31:11 2026
# Data for Inflation GW initial data initial data at coord time 0.0377973 and central proper time 0.0377973
# Evolved with (264,10,9) gridpoints (including 4 ghosts)
# Evolution with geodesic slicing and constant shift shift condition 
# data for phi = 3.14159
#              r           theta                 phi
#===============================================================
     0.030078125      0.78539816   0.0003570123989057456
     0.030078125       2.3561945   0.0003570123989056329

     0.090234375      0.78539816   0.0003569607405872237
     0.090234375       2.3561945    0.000356960740587225

      0.15039062      0.78539816   0.0003568574463043748
      0.15039062       2.3561945    0.000356857446304374

      0.21054687      0.78539816   0.0003567025607485304
      0.21054687       2.3561945   0.0003567025607485309

      0.27070312      0.78539816   0.0003564961509138576
      0.27070312       2.3561945   0.0003564961509139685

      0.33085938      0.78539816   0.0003562383060467981
      0.33085938       2.3561945   0.0003562383060469088

      0.39101563      0.78539816    0.000355929137577754
      0.39101563       2.3561945   0.0003559291375777549

      0.45117188      0.78539816   0.0003555687790352642
      0.45117188       2.3561945   0.0003555687790352632

      0.51132813      0.78539816   0.0003551573859453975
      0.51132813       2.3561945   0.0003551573859452877

      0.57148438      0.78539816   0.0003546951357114296
      0.57148438       2.3561945   0.0003546951357116505

      0.63164063      0.78539816   0.0003541822274808627
      0.63164063       2.3561945   0.0003541822274808638

      0.69179687      0.78539816   0.0003536188819894562
      0.69179687       2.3561945   0.0003536188819895662

      0.75195312      0.78539816   0.0003530053413963306
      0.75195312       2.3561945   0.0003530053413963313

      0.81210938      0.78539816   0.0003523418690956241
      0.81210938       2.3561945   0.0003523418690956239

      0.87226563      0.78539816   0.0003516287495172498
      0.87226563       2.3561945   0.0003516287495172495

      0.93242188      0.78539816   0.0003508662879076553
      0.93242188       2.3561945   0.0003508662879076561

      0.99257812      0.78539816   0.0003500548100965708
      0.99257812       2.3561945   0.0003500548100964589

       1.0527344      0.78539816   0.0003491946622468056
       1.0527344       2.3561945   0.0003491946622468063

       1.1128906      0.78539816   0.0003482862105898602
       1.1128906       2.3561945   0.0003482862105896382

       1.1730469      0.78539816   0.0003473298411436156
       1.1730469       2.3561945   0.0003473298411436149

       1.2332031      0.78539816   0.0003463259594174504
       1.2332031       2.3561945   0.0003463259594173403

       1.2933594      0.78539816   0.0003452749900994724
       1.2933594       2.3561945   0.0003452749900996937

       1.3535156      0.78539816    0.000344177376732047
       1.3535156       2.3561945   0.0003441773767320476

       1.4136719      0.78539816   0.0003430335813697594
       1.4136719       2.3561945   0.0003430335813697588

       1.4738281      0.78539816   0.0003418440842248727
       1.4738281       2.3561945   0.0003418440842248735

       1.5339844      0.78539816   0.0003406093832983499
       1.5339844       2.3561945     0.00034060938329846

       1.5941406      0.78539816   0.0003393299939976614
       1.5941406       2.3561945   0.0003393299939976622

       1.6542969      0.78539816   0.0003380064487396937
       1.6542969       2.3561945   0.0003380064487396932

       1.7144531      0.78539816   0.0003366392965431447
       1.7144531       2.3561945   0.0003366392965431451

       1.7746094      0.78539816   0.0003352291026058449
       1.7746094       2.3561945   0.0003352291026058441

       1.8347656      0.78539816   0.0003337764478721299
       1.8347656       2.3561945   0.0003337764478720198

       1.8949219      0.78539816   0.0003322819285857214
       1.8949219       2.3561945   0.0003322819285857206

       1.9550781      0.78539816   0.0003307461558344899
       1.9550781       2.3561945   0.0003307461558344903

       2.0152344      0.78539816   0.0003291697550817545
       2.0152344       2.3561945   0.0003291697550815324

       2.0753906      0.78539816   0.0003275533656876933
       2.0753906       2.3561945   0.0003275533656874708

       2.1355469      0.78539816   0.0003258976404220586
       2.1355469       2.3561945   0.0003258976404220592

       2.1957031      0.78539816   0.0003242032449665338
       2.1957031       2.3561945   0.0003242032449666438

       2.2558594      0.78539816   0.0003224708574071289
       2.2558594       2.3561945   0.0003224708574069075

       2.3160156      0.78539816   0.0003207011677200514
       2.3160156       2.3561945   0.0003207011677200509

       2.3761719      0.78539816   0.0003188948772490636
       2.3761719       2.3561945    0.000318894877249064

       2.4363281      0.78539816   0.0003170526981758017
       2.4363281       2.3561945   0.0003170526981755788

       2.4964844      0.78539816   0.0003151753529824108
       2.4964844       2.3561945   0.0003151753529825227

       2.5566406      0.78539816   0.0003132635739105917
       2.5566406       2.3561945   0.0003132635739105908

       2.6167969      0.78539816   0.0003113181024115108
       2.6167969       2.3561945   0.0003113181024115111

       2.6769531      0.78539816    0.000309339688595186
       2.6769531       2.3561945   0.0003093396885951858

       2.7371094      0.78539816   0.0003073290906727867
       2.7371094       2.3561945   0.0003073290906725646

       2.7972656      0.78539816   0.0003052870743969579
       2.7972656       2.3561945   0.0003052870743969579

       2.8574219      0.78539816   0.0003032144124983842
       2.8574219       2.3561945   0.0003032144124983842

       2.9175781      0.78539816   0.0003011118841216189
       2.9175781       2.3561945   0.0003011118841216188

       2.9777344      0.78539816   0.0002989802742580829
       2.9777344       2.3561945   0.0002989802742580833

       3.0378906      0.78539816   0.0002968203731785939
       3.0378906       2.3561945    0.000296820373178815

       3.0980469      0.78539816   0.0002946329758685619
       3.0980469       2.3561945   0.0002946329758686736

       3.1582031      0.78539816   0.0002924188814587925
       3.1582031       2.3561945   0.0002924188814587919

       3.2183594      0.78539816    0.000290178892661908
       3.2183594       2.3561945   0.0002901788926619075

       3.2785156      0.78539816   0.0002879138152105466
       3.2785156       2.3561945   0.0002879138152106582

       3.3386719      0.78539816   0.0002856244572953882
       3.3386719       2.3561945   0.0002856244572953876

       3.3988281      0.78539816   0.0002833116290102094
       3.3988281       2.3561945   0.0002833116290102094

       3.4589844      0.78539816    0.000280976141798512
       3.4589844       2.3561945   0.0002809761417984009

       3.5191406      0.78539816   0.0002786188079072167
       3.5191406       2.3561945   0.0002786188079071057

       3.5792969      0.78539816   0.0002762404398438464
       3.5792969       2.3561945   0.0002762404398438459

       3.6394531      0.78539816   0.0002738418498412307
       3.6394531       2.3561945   0.0002738418498412302

       3.6996094      0.78539816     0.00027142384932948
       3.6996094       2.3561945     0.00027142384932948

       3.7597656      0.78539816   0.0002689872484136478
       3.7597656       2.3561945   0.0002689872484135355

       3.8199219      0.78539816   0.0002665328553610679
       3.8199219       2.3561945   0.0002665328553610672

       3.8800781      0.78539816   0.0002640614760979509
       3.8800781       2.3561945   0.0002640614760978399

       3.9402344      0.78539816   0.0002615739137128461
       3.9402344       2.3561945    0.000261573913712844

       4.0003906      0.78539816   0.0002590709679735695
       4.0003906       2.3561945   0.0002590709679736799

       4.0605469      0.78539816   0.0002565534348513249
       4.0605469       2.3561945   0.0002565534348514345

       4.1207031      0.78539816   0.0002540221060579534
       4.1207031       2.3561945   0.0002540221060579516

       4.1808594      0.78539816   0.0002514777685936504
       4.1808594       2.3561945   0.0002514777685936491

       4.2410156      0.78539816   0.0002489212043076903
       4.2410156       2.3561945    0.000248921204307688

       4.3011719      0.78539816   0.0002463531894705791
       4.3011719       2.3561945   0.0002463531894708002

       4.3613281      0.78539816   0.0002437744943603514
       4.3613281       2.3561945   0.0002437744943604593

       4.4214844      0.78539816   0.0002411858828607844
       4.4214844       2.3561945    0.000241185882860783

       4.4816406      0.78539816   0.0002385881120746897
       4.4816406       2.3561945   0.0002385881120749074

       4.5417969      0.78539816   0.0002359819319507338
       4.5417969       2.3561945   0.0002359819319508423

       4.6019531      0.78539816   0.0002333680849242455
       4.6019531       2.3561945   0.0002333680849242416

       4.6621094      0.78539816   0.0002307473055733918
       4.6621094       2.3561945   0.0002307473055733892

       4.7222656      0.78539816   0.0002281203202903442
       4.7222656       2.3561945   0.0002281203202903403

       4.7824219      0.78539816   0.0002254878469672093
       4.7824219       2.3561945   0.0002254878469670956

       4.8425781      0.78539816   0.0002228505946977054
       4.8425781       2.3561945   0.0002228505946978113

       4.9027344      0.78539816   0.0002202092634943269
       4.9027344       2.3561945   0.0002202092634942124

       4.9628906      0.78539816   0.0002175645440207704
       4.9628906       2.3561945   0.0002175645440208767

       5.0230469      0.78539816   0.0002149171173416574
       5.0230469       2.3561945   0.0002149171173415411

       5.0832031      0.78539816   0.0002122676546857057
       5.0832031       2.3561945   0.0002122676546855915

       5.1433594      0.78539816   0.0002096168172279704
       5.1433594       2.3561945    0.000209616817227967

       5.2035156      0.78539816   0.0002069652558856012
       5.2035156       2.3561945   0.0002069652558854872

       5.2636719      0.78539816   0.0002043136111293071
       5.2636719       2.3561945   0.0002043136111294151

       5.3238281      0.78539816   0.0002016625128135193
       5.3238281       2.3561945   0.0002016625128135158

       5.3839844      0.78539816   0.0001990125800195459
       5.3839844       2.3561945   0.0001990125800196525

       5.4441406      0.78539816   0.0001963644209155774
       5.4441406       2.3561945   0.0001963644209156846

       5.5042969      0.78539816   0.0001937186326323161
       5.5042969       2.3561945   0.0001937186326323119

       5.5644531      0.78539816   0.0001910758011534871
       5.5644531       2.3561945   0.0001910758011535943

       5.6246094      0.78539816   0.0001884365012221517
       5.6246094       2.3561945   0.0001884365012220376

       5.6847656      0.78539816   0.0001858012962615855
       5.6847656       2.3561945   0.0001858012962614715

       5.7449219      0.78539816   0.0001831707383106225
       5.7449219       2.3561945   0.0001831707383106177

       5.8050781      0.78539816    0.000180545367974879
       5.8050781       2.3561945   0.0001805453679748732

       5.8652344      0.78539816   0.0001779257143892402
       5.8652344       2.3561945   0.0001779257143892359

       5.9253906      0.78539816   0.0001753122951975901
       5.9253906       2.3561945   0.0001753122951975838

       5.9855469      0.78539816   0.0001727056165435623
       5.9855469       2.3561945    0.000172705616543667

       6.0457031      0.78539816   0.0001701061730752764
       6.0457031       2.3561945   0.0001701061730752702

       6.1058594      0.78539816   0.0001675144479625772
       6.1058594       2.3561945   0.0001675144479624583

       6.1660156      0.78539816   0.0001649309129266618
       6.1660156       2.3561945   0.0001649309129265456

       6.2261719      0.78539816   0.0001623560282821805
       6.2261719       2.3561945   0.0001623560282821752

       6.2863281      0.78539816   0.0001597902429894157
       6.2863281       2.3561945   0.0001597902429894109

       6.3464844      0.78539816   0.0001572339947189176
       6.3464844       2.3561945   0.0001572339947189113

       6.4066406      0.78539816   0.0001546877099254309
       6.4066406       2.3561945   0.0001546877099255368

       6.4667969      0.78539816   0.0001521518039328793
       6.4667969       2.3561945   0.0001521518039327615

       6.5269531      0.78539816   0.0001496266810280079
       6.5269531       2.3561945   0.0001496266810278938

       6.5871094      0.78539816   0.0001471127345636539
       6.5871094       2.3561945   0.0001471127345636459

       6.6472656      0.78539816   0.0001446103470715516
       6.6472656       2.3561945   0.0001446103470716602

       6.7074219      0.78539816   0.0001421198903800056
       6.7074219       2.3561945   0.0001421198903800018

       6.7675781      0.78539816   0.0001396417257432491
       6.7675781       2.3561945   0.0001396417257433582

       6.8277344      0.78539816    0.000137176203974325
       6.8277344       2.3561945   0.0001371762039742126

       6.8878906      0.78539816    0.000134723665586065
       6.8878906       2.3561945   0.0001347236655859514

       6.9480469      0.78539816   0.0001322844409386161
       6.9480469       2.3561945   0.0001322844409386123

       7.0082031      0.78539816   0.0001298588503910853
       7.0082031       2.3561945   0.0001298588503909701

       7.0683594      0.78539816   0.0001274472044586353
       7.0683594       2.3561945    0.000127447204458634

       7.1285156      0.78539816   0.0001250498039737942
       7.1285156       2.3561945   0.0001250498039739059

       7.1886719      0.78539816   0.0001226669402527548
       7.1886719       2.3561945   0.0001226669402527559

       7.2488281      0.78539816   0.0001202988952628263
       7.2488281       2.3561945   0.0001202988952629396

       7.3089844      0.78539816   0.0001179459417956987
       7.3089844       2.3561945   0.0001179459417957003

       7.3691406      0.78539816   0.0001156083436400702
       7.3691406       2.3561945   0.0001156083436399613

       7.4292969      0.78539816   0.0001132863557581943
       7.4292969       2.3561945   0.0001132863557583072

       7.4894531      0.78539816   0.0001109802244638828
       7.4894531       2.3561945   0.0001109802244638852

       7.5496094      0.78539816   0.0001086901876003469
       7.5496094       2.3561945   0.0001086901876003538

       7.6097656      0.78539816   0.0001064164747189357
       7.6097656       2.3561945   0.0001064164747189407

       7.6699219      0.78539816    0.000104159307258144
       7.6699219       2.3561945   0.0001041593072581488

       7.7300781      0.78539816   0.0001019188987236492
       7.7300781       2.3561945   0.0001019188987236542

       7.7902344      0.78539816   9.969545486404686e-05
       7.7902344       2.3561945   9.969545486416296e-05

       7.8503906      0.78539816   9.748917384988493e-05
       7.8503906       2.3561945   9.748917384988974e-05

       7.9105469      0.78539816   9.530024644696457e-05
       7.9105469       2.3561945   9.530024644685716e-05

       7.9707031      0.78539816   9.312885619144139e-05
       7.9707031       2.3561945   9.312885619144705e-05

       8.0308594      0.78539816   9.097517955980336e-05
       8.0308594       2.3561945   9.097517955980989e-05

       8.0910156      0.78539816   8.883938613841346e-05
       8.0910156       2.3561945   8.883938613841856e-05

       8.1511719      0.78539816   8.672163878876704e-05
       8.1511719       2.3561945   8.672163878865747e-05

       8.2113281      0.78539816   8.462209381025086e-05
       8.2113281       2.3561945   8.462209381025076e-05

       8.2714844      0.78539816   8.254090109961254e-05
       8.2714844       2.3561945   8.254090109950061e-05

       8.3316406      0.78539816   8.047820430584477e-05
       8.3316406       2.3561945   8.047820430595555e-05

       8.3917969      0.78539816   7.843414098320465e-05
       8.3917969       2.3561945   7.843414098320734e-05

       8.4519531      0.78539816   7.640884273728296e-05
       8.4519531       2.3561945   7.640884273717451e-05

       8.5121094      0.78539816   7.440243536891695e-05
       8.5121094       2.3561945    7.44024353688149e-05

       8.5722656      0.78539816   7.241503901281817e-05
       8.5722656       2.3561945   7.241503901271388e-05

       8.6324219      0.78539816   7.044676827175162e-05
       8.6324219       2.3561945    7.04467682717654e-05

       8.6925781      0.78539816   6.849773234621434e-05
       8.6925781       2.3561945   6.849773234622464e-05

       8.7527344      0.78539816   6.656803515747091e-05
       8.7527344       2.3561945   6.656803515736806e-05

       8.8128906      0.78539816    6.46577754686509e-05
       8.8128906       2.3561945   6.465777546866167e-05

       8.8730469      0.78539816   6.276704699808533e-05
       8.8730469       2.3561945   6.276704699820613e-05

       8.9332031      0.78539816   6.089593852902536e-05
       8.9332031       2.3561945   6.089593852892425e-05

       8.9933594      0.78539816   5.904453401234958e-05
       8.9933594       2.3561945   5.904453401246948e-05

       9.0535156      0.78539816   5.721291266778347e-05
       9.0535156       2.3561945   5.721291266789931e-05

       9.1136719      0.78539816   5.540114907493789e-05
       9.1136719       2.3561945    5.54011490748297e-05

       9.1738281      0.78539816   5.360931326335494e-05
       9.1738281       2.3561945   5.360931326336056e-05

       9.2339844      0.78539816   5.183747079504759e-05
       9.2339844       2.3561945   5.183747079494895e-05

       9.2941406      0.78539816   5.008568284233733e-05
       9.2941406       2.3561945   5.008568284246472e-05

       9.3542969      0.78539816   4.835400626183664e-05
       9.3542969       2.3561945   4.835400626174029e-05

       9.4144531      0.78539816   4.664249366131975e-05
       9.4144531       2.3561945   4.664249366122584e-05

       9.4746094      0.78539816   4.495119346311828e-05
       9.4746094       2.3561945   4.495119346290903e-05

       9.5347656      0.78539816   4.328014996258404e-05
       9.5347656       2.3561945    4.32801499625955e-05

       9.5949219      0.78539816   4.162940338195197e-05
       9.5949219       2.3561945   4.162940338207407e-05

       9.6550781      0.78539816   3.999898991810865e-05
       9.6550781       2.3561945   3.999898991800843e-05

       9.7152344      0.78539816   3.838894178830352e-05
       9.7152344       2.3561945   3.838894178831408e-05

       9.7753906      0.78539816   3.679928726995283e-05
       9.7753906       2.3561945   3.679928726996523e-05

       9.8355469      0.78539816   3.523005073640367e-05
       9.8355469       2.3561945   3.523005073652678e-05

       9.8957031      0.78539816   3.368125268974756e-05
       9.8957031       2.3561945   3.368125268964871e-05

       9.9558594      0.78539816   3.215290978828079e-05
       9.9558594       2.3561945    3.21529097882928e-05

       10.016016      0.78539816   3.064503487258715e-05
       10.016016       2.3561945   3.064503487271125e-05

       10.076172      0.78539816   2.915763698570132e-05
       10.076172       2.3561945   2.915763698571417e-05

       10.136328      0.78539816   2.769072139111111e-05
       10.136328       2.3561945   2.769072139124263e-05

       10.196484      0.78539816   2.624428958949628e-05
       10.196484       2.3561945   2.624428958951118e-05

       10.256641      0.78539816    2.48183393289527e-05
       10.256641       2.3561945    2.48183393290758e-05

       10.316797      0.78539816   2.341286461690768e-05
       10.316797       2.3561945   2.341286461691727e-05

       10.376953      0.78539816   2.202785572578782e-05
       10.376953       2.3561945   2.202785572590402e-05

       10.437109      0.78539816   2.066329919940499e-05
       10.437109       2.3561945   2.066329919940837e-05

       10.497266      0.78539816   1.931917785570489e-05
       10.497266       2.3561945   1.931917785570713e-05

       10.557422      0.78539816   1.799547078913868e-05
       10.557422       2.3561945     1.7995470789138e-05

       10.617578      0.78539816    1.66921533701195e-05
       10.617578       2.3561945   1.669215337022434e-05

       10.677734      0.78539816   1.540919724481939e-05
       10.677734       2.3561945   1.540919724481309e-05

       10.737891      0.78539816   1.414657033240976e-05
       10.737891       2.3561945   1.414657033240487e-05

       10.798047      0.78539816    1.29042368232722e-05
       10.798047       2.3561945   1.290423682338443e-05

       10.858203      0.78539816   1.168215717463232e-05
       10.858203       2.3561945   1.168215717463496e-05

       10.918359      0.78539816   1.048028810723878e-05
       10.918359       2.3561945   1.048028810712693e-05

       10.978516      0.78539816   9.298582601504356e-06
       10.978516       2.3561945   9.298582601391589e-06

       11.038672      0.78539816    8.13698989424137e-06
       11.038672       2.3561945    8.13698989412465e-06

       11.098828      0.78539816   6.995455474853946e-06
       11.098828       2.3561945   6.995455474739085e-06

       11.158984      0.78539816   5.873921081845681e-06
       11.158984       2.3561945   5.873921081842757e-06

       11.219141      0.78539816   4.772324701301375e-06
       11.219141       2.3561945   4.772324701409682e-06

       11.279297      0.78539816   3.690600565736123e-06
       11.279297       2.3561945   3.690600565739349e-06

       11.339453      0.78539816   2.628679152334304e-06
       11.339453       2.3561945   2.628679152335437e-06

       11.399609      0.78539816   1.586487185509148e-06
       11.399609       2.3561945   1.586487185511216e-06

       11.459766      0.78539816   5.639476388200116e-07
       11.459766       2.3561945   5.639476388251344e-07

       11.519922      0.78539816  -4.390202624621315e-07
       11.519922       2.3561945   -4.39020262459946e-07

       11.580078      0.78539816  -1.422501033471813e-06
       11.580078       2.3561945  -1.422501033472494e-06

       11.640234      0.78539816  -2.386582924221477e-06
       11.640234       2.3561945  -2.386582924338266e-06

       11.700391      0.78539816  -3.331357908829251e-06
       11.700391       2.3561945   -3.33135790882207e-06

       11.760547      0.78539816  -4.256921673773988e-06
       11.760547       2.3561945  -4.256921673867488e-06

       11.820703      0.78539816  -5.163373604929027e-06
       11.820703       2.3561945  -5.163373604806227e-06

       11.880859      0.78539816  -6.050816770081673e-06
       11.880859       2.3561945  -6.050816770068242e-06

       11.941016      0.78539816  -6.919357900935846e-06
       11.941016       2.3561945  -6.919357901021615e-06

       12.001172      0.78539816  -7.769107370819898e-06
       12.001172       2.3561945  -7.769107370688732e-06

       12.061328      0.78539816  -8.600179170972901e-06
       12.061328       2.3561945  -8.600179170955124e-06

       12.121484      0.78539816  -9.412690884130388e-06
       12.121484       2.3561945  -9.412690883992881e-06

       12.181641      0.78539816   -1.02067636534672e-05
       12.181641       2.3561945   -1.02067636535579e-05

       12.241797      0.78539816  -1.098252215153517e-05
       12.241797       2.3561945  -1.098252215151479e-05

       12.301953      0.78539816  -1.174009454377469e-05
       12.301953       2.3561945  -1.174009454364882e-05

       12.362109      0.78539816  -1.247961245020116e-05
       12.362109       2.3561945  -1.247961245007483e-05

       12.422266      0.78539816  -1.320121090423503e-05
       12.422266       2.3561945  -1.320121090410996e-05

       12.482422      0.78539816  -1.390502830781608e-05
       12.482422       2.3561945  -1.390502830768408e-05

       12.542578      0.78539816  -1.459120638429967e-05
       12.542578       2.3561945  -1.459120638439085e-05

       12.602734      0.78539816  -1.525989012787095e-05
       12.602734       2.3561945  -1.525989012774854e-05

       12.662891      0.78539816  -1.591122774944397e-05
       12.662891       2.3561945  -1.591122774943075e-05

       12.723047      0.78539816  -1.654537062098151e-05
       12.723047       2.3561945  -1.654537062107201e-05

       12.783203      0.78539816  -1.716247321567514e-05
       12.783203       2.3561945  -1.716247321565666e-05

       12.843359      0.78539816  -1.776269304460271e-05
       12.843359       2.3561945  -1.776269304458943e-05

       12.903516      0.78539816  -1.834619059305076e-05
       12.903516       2.3561945  -1.834619059293127e-05

       12.963672      0.78539816  -1.891312925075568e-05
       12.963672       2.3561945  -1.891312925085839e-05

       13.023828      0.78539816  -1.946367524232882e-05
       13.023828       2.3561945  -1.946367524221521e-05

       13.083984      0.78539816  -1.999799755180288e-05
       13.083984       2.3561945  -1.999799755168402e-05

       13.144141      0.78539816  -2.051626784797273e-05
       13.144141       2.3561945  -2.051626784796863e-05

       13.204297      0.78539816   -2.10186604042566e-05
       13.204297       2.3561945  -2.101866040436902e-05

       13.264453      0.78539816  -2.150535201832653e-05
       13.264453       2.3561945  -2.150535201832426e-05

       13.324609      0.78539816  -2.197652192658092e-05
       13.324609       2.3561945  -2.197652192657646e-05

       13.384766      0.78539816  -2.243235171962217e-05
       13.384766       2.3561945   -2.24323517197306e-05

       13.444922      0.78539816  -2.287302525302228e-05
       13.444922       2.3561945  -2.287302525311972e-05

       13.505078      0.78539816  -2.329872855723833e-05
       13.505078       2.3561945  -2.329872855710897e-05

       13.565234      0.78539816   -2.37096497446261e-05
       13.565234       2.3561945  -2.370964974450677e-05

       13.625391      0.78539816  -2.410597891544415e-05
       13.625391       2.3561945  -2.410597891555193e-05

       13.685547      0.78539816  -2.448790806188829e-05
       13.685547       2.3561945  -2.448790806187783e-05

       13.745703      0.78539816  -2.485563096990715e-05
       13.745703       2.3561945   -2.48556309698908e-05

       13.805859      0.78539816   -2.52093431210107e-05
       13.805859       2.3561945  -2.520934312111118e-05

       13.866016      0.78539816  -2.554924158805053e-05
       13.866016       2.3561945  -2.554924158804354e-05

       13.926172      0.78539816  -2.587552494427152e-05
       13.926172       2.3561945   -2.58755249442667e-05

       13.986328      0.78539816  -2.618839312987922e-05
       13.986328       2.3561945  -2.618839312998172e-05

       14.046484      0.78539816  -2.648804742952902e-05
       14.046484       2.3561945   -2.64880474295157e-05

       14.106641      0.78539816    -2.6774690154218e-05
       14.106641       2.3561945  -2.677469015430629e-05

       14.166797      0.78539816  -2.704852509161848e-05
       14.166797       2.3561945  -2.704852509160759e-05

       14.226953      0.78539816  -2.730975595540641e-05
       14.226953       2.3561945  -2.730975595530033e-05

       14.287109      0.78539816  -2.755859002061404e-05
       14.287109       2.3561945   -2.75585900206112e-05

       14.347266      0.78539816  -2.779522835452914e-05
       14.347266       2.3561945  -2.779522835463145e-05

       14.407422      0.78539816  -2.801989059251095e-05
       14.407422       2.3561945  -2.801989059250945e-05

       14.467578      0.78539816  -2.823275092582833e-05
       14.467578       2.3561945  -2.823275092583998e-05

       14.527734      0.78539816   -2.84341016749822e-05
       14.527734       2.3561945   -2.84341016752161e-05

       14.587891      0.78539816  -2.862393507511882e-05
       14.587891       2.3561945  -2.862393507501404e-05

       14.648047      0.78539816  -2.880300836090559e-05
       14.648047       2.3561945  -2.880300836090724e-05

       14.708203      0.78539816  -2.897013705220775e-05
       14.708203       2.3561945  -2.897013705231511e-05

       14.768359      0.78539816  -2.912905438212987e-05
       14.768359       2.3561945  -2.912905438212561e-05

       14.828516      0.78539816  -2.927107235898269e-05
       14.828516       2.3561945  -2.927107235897043e-05

       14.888672      0.78539816  -2.941881695754051e-05
       14.888672       2.3561945   -2.94188169575349e-05

       14.948828      0.78539816  -2.951574550962587e-05
       14.948828       2.3561945  -2.951574550961415e-05

       15.008984      0.78539816  -2.970802713318461e-05
       15.008984       2.3561945  -2.970802713316858e-05

       15.069141      0.78539816  -2.960803017686333e-05
       15.069141       2.3561945  -2.960803017707801e-05

       15.129297      0.78539816  -2.995632508032695e-05
       15.129297       2.3561945  -2.995632508032754e-05

       15.189453      0.78539816  -3.160674667783567e-05
       15.189453       2.3561945  -3.160674667771095e-05

       15.249609      0.78539816  -2.124825400893361e-05
       15.249609       2.3561945  -2.124825400891314e-05

       15.309766      0.78539816  -9.109453701483381e-05
       15.309766       2.3561945  -9.109453701482324e-05

       15.369922      0.78539816   -0.007509081318937584
       15.369922       2.3561945   -0.007509081318937593

       15.430078      0.78539816   -0.001131698344460629
       15.430078       2.3561945   -0.001131698344460633

       15.490234      0.78539816   5.752774804041491e-06
       15.490234       2.3561945   5.752774804179727e-06

       15.550391      0.78539816  -8.402689185300211e-07
       15.550391       2.3561945  -8.402689184429867e-07

       15.610547      0.78539816   9.275445521563708e-06
       15.610547       2.3561945   9.275445521570089e-06

