# File created on Wed Jul  8 11:31:11 2026
# ======================================== 
# = Running code assuming AXISYMMETRY    = 
# ======================================== 
# Data for Inflation GW initial data initial data at coord. time 0.0377973 and proper central time 0.0377973
# Evolved with (264,10,9) gridpoints (including 4 ghosts)
# Evolution with geodesic slicing and constant shift
# using eighth-order spatial differencing with 4 ghost zones 
# data 1 at theta = 0 and phi = 3.14159
# data 2 at theta = 1.5708 and phi = 3.14159
#                      r                     phi                     phi
#                               (     0,3.14159)        (1.5708,3.14159)
#========================================================================
            -0.210546875   0.0003567025607485309   0.0003567025607485306
            -0.150390625   0.0003568574463043739   0.0003568574463043744
    -0.09023437500000001   0.0003569607405872252   0.0003569607405872244
            -0.030078125   0.0003570123989056135   0.0003570123989056893
             0.030078125   0.0003570123989057649   0.0003570123989056893
     0.09023437500000001   0.0003569607405872235   0.0003569607405872244
             0.150390625   0.0003568574463043749   0.0003568574463043744
             0.210546875   0.0003567025607485303   0.0003567025607485306
             0.270703125   0.0003564961509138385   0.0003564961509139131
             0.330859375   0.0003562383060467791   0.0003562383060468534
             0.391015625   0.0003559291375777539   0.0003559291375777545
             0.451171875   0.0003555687790352644   0.0003555687790352637
             0.511328125   0.0003551573859454164   0.0003551573859453426
             0.571484375   0.0003546951357113916     0.00035469513571154
      0.6316406250000001   0.0003541822274808625   0.0003541822274808632
             0.691796875   0.0003536188819894373   0.0003536188819895112
             0.751953125   0.0003530053413963304   0.0003530053413963309
             0.812109375   0.0003523418690956241    0.000352341869095624
             0.872265625   0.0003516287495172498   0.0003516287495172497
      0.9324218750000001   0.0003508662879076552   0.0003508662879076557
             0.992578125     0.00035005481009659   0.0003500548100965149
             1.052734375   0.0003491946622468055   0.0003491946622468059
             1.112890625   0.0003482862105898984   0.0003482862105897492
             1.173046875   0.0003473298411436157   0.0003473298411436152
             1.233203125   0.0003463259594174693   0.0003463259594173953
             1.293359375   0.0003452749900994344    0.000345274990099583
             1.353515625    0.000344177376732047   0.0003441773767320473
             1.413671875   0.0003430335813697594   0.0003430335813697591
             1.473828125   0.0003418440842248726   0.0003418440842248731
             1.533984375    0.000340609383298331    0.000340609383298405
             1.594140625   0.0003393299939976612   0.0003393299939976618
             1.654296875   0.0003380064487396938   0.0003380064487396935
             1.714453125   0.0003366392965431447   0.0003366392965431449
             1.774609375   0.0003352291026058451   0.0003352291026058445
             1.834765625   0.0003337764478721489   0.0003337764478720749
             1.894921875   0.0003322819285857215    0.000332281928585721
             1.955078125   0.0003307461558344899   0.0003307461558344901
             2.015234375   0.0003291697550817926   0.0003291697550816434
             2.075390625   0.0003275533656877315   0.0003275533656875821
             2.135546875   0.0003258976404220585   0.0003258976404220589
             2.195703125   0.0003242032449665149   0.0003242032449665889
             2.255859375   0.0003224708574071669   0.0003224708574070182
             2.316015625   0.0003207011677200515   0.0003207011677200512
             2.376171875   0.0003188948772490635   0.0003188948772490638
             2.436328125     0.00031705269817584   0.0003170526981756903
             2.496484375   0.0003151753529823915   0.0003151753529824667
             2.556640625   0.0003132635739105919   0.0003132635739105913
             2.616796875   0.0003113181024115107   0.0003113181024115109
             2.676953125    0.000309339688595186   0.0003093396885951859
             2.737109375   0.0003073290906728248   0.0003073290906726756
             2.797265625   0.0003052870743969579   0.0003052870743969579
             2.857421875   0.0003032144124983842   0.0003032144124983842
             2.917578125   0.0003011118841216189   0.0003011118841216188
             2.977734375   0.0002989802742580829   0.0002989802742580831
             3.037890625   0.0002968203731785559   0.0002968203731787045
             3.098046875   0.0002946329758685426   0.0002946329758686178
             3.158203125   0.0002924188814587925   0.0002924188814587922
             3.218359375   0.0002901788926619081   0.0002901788926619078
             3.278515625   0.0002879138152105274   0.0002879138152106025
             3.338671875   0.0002856244572953882   0.0002856244572953879
             3.398828125   0.0002833116290102094   0.0002833116290102094
             3.458984375   0.0002809761417985311   0.0002809761417984565
             3.519140625   0.0002786188079072357   0.0002786188079071612
             3.579296875   0.0002762404398438465   0.0002762404398438462
             3.639453125   0.0002738418498412307   0.0002738418498412304
             3.699609375     0.00027142384932948     0.00027142384932948
             3.759765625   0.0002689872484136671   0.0002689872484135916
             3.819921875   0.0002665328553610681   0.0002665328553610676
             3.880078125     0.00026406147609797   0.0002640614760978954
             3.940234375   0.0002615739137128465    0.000261573913712845
       4.000390625000001   0.0002590709679735506   0.0002590709679736247
             4.060546875    0.000256553434851306   0.0002565534348513797
             4.120703125   0.0002540221060579537   0.0002540221060579525
             4.180859375   0.0002514777685936506   0.0002514777685936497
             4.241015625   0.0002489212043076906   0.0002489212043076891
       4.301171875000001   0.0002463531894705411   0.0002463531894706896
             4.361328125   0.0002437744943603328   0.0002437744943604054
             4.421484375   0.0002411858828607846   0.0002411858828607837
             4.481640625   0.0002385881120746522   0.0002385881120747986
             4.541796875   0.0002359819319507151    0.000235981931950788
       4.601953125000001   0.0002333680849242462   0.0002333680849242435
             4.662109375   0.0002307473055733923   0.0002307473055733905
             4.722265625   0.0002281203202903448   0.0002281203202903422
             4.782421875   0.0002254878469672288   0.0002254878469671524
             4.842578125   0.0002228505946976871   0.0002228505946977583
       4.902734375000001   0.0002202092634943466   0.0002202092634942697
             4.962890625   0.0002175645440207522   0.0002175645440208236
             5.023046875   0.0002149171173416774   0.0002149171173415992
             5.083203125   0.0002122676546857253   0.0002122676546856486
             5.143359375   0.0002096168172279709   0.0002096168172279687
       5.203515625000001   0.0002069652558856208   0.0002069652558855442
             5.263671875   0.0002043136111292886   0.0002043136111293611
             5.323828125   0.0002016625128135199   0.0002016625128135175
             5.383984375   0.0001990125800195275   0.0001990125800195992
             5.444140625    0.000196364420915559    0.000196364420915631
       5.504296875000001   0.0001937186326323168    0.000193718632632314
             5.564453125   0.0001910758011534687   0.0001910758011535407
             5.624609375   0.0001884365012221713   0.0001884365012220947
             5.684765625   0.0001858012962616051   0.0001858012962615285
             5.744921875   0.0001831707383106233   0.0001831707383106201
       5.805078125000001     0.00018054536797488   0.0001805453679748761
             5.865234375   0.0001779257143892409    0.000177925714389238
             5.925390625   0.0001753122951975912    0.000175312295197587
             5.985546875   0.0001727056165435443   0.0001727056165436147
             6.045703125   0.0001701061730752775   0.0001701061730752733
       6.105859375000001   0.0001675144479625976   0.0001675144479625177
             6.166015625   0.0001649309129266818   0.0001649309129266037
             6.226171875   0.0001623560282821814   0.0001623560282821778
             6.286328125   0.0001597902429894165   0.0001597902429894133
             6.346484375   0.0001572339947189187   0.0001572339947189145
       6.406640625000001   0.0001546877099254127   0.0001546877099254838
             6.466796875   0.0001521518039328995   0.0001521518039328204
             6.526953125   0.0001496266810280275   0.0001496266810279508
             6.587109375   0.0001471127345636553   0.0001471127345636499
             6.647265625    0.000144610347071533   0.0001446103470716059
       6.707421875000001   0.0001421198903800062   0.0001421198903800037
             6.767578125   0.0001396417257432303   0.0001396417257433036
             6.827734375   0.0001371762039743443   0.0001371762039742688
             6.887890625   0.0001347236655860846   0.0001347236655860082
             6.948046875   0.0001322844409386168   0.0001322844409386142
       7.008203125000001   0.0001298588503911051   0.0001298588503910277
             7.068359375   0.0001274472044586355   0.0001274472044586346
             7.128515625    0.000125049803973775     0.00012504980397385
             7.188671875   0.0001226669402527546   0.0001226669402527554
             7.248828125   0.0001202988952628068   0.0001202988952628829
       7.308984375000001   0.0001179459417956984   0.0001179459417956995
             7.369140625   0.0001156083436400889   0.0001156083436400157
             7.429296875   0.0001132863557581749   0.0001132863557582508
             7.489453125   0.0001109802244638824    0.000110980224463884
             7.549609375   0.0001086901876003457   0.0001086901876003504
       7.609765625000001   0.0001064164747189349   0.0001064164747189382
             7.669921875   0.0001041593072581431   0.0001041593072581464
             7.730078125   0.0001019188987236484   0.0001019188987236517
             7.790234375    9.96954548640269e-05   9.969545486410492e-05
             7.850390625    9.74891738498841e-05   9.748917384988734e-05
       7.910546875000001   9.530024644698305e-05   9.530024644691086e-05
             7.970703125   9.312885619144041e-05   9.312885619144422e-05
             8.030859375   9.097517955980224e-05   9.097517955980663e-05
       8.091015625000001   8.883938613841258e-05   8.883938613841601e-05
       8.151171875000001   8.672163878878588e-05   8.672163878871226e-05
             8.211328125   8.462209381025087e-05    8.46220938102508e-05
             8.271484375   8.254090109963177e-05   8.254090109955658e-05
             8.331640625   8.047820430582573e-05   8.047820430590016e-05
       8.391796875000001   7.843414098320418e-05   7.843414098320599e-05
       8.451953125000001   7.640884273730159e-05   7.640884273722873e-05
             8.512109375   7.440243536893449e-05   7.440243536886593e-05
             8.572265625    7.24150390128361e-05   7.241503901276602e-05
             8.632421875   7.044676827174925e-05   7.044676827175852e-05
       8.692578125000001   6.849773234621257e-05   6.849773234621949e-05
       8.752734375000001   6.656803515748859e-05   6.656803515741949e-05
             8.812890625   6.465777546864905e-05   6.465777546865628e-05
             8.873046875   6.276704699806457e-05   6.276704699814572e-05
             8.933203125   6.089593852904274e-05   6.089593852897481e-05
       8.993359375000001   5.904453401232898e-05   5.904453401240953e-05
       9.053515625000001   5.721291266776356e-05   5.721291266784139e-05
             9.113671875   5.540114907495649e-05    5.54011490748838e-05
             9.173828125   5.360931326335397e-05   5.360931326335775e-05
             9.233984375   5.183747079506455e-05   5.183747079499827e-05
       9.294140625000001   5.008568284231544e-05   5.008568284240102e-05
       9.354296875000001    4.83540062618532e-05   4.835400626178847e-05
             9.414453125   4.664249366133589e-05   4.664249366127279e-05
             9.474609375   4.495119346315424e-05   4.495119346301366e-05
             9.534765625   4.328014996258208e-05   4.328014996258977e-05
       9.594921875000001   4.162940338193098e-05   4.162940338201302e-05
       9.655078125000001   3.999898991812588e-05   3.999898991805854e-05
             9.715234375    3.83889417883017e-05    3.83889417883088e-05
             9.775390625   3.679928726995069e-05   3.679928726995903e-05
             9.835546875   3.523005073638251e-05   3.523005073646523e-05
       9.895703125000001   3.368125268976456e-05   3.368125268969814e-05
       9.955859375000001   3.215290978827872e-05   3.215290978828679e-05
            10.016015625   3.064503487256582e-05    3.06450348726492e-05
            10.076171875   2.915763698569911e-05   2.915763698570775e-05
            10.136328125    2.76907213910885e-05   2.769072139117687e-05
            10.196484375   2.624428958949372e-05   2.624428958950373e-05
            10.256640625   2.481833932893154e-05   2.481833932901425e-05
            10.316796875   2.341286461690603e-05   2.341286461691248e-05
            10.376953125   2.202785572576785e-05   2.202785572584592e-05
            10.437109375    2.06632991994044e-05   2.066329919940668e-05
            10.497265625   1.931917785570451e-05   1.931917785570602e-05
            10.557421875   1.799547078913879e-05   1.799547078913834e-05
            10.617578125   1.669215337010148e-05   1.669215337017192e-05
            10.677734375   1.540919724482047e-05   1.540919724481625e-05
            10.737890625    1.41465703324106e-05   1.414657033240732e-05
            10.798046875   1.290423682325291e-05   1.290423682332832e-05
            10.858203125   1.168215717463186e-05   1.168215717463364e-05
            10.918359375     1.0480288107258e-05   1.048028810718285e-05
            10.978515625   9.298582601523738e-06   9.298582601447972e-06
            11.038671875   8.136989894261431e-06   8.136989894183009e-06
            11.098828125   6.995455474873687e-06   6.995455474796515e-06
            11.158984375   5.873921081846184e-06   5.873921081844219e-06
            11.219140625    4.77232470128276e-06   4.772324701355528e-06
            11.279296875   3.690600565735568e-06   3.690600565737736e-06
            11.339453125    2.62867915233411e-06   2.628679152334871e-06
            11.399609375   1.586487185508792e-06   1.586487185510182e-06
            11.459765625   5.639476388191311e-07    5.63947638822573e-07
            11.519921875  -4.390202624625071e-07  -4.390202624610387e-07
            11.580078125  -1.422501033471696e-06  -1.422501033472153e-06
            11.640234375  -2.386582924201404e-06  -2.386582924279872e-06
            11.700390625  -3.331357908830485e-06  -3.331357908825661e-06
            11.760546875  -4.256921673757918e-06  -4.256921673820738e-06
            11.820703125  -5.163373604950133e-06  -5.163373604867627e-06
            11.880859375  -6.050816770083981e-06  -6.050816770074958e-06
            11.941015625  -6.919357900921105e-06  -6.919357900978731e-06
            12.001171875  -7.769107370842441e-06  -7.769107370754316e-06
            12.061328125  -8.600179170975957e-06  -8.600179170964012e-06
            12.121484375  -9.412690884154022e-06  -9.412690884061634e-06
            12.181640625  -1.020676365345161e-05  -1.020676365351255e-05
            12.241796875  -1.098252215153867e-05  -1.098252215152498e-05
            12.301953125  -1.174009454379632e-05  -1.174009454371175e-05
            12.362109375  -1.247961245022287e-05  -1.247961245013799e-05
            12.422265625  -1.320121090425653e-05  -1.320121090417249e-05
            12.482421875  -1.390502830783877e-05  -1.390502830775008e-05
            12.542578125    -1.4591206384284e-05  -1.459120638434526e-05
            12.602734375  -1.525989012789199e-05  -1.525989012780975e-05
            12.662890625  -1.591122774944624e-05  -1.591122774943736e-05
            12.723046875  -1.654537062096595e-05  -1.654537062102676e-05
            12.783203125  -1.716247321567832e-05   -1.71624732156659e-05
            12.843359375  -1.776269304460499e-05  -1.776269304459607e-05
            12.903515625   -1.83461905930713e-05  -1.834619059299102e-05
            12.963671875  -1.891312925073803e-05  -1.891312925080703e-05
            13.023828125  -1.946367524234835e-05  -1.946367524227202e-05
            13.083984375  -1.999799755182331e-05  -1.999799755174345e-05
            13.144140625  -2.051626784797344e-05  -2.051626784797068e-05
            13.204296875  -2.101866040423728e-05  -2.101866040431281e-05
            13.264453125  -2.150535201832692e-05   -2.15053520183254e-05
            13.324609375  -2.197652192658169e-05  -2.197652192657869e-05
            13.384765625  -2.243235171960354e-05  -2.243235171967639e-05
            13.444921875  -2.287302525300553e-05    -2.2873025253071e-05
            13.505078125  -2.329872855726056e-05  -2.329872855717365e-05
            13.565234375  -2.370964974464661e-05  -2.370964974456644e-05
            13.625390625  -2.410597891542563e-05  -2.410597891549804e-05
            13.685546875  -2.448790806189009e-05  -2.448790806188306e-05
            13.745703125  -2.485563096990996e-05  -2.485563096989898e-05
            13.805859375  -2.520934312099343e-05  -2.520934312106094e-05
            13.866015625  -2.554924158805173e-05  -2.554924158804703e-05
            13.926171875  -2.587552494427235e-05  -2.587552494426911e-05
            13.986328125   -2.61883931298616e-05  -2.618839312993047e-05
            14.046484375  -2.648804742953131e-05  -2.648804742952236e-05
            14.106640625  -2.677469015420283e-05  -2.677469015426215e-05
            14.166796875  -2.704852509162035e-05  -2.704852509161304e-05
            14.226953125  -2.730975595542464e-05  -2.730975595535337e-05
            14.287109375  -2.755859002061453e-05  -2.755859002061262e-05
            14.347265625  -2.779522835451156e-05   -2.77952283545803e-05
            14.407421875  -2.801989059251121e-05   -2.80198905925102e-05
            14.467578125  -2.823275092582633e-05  -2.823275092583416e-05
            14.527734375    -2.8434101674942e-05  -2.843410167509915e-05
            14.587890625  -2.862393507513683e-05  -2.862393507506643e-05
            14.648046875   -2.88030083609053e-05  -2.880300836090641e-05
            14.708203125  -2.897013705218929e-05  -2.897013705226143e-05
            14.768359375   -2.91290543821306e-05  -2.912905438212774e-05
            14.828515625   -2.92710723589848e-05  -2.927107235897656e-05
            14.888671875  -2.941881695754148e-05  -2.941881695753771e-05
            14.948828125  -2.951574550962788e-05  -2.951574550962001e-05
            15.008984375  -2.970802713318737e-05  -2.970802713317659e-05
            15.069140625  -2.960803017682643e-05  -2.960803017697067e-05
            15.129296875  -2.995632508032685e-05  -2.995632508032725e-05
            15.189453125  -3.160674667785711e-05  -3.160674667777331e-05
            15.249609375  -2.124825400893712e-05  -2.124825400892337e-05
            15.309765625  -9.109453701483564e-05  -9.109453701482853e-05
            15.369921875   -0.007509081318937582   -0.007509081318937589
            15.430078125   -0.001131698344460628   -0.001131698344460631
            15.490234375   5.752774804017732e-06   5.752774804110609e-06
            15.550390625  -8.402689185449801e-07  -8.402689184865039e-07
            15.610546875    9.27544552156261e-06   9.275445521566899e-06
