             0.030078125       2.233681613579356       2.233681613579356
     0.09023437500000001       2.209064562218298       2.209064562218298
             0.150390625        2.16321105599718        2.16321105599718
             0.210546875       2.101643969341124       2.101643969341124
             0.270703125       2.030582138264845       2.030582138264845
             0.330859375       1.955636599775941       1.955636599775941
             0.391015625       1.881127665155883       1.881127665155883
             0.451171875       1.809957434775616       1.809957434775616
             0.511328125       1.743807198976359       1.743807198976359
             0.571484375        1.68344805149945        1.68344805149945
      0.6316406250000001       1.629039814820982       1.629039814820982
             0.691796875       1.580368543019855       1.580368543019855
             0.751953125        1.53701582075782        1.53701582075782
             0.812109375       1.498470796299102       1.498470796299102
             0.872265625       1.464199875737183       1.464199875737183
      0.9324218750000001       1.433687324575465       1.433687324575465
             0.992578125       1.406456832944529       1.406456832944529
             1.052734375        1.38208110040417        1.38208110040417
             1.112890625       1.360184172414066       1.360184172414066
             1.173046875        1.34043961313587        1.34043961313587
             1.233203125       1.322566483252487       1.322566483252487
             1.293359375       1.306324352656031       1.306324352656031
             1.353515625        1.29150809388754        1.29150809388754
             1.413671875       1.277942887034503       1.277942887034503
             1.473828125        1.26547966314931        1.26547966314931
             1.533984375       1.253991083850455       1.253991083850455
             1.594140625       1.243368075200301       1.243368075200301
             1.654296875       1.233516887881497       1.233516887881497
             1.714453125       1.224356631876431       1.224356631876431
             1.774609375       1.215817224398072       1.215817224398072
             1.834765625       1.207837689167016       1.207837689167016
             1.894921875       1.200364749425416       1.200364749425416
             1.955078125       1.193351663745149       1.193351663745149
             2.015234375        1.18675726109079        1.18675726109079
             2.075390625        1.18054513878176        1.18054513878176
             2.135546875       1.174682993470263       1.174682993470263
             2.195703125       1.169142060818481       1.169142060818481
             2.255859375       1.163896644202559       1.163896644202559
             2.316015625       1.158923716567678       1.158923716567678
             2.376171875       1.154202582622778       1.154202582622778
             2.436328125       1.149714591018153       1.149714591018153
             2.496484375       1.145442888108467       1.145442888108467
             2.556640625       1.141372206466854       1.141372206466854
             2.616796875       1.137488682564555       1.137488682564555
             2.676953125       1.133779699031042       1.133779699031042
             2.737109375       1.130233747714194       1.130233747714194
             2.797265625       1.126840310409797       1.126840310409797
             2.857421875       1.123589754656654       1.123589754656654
             2.917578125       1.120473242422971       1.120473242422971
             2.977734375       1.117482649861026       1.117482649861026
             3.037890625       1.114610496595925       1.114610496595925
             3.098046875       1.111849883252552       1.111849883252552
             3.158203125       1.109194436122287       1.109194436122287
             3.218359375       1.106638258035323       1.106638258035323
             3.278515625       1.104175884641529       1.104175884641529
             3.338671875       1.101802245417706       1.101802245417706
             3.398828125       1.099512628815656       1.099512628815656
             3.458984375       1.097302651046982       1.097302651046982
             3.519140625       1.095168228069435       1.095168228069435
             3.579296875       1.093105550398174       1.093105550398174
             3.639453125       1.091111060415078       1.091111060415078
             3.699609375       1.089181431891779       1.089181431891779
             3.759765625        1.08731355147849        1.08731355147849
             3.819921875       1.085504501941919       1.085504501941919
             3.880078125       1.083751546962437       1.083751546962437
             3.940234375       1.082052117323882       1.082052117323882
       4.000390625000001        1.08040379834939        1.08040379834939
             4.060546875       1.078804318454044       1.078804318454044
             4.120703125       1.077251538700204       1.077251538700204
             4.180859375       1.075743443254544       1.075743443254544
             4.241015625       1.074278130657246       1.074278130657246
       4.301171875000001       1.072853805823858       1.072853805823858
             4.361328125       1.071468772709061       1.071468772709061
             4.421484375       1.070121427569315       1.070121427569315
             4.481640625       1.068810252768108       1.068810252768108
             4.541796875       1.067533811073505       1.067533811073505
       4.601953125000001       1.066290740402948       1.066290740402948
             4.662109375       1.065079748974911       1.065079748974911
             4.722265625       1.063899610831124       1.063899610831124
             4.782421875        1.06274916169675        1.06274916169675
             4.842578125       1.061627295149114       1.061627295149114
       4.902734375000001       1.060532959068491       1.060532959068491
             4.962890625       1.059465152347018       1.059465152347018
             5.023046875       1.058422921834094       1.058422921834094
             5.083203125       1.057405359498671       1.057405359498671
             5.143359375       1.056411599790682       1.056411599790682
       5.203515625000001       1.055440817185496       1.055440817185496
             5.263671875       1.054492223896751       1.054492223896751
             5.323828125       1.053565067744244       1.053565067744244
             5.383984375       1.052658630164764       1.052658630164764
             5.444140625       1.051772224354799       1.051772224354799
       5.504296875000001       1.050905193535034       1.050905193535034
             5.564453125       1.050056909327419       1.050056909327419
             5.624609375       1.049226770236389       1.049226770236389
             5.684765625       1.048414200226505       1.048414200226505
             5.744921875       1.047618647389469       1.047618647389469
       5.805078125000001       1.046839582694008       1.046839582694008
             5.865234375       1.046076498812696       1.046076498812696
             5.925390625       1.045328909020238       1.045328909020238
             5.985546875        1.04459634615818        1.04459634615818
             6.045703125       1.043878361661443       1.043878361661443
       6.105859375000001       1.043174524642386       1.043174524642386
             6.166015625       1.042484421028498       1.042484421028498
             6.226171875       1.041807652750068       1.041807652750068
             6.286328125       1.041143836974503       1.041143836974503
             6.346484375       1.040492605384191       1.040492605384191
       6.406640625000001       1.039853603495043       1.039853603495043
             6.466796875       1.039226490013076       1.039226490013076
             6.526953125       1.038610936226575       1.038610936226575
             6.587109375       1.038006625431558       1.038006625431558
             6.647265625       1.037413252388438       1.037413252388438
       6.707421875000001        1.03683052280793        1.03683052280793
             6.767578125       1.036258152864368       1.036258152864368
             6.827734375       1.035695868734748       1.035695868734748
             6.887890625       1.035143406161941       1.035143406161941
             6.948046875       1.034600510040576       1.034600510040576
       7.008203125000001       1.034066934024266       1.034066934024266
             7.068359375       1.033542440152883       1.033542440152883
             7.128515625        1.03302679849871        1.03302679849871
             7.188671875       1.032519786830353       1.032519786830353
             7.248828125       1.032021190293395       1.032021190293395
       7.308984375000001       1.031530801106815       1.031530801106815
             7.369140625       1.031048418274279       1.031048418274279
             7.429296875       1.030573847309454       1.030573847309454
             7.489453125       1.030106899974566       1.030106899974566
             7.549609375       1.029647394031449       1.029647394031449
       7.609765625000001        1.02919515300441        1.02919515300441
             7.669921875       1.028750005954248       1.028750005954248
             7.730078125       1.028311787262828       1.028311787262828
             7.790234375        1.02788033642763        1.02788033642763
             7.850390625       1.027455497865754       1.027455497865754
       7.910546875000001       1.027037120726858       1.027037120726858
             7.970703125       1.026625058714573       1.026625058714573
             8.030859375       1.026219169915944       1.026219169915944
       8.091015625000001       1.025819316638471       1.025819316638471
       8.151171875000001       1.025425365254381       1.025425365254381
             8.211328125       1.025037186051733       1.025037186051733
             8.271484375       1.024654653092022       1.024654653092022
             8.331640625       1.024277644073958       1.024277644073958
       8.391796875000001       1.023906040203097       1.023906040203097
       8.451953125000001       1.023539726067044       1.023539726067044
             8.512109375       1.023178589515944       1.023178589515944
             8.572265625       1.022822521548009       1.022822521548009
             8.632421875       1.022471416199829       1.022471416199829
       8.692578125000001       1.022125170441237       1.022125170441237
       8.752734375000001       1.021783684074508       1.021783684074508
             8.812890625       1.021446859637693       1.021446859637693
             8.873046875        1.02111460231188        1.02111460231188
             8.933203125       1.020786819832201       1.020786819832201
       8.993359375000001        1.02046342240241        1.02046342240241
       9.053515625000001       1.020144322612878       1.020144322612878
             9.113671875       1.019829435361816       1.019829435361816
             9.173828125       1.019518677779615       1.019518677779615
             9.233984375       1.019211969156135       1.019211969156135
       9.294140625000001       1.018909230870819       1.018909230870819
       9.354296875000001       1.018610386325503       1.018610386325503
             9.414453125       1.018315360879803       1.018315360879803
             9.474609375       1.018024081788965       1.018024081788965
             9.534765625       1.017736478144065       1.017736478144065
       9.594921875000001       1.017452480814458       1.017452480814458
       9.655078125000001       1.017172022392381       1.017172022392381
             9.715234375       1.016895037139615       1.016895037139615
             9.775390625        1.01662146093611        1.01662146093611
             9.835546875       1.016351231230505       1.016351231230505
       9.895703125000001       1.016084286992442       1.016084286992442
       9.955859375000001       1.015820568666618       1.015820568666618
            10.016015625        1.01556001812849        1.01556001812849
            10.076171875        1.01530257864156        1.01530257864156
            10.136328125       1.015048194816194       1.015048194816194
            10.196484375       1.014796812569887       1.014796812569887
            10.256640625       1.014548379088929       1.014548379088929
            10.316796875       1.014302842791421       1.014302842791421
            10.376953125       1.014060153291563       1.014060153291563
            10.437109375       1.013820261365188       1.013820261365188
            10.497265625       1.013583118916477       1.013583118916477
            10.557421875       1.013348678945813       1.013348678945813
            10.617578125       1.013116895518724       1.013116895518724
            10.677734375       1.012887723735882       1.012887723735882
            10.737890625       1.012661119704107       1.012661119704107
            10.798046875       1.012437040508339       1.012437040508339
            10.858203125       1.012215444184544       1.012215444184544
            10.918359375       1.011996289693518       1.011996289693518
            10.978515625       1.011779536895542       1.011779536895542
            11.038671875        1.01156514652588        1.01156514652588
            11.098828125       1.011353080171065       1.011353080171065
            11.158984375        1.01114330024595        1.01114330024595
            11.219140625       1.010935769971505       1.010935769971505
            11.279296875        1.01073045335332        1.01073045335332
            11.339453125       1.010527315160791       1.010527315160791
            11.399609375       1.010326320906968       1.010326320906968
            11.459765625       1.010127436829037       1.010127436829037
            11.519921875       1.009930629869413       1.009930629869413
            11.580078125        1.00973586765742        1.00973586765742
            11.640234375       1.009543118491545       1.009543118491545
            11.700390625       1.009352351322234       1.009352351322234
            11.760546875       1.009163535735216       1.009163535735216
            11.820703125       1.008976641935343       1.008976641935343
            11.880859375       1.008791640730911       1.008791640730911
            11.941015625       1.008608503518462       1.008608503518462
            12.001171875       1.008427202268042       1.008427202268042
            12.061328125       1.008247709508897       1.008247709508897
            12.121484375       1.008069998315599       1.008069998315599
            12.181640625        1.00789404229458        1.00789404229458
            12.241796875       1.007719815571064       1.007719815571064
            12.301953125       1.007547292776384       1.007547292776384
            12.362109375       1.007376449035666       1.007376449035666
            12.422265625       1.007207259955875       1.007207259955875
            12.482421875       1.007039701614201       1.007039701614201
            12.542578125       1.006873750546788       1.006873750546788
            12.602734375       1.006709383737774       1.006709383737774
            12.662890625       1.006546578608655       1.006546578608655
            12.723046875       1.006385313007943       1.006385313007943
            12.783203125        1.00622556520112        1.00622556520112
            12.843359375       1.006067313860872       1.006067313860872
            12.903515625       1.005910538057594       1.005910538057594
            12.963671875       1.005755217250171       1.005755217250171
            13.023828125       1.005601331276995       1.005601331276995
            13.083984375       1.005448860347251       1.005448860347251
            13.144140625       1.005297785032424       1.005297785032424
            13.204296875       1.005148086258051       1.005148086258051
            13.264453125       1.004999745295689       1.004999745295689
            13.324609375        1.00485274375511        1.00485274375511
            13.384765625       1.004707063576692       1.004707063576692
            13.444921875       1.004562687024032       1.004562687024032
            13.505078125       1.004419596676741       1.004419596676741
            13.565234375       1.004277775423438       1.004277775423438
            13.625390625       1.004137206454933       1.004137206454933
            13.685546875       1.003997873257578       1.003997873257578
            13.745703125       1.003859759606809       1.003859759606809
            13.805859375       1.003722849560839       1.003722849560839
            13.866015625       1.003587127454531       1.003587127454531
            13.926171875       1.003452577893417       1.003452577893417
            13.986328125       1.003319185747882       1.003319185747882
            14.046484375       1.003186936147491       1.003186936147491
            14.106640625        1.00305581447546        1.00305581447546
            14.166796875       1.002925806363278       1.002925806363278
            14.226953125       1.002796897685447       1.002796897685447
            14.287109375       1.002669074554377       1.002669074554377
            14.347265625       1.002542323315391       1.002542323315391
            14.407421875       1.002416630541866       1.002416630541866
            14.467578125       1.002291983030491       1.002291983030491
            14.527734375       1.002168367796642       1.002168367796642
            14.587890625       1.002045772069877       1.002045772069877
            14.648046875       1.001924183289532       1.001924183289532
            14.708203125       1.001803589100438       1.001803589100438
            14.768359375       1.001683977348729       1.001683977348729
            14.828515625       1.001565336077764       1.001565336077764
            14.888671875        1.00144765352414        1.00144765352414
            14.948828125       1.001330918113805       1.001330918113805
            15.008984375       1.001215118458262       1.001215118458262
            15.069140625       1.001100243350866       1.001100243350866
            15.129296875       1.000986281763211       1.000986281763211
            15.189453125       1.000873222841597       1.000873222841597
            15.249609375       1.000761055903586       1.000761055903586
            15.309765625       1.000649770434635       1.000649770434635
            15.369921875       1.000539356084814       1.000539356084814
            15.430078125       1.000429802665597       1.000429802665597
            15.490234375       1.000321100146723       1.000321100146723
            15.550390625       1.000213238653139       1.000213238653139
            15.610546875       1.000106208462011       1.000106208462011
