                0.078125       1.000015170373081       1.000015170373081
                0.234375       1.000014674294445       1.000014674294445
                0.390625       1.000013768894469       1.000013768894469
                0.546875       1.000012589124355       1.000012589124355
                0.703125       1.000011287429968       1.000011287429968
                0.859375       1.000009996147721       1.000009996147721
                1.015625       1.000008806045665       1.000008806045665
                1.171875       1.000007762878535       1.000007762878535
                1.328125       1.000006876606191       1.000006876606191
                1.484375        1.00000613528645        1.00000613528645
                1.640625       1.000005517442827       1.000005517442827
                1.796875       1.000005000207007       1.000005000207007
                1.953125       1.000004563332763       1.000004563332763
                2.109375       1.000004190419116       1.000004190419116
                2.265625       1.000003868721946       1.000003868721946
                2.421875       1.000003588476252       1.000003588476252
                2.578125       1.000003342185771       1.000003342185771
                2.734375       1.000003124039599       1.000003124039599
                2.890625       1.000002929476061       1.000002929476061
                3.046875       1.000002754867545       1.000002754867545
                3.203125       1.000002597293912       1.000002597293912
                3.359375       1.000002454378235       1.000002454378235
                3.515625       1.000002324166135       1.000002324166135
                3.671875       1.000002205035887       1.000002205035887
                3.828125       1.000002095630537       1.000002095630537
                3.984375       1.000001994805984       1.000001994805984
                4.140625       1.000001901590819       1.000001901590819
                4.296875        1.00000181515493        1.00000181515493
                4.453125        1.00000173478471        1.00000173478471
                4.609375       1.000001659863314       1.000001659863314
                4.765625       1.000001589854792       1.000001589854792
                4.921875       1.000001524291252       1.000001524291252
                5.078125       1.000001462762389       1.000001462762389
                5.234375       1.000001404906888       1.000001404906888
                5.390625       1.000001350405328       1.000001350405328
                5.546875       1.000001298974277       1.000001298974277
                5.703125       1.000001250361365       1.000001250361365
                5.859375        1.00000120434114        1.00000120434114
                6.015625       1.000001160711576       1.000001160711576
                6.171875       1.000001119291103       1.000001119291103
                6.328125       1.000001079916085       1.000001079916085
                6.484375       1.000001042438657       1.000001042438657
                6.640625       1.000001006724873       1.000001006724873
                6.796875       1.000000972653102       1.000000972653102
                6.953125       1.000000940112646       1.000000940112646
                7.109375       1.000000909002539       1.000000909002539
                7.265625       1.000000879230501       1.000000879230501
                7.421875       1.000000850712023       1.000000850712023
                7.578125       1.000000823369564       1.000000823369564
                7.734375       1.000000797131851       1.000000797131851
                7.890625       1.000000771933255       1.000000771933255
                8.046875       1.000000747713245       1.000000747713245
                8.203125       1.000000724415903       1.000000724415903
                8.359375       1.000000701989489       1.000000701989489
                8.515625       1.000000680386062       1.000000680386062
                8.671875       1.000000659561137       1.000000659561137
                8.828125       1.000000639473378       1.000000639473378
                8.984375       1.000000620084323       1.000000620084323
                9.140625       1.000000601358142       1.000000601358142
                9.296875       1.000000583261413       1.000000583261413
                9.453125       1.000000565762922       1.000000565762922
                9.609375       1.000000548833488       1.000000548833488
                9.765625       1.000000532445796       1.000000532445796
                9.921875       1.000000516574251       1.000000516574251
               10.078125       1.000000501194848       1.000000501194848
               10.234375       1.000000486285044       1.000000486285044
               10.390625       1.000000471823656       1.000000471823656
               10.546875       1.000000457790753       1.000000457790753
               10.703125        1.00000044416757        1.00000044416757
               10.859375       1.000000430936421       1.000000430936421
               11.015625       1.000000418080624       1.000000418080624
               11.171875       1.000000405584429       1.000000405584429
               11.328125       1.000000393432957       1.000000393432957
               11.484375       1.000000381612138       1.000000381612138
               11.640625       1.000000370108656       1.000000370108656
               11.796875       1.000000358909901       1.000000358909901
               11.953125       1.000000348003925       1.000000348003925
               12.109375       1.000000337379393       1.000000337379393
               12.265625        1.00000032702555        1.00000032702555
               12.421875       1.000000316932181       1.000000316932181
               12.578125       1.000000307089579       1.000000307089579
               12.734375       1.000000297488513       1.000000297488513
               12.890625         1.0000002881202         1.0000002881202
               13.046875       1.000000278976278       1.000000278976278
               13.203125        1.00000027004878        1.00000027004878
               13.359375       1.000000261330113       1.000000261330113
               13.515625       1.000000252813033       1.000000252813033
               13.671875        1.00000024449063        1.00000024449063
               13.828125       1.000000236356303       1.000000236356303
               13.984375       1.000000228403749       1.000000228403749
               14.140625       1.000000220626942       1.000000220626942
               14.296875       1.000000213020119       1.000000213020119
               14.453125       1.000000205577769       1.000000205577769
               14.609375       1.000000198294613       1.000000198294613
               14.765625       1.000000191165598       1.000000191165598
               14.921875       1.000000184185882       1.000000184185882
               15.078125       1.000000177350824       1.000000177350824
               15.234375       1.000000170655971       1.000000170655971
               15.390625       1.000000164097055       1.000000164097055
               15.546875       1.000000157669976       1.000000157669976
               15.703125       1.000000151370799       1.000000151370799
               15.859375       1.000000145195744       1.000000145195744
               16.015625       1.000000139141178       1.000000139141178
               16.171875       1.000000133203608       1.000000133203608
               16.328125       1.000000127379676       1.000000127379676
               16.484375        1.00000012166615        1.00000012166615
               16.640625       1.000000116059921       1.000000116059921
               16.796875       1.000000110557993       1.000000110557993
               16.953125       1.000000105157484       1.000000105157484
               17.109375       1.000000099855614       1.000000099855614
               17.265625       1.000000094649705       1.000000094649705
               17.421875       1.000000089537176       1.000000089537176
               17.578125       1.000000084515536       1.000000084515536
               17.734375       1.000000079582383       1.000000079582383
               17.890625       1.000000074735399       1.000000074735399
               18.046875       1.000000069972346       1.000000069972346
               18.203125       1.000000065291061       1.000000065291061
               18.359375       1.000000060689458       1.000000060689458
               18.515625       1.000000056165519       1.000000056165519
               18.671875       1.000000051717295       1.000000051717295
               18.828125         1.0000000473429         1.0000000473429
               18.984375       1.000000043040512       1.000000043040512
               19.140625       1.000000038808366       1.000000038808366
               19.296875       1.000000034644758       1.000000034644758
               19.453125       1.000000030548034       1.000000030548034
               19.609375       1.000000026516597       1.000000026516597
               19.765625       1.000000022548899       1.000000022548899
               19.921875       1.000000018643438       1.000000018643438
               20.078125       1.000000014798763       1.000000014798763
               20.234375       1.000000011013465       1.000000011013465
               20.390625        1.00000000728618        1.00000000728618
               20.546875       1.000000003615583       1.000000003615583
