             0.030078125      0.7853981633974483       2.233681613579356
             0.030078125       2.356194490192345       2.233681613579356

     0.09023437500000001      0.7853981633974483       2.209064562218298
     0.09023437500000001       2.356194490192345       2.209064562218298

             0.150390625      0.7853981633974483        2.16321105599718
             0.150390625       2.356194490192345        2.16321105599718

             0.210546875      0.7853981633974483       2.101643969341124
             0.210546875       2.356194490192345       2.101643969341124

             0.270703125      0.7853981633974483       2.030582138264845
             0.270703125       2.356194490192345       2.030582138264845

             0.330859375      0.7853981633974483       1.955636599775941
             0.330859375       2.356194490192345       1.955636599775941

             0.391015625      0.7853981633974483       1.881127665155883
             0.391015625       2.356194490192345       1.881127665155883

             0.451171875      0.7853981633974483       1.809957434775616
             0.451171875       2.356194490192345       1.809957434775616

             0.511328125      0.7853981633974483       1.743807198976359
             0.511328125       2.356194490192345       1.743807198976359

             0.571484375      0.7853981633974483        1.68344805149945
             0.571484375       2.356194490192345        1.68344805149945

      0.6316406250000001      0.7853981633974483       1.629039814820982
      0.6316406250000001       2.356194490192345       1.629039814820982

             0.691796875      0.7853981633974483       1.580368543019855
             0.691796875       2.356194490192345       1.580368543019855

             0.751953125      0.7853981633974483        1.53701582075782
             0.751953125       2.356194490192345        1.53701582075782

             0.812109375      0.7853981633974483       1.498470796299102
             0.812109375       2.356194490192345       1.498470796299102

             0.872265625      0.7853981633974483       1.464199875737183
             0.872265625       2.356194490192345       1.464199875737183

      0.9324218750000001      0.7853981633974483       1.433687324575465
      0.9324218750000001       2.356194490192345       1.433687324575465

             0.992578125      0.7853981633974483       1.406456832944529
             0.992578125       2.356194490192345       1.406456832944529

             1.052734375      0.7853981633974483        1.38208110040417
             1.052734375       2.356194490192345        1.38208110040417

             1.112890625      0.7853981633974483       1.360184172414066
             1.112890625       2.356194490192345       1.360184172414066

             1.173046875      0.7853981633974483        1.34043961313587
             1.173046875       2.356194490192345        1.34043961313587

             1.233203125      0.7853981633974483       1.322566483252487
             1.233203125       2.356194490192345       1.322566483252487

             1.293359375      0.7853981633974483       1.306324352656031
             1.293359375       2.356194490192345       1.306324352656031

             1.353515625      0.7853981633974483        1.29150809388754
             1.353515625       2.356194490192345        1.29150809388754

             1.413671875      0.7853981633974483       1.277942887034503
             1.413671875       2.356194490192345       1.277942887034503

             1.473828125      0.7853981633974483        1.26547966314931
             1.473828125       2.356194490192345        1.26547966314931

             1.533984375      0.7853981633974483       1.253991083850455
             1.533984375       2.356194490192345       1.253991083850455

             1.594140625      0.7853981633974483       1.243368075200301
             1.594140625       2.356194490192345       1.243368075200301

             1.654296875      0.7853981633974483       1.233516887881497
             1.654296875       2.356194490192345       1.233516887881497

             1.714453125      0.7853981633974483       1.224356631876431
             1.714453125       2.356194490192345       1.224356631876431

             1.774609375      0.7853981633974483       1.215817224398072
             1.774609375       2.356194490192345       1.215817224398072

             1.834765625      0.7853981633974483       1.207837689167016
             1.834765625       2.356194490192345       1.207837689167016

             1.894921875      0.7853981633974483       1.200364749425416
             1.894921875       2.356194490192345       1.200364749425416

             1.955078125      0.7853981633974483       1.193351663745149
             1.955078125       2.356194490192345       1.193351663745149

             2.015234375      0.7853981633974483        1.18675726109079
             2.015234375       2.356194490192345        1.18675726109079

             2.075390625      0.7853981633974483        1.18054513878176
             2.075390625       2.356194490192345        1.18054513878176

             2.135546875      0.7853981633974483       1.174682993470263
             2.135546875       2.356194490192345       1.174682993470263

             2.195703125      0.7853981633974483       1.169142060818481
             2.195703125       2.356194490192345       1.169142060818481

             2.255859375      0.7853981633974483       1.163896644202559
             2.255859375       2.356194490192345       1.163896644202559

             2.316015625      0.7853981633974483       1.158923716567678
             2.316015625       2.356194490192345       1.158923716567678

             2.376171875      0.7853981633974483       1.154202582622778
             2.376171875       2.356194490192345       1.154202582622778

             2.436328125      0.7853981633974483       1.149714591018153
             2.436328125       2.356194490192345       1.149714591018153

             2.496484375      0.7853981633974483       1.145442888108467
             2.496484375       2.356194490192345       1.145442888108467

             2.556640625      0.7853981633974483       1.141372206466854
             2.556640625       2.356194490192345       1.141372206466854

             2.616796875      0.7853981633974483       1.137488682564555
             2.616796875       2.356194490192345       1.137488682564555

             2.676953125      0.7853981633974483       1.133779699031042
             2.676953125       2.356194490192345       1.133779699031042

             2.737109375      0.7853981633974483       1.130233747714194
             2.737109375       2.356194490192345       1.130233747714194

             2.797265625      0.7853981633974483       1.126840310409797
             2.797265625       2.356194490192345       1.126840310409797

             2.857421875      0.7853981633974483       1.123589754656654
             2.857421875       2.356194490192345       1.123589754656654

             2.917578125      0.7853981633974483       1.120473242422971
             2.917578125       2.356194490192345       1.120473242422971

             2.977734375      0.7853981633974483       1.117482649861026
             2.977734375       2.356194490192345       1.117482649861026

             3.037890625      0.7853981633974483       1.114610496595925
             3.037890625       2.356194490192345       1.114610496595925

             3.098046875      0.7853981633974483       1.111849883252552
             3.098046875       2.356194490192345       1.111849883252552

             3.158203125      0.7853981633974483       1.109194436122287
             3.158203125       2.356194490192345       1.109194436122287

             3.218359375      0.7853981633974483       1.106638258035323
             3.218359375       2.356194490192345       1.106638258035323

             3.278515625      0.7853981633974483       1.104175884641529
             3.278515625       2.356194490192345       1.104175884641529

             3.338671875      0.7853981633974483       1.101802245417706
             3.338671875       2.356194490192345       1.101802245417706

             3.398828125      0.7853981633974483       1.099512628815656
             3.398828125       2.356194490192345       1.099512628815656

             3.458984375      0.7853981633974483       1.097302651046982
             3.458984375       2.356194490192345       1.097302651046982

             3.519140625      0.7853981633974483       1.095168228069435
             3.519140625       2.356194490192345       1.095168228069435

             3.579296875      0.7853981633974483       1.093105550398174
             3.579296875       2.356194490192345       1.093105550398174

             3.639453125      0.7853981633974483       1.091111060415078
             3.639453125       2.356194490192345       1.091111060415078

             3.699609375      0.7853981633974483       1.089181431891779
             3.699609375       2.356194490192345       1.089181431891779

             3.759765625      0.7853981633974483        1.08731355147849
             3.759765625       2.356194490192345        1.08731355147849

             3.819921875      0.7853981633974483       1.085504501941919
             3.819921875       2.356194490192345       1.085504501941919

             3.880078125      0.7853981633974483       1.083751546962437
             3.880078125       2.356194490192345       1.083751546962437

             3.940234375      0.7853981633974483       1.082052117323882
             3.940234375       2.356194490192345       1.082052117323882

       4.000390625000001      0.7853981633974483        1.08040379834939
       4.000390625000001       2.356194490192345        1.08040379834939

             4.060546875      0.7853981633974483       1.078804318454044
             4.060546875       2.356194490192345       1.078804318454044

             4.120703125      0.7853981633974483       1.077251538700204
             4.120703125       2.356194490192345       1.077251538700204

             4.180859375      0.7853981633974483       1.075743443254544
             4.180859375       2.356194490192345       1.075743443254544

             4.241015625      0.7853981633974483       1.074278130657246
             4.241015625       2.356194490192345       1.074278130657246

       4.301171875000001      0.7853981633974483       1.072853805823858
       4.301171875000001       2.356194490192345       1.072853805823858

             4.361328125      0.7853981633974483       1.071468772709061
             4.361328125       2.356194490192345       1.071468772709061

             4.421484375      0.7853981633974483       1.070121427569315
             4.421484375       2.356194490192345       1.070121427569315

             4.481640625      0.7853981633974483       1.068810252768108
             4.481640625       2.356194490192345       1.068810252768108

             4.541796875      0.7853981633974483       1.067533811073505
             4.541796875       2.356194490192345       1.067533811073505

       4.601953125000001      0.7853981633974483       1.066290740402948
       4.601953125000001       2.356194490192345       1.066290740402948

             4.662109375      0.7853981633974483       1.065079748974911
             4.662109375       2.356194490192345       1.065079748974911

             4.722265625      0.7853981633974483       1.063899610831124
             4.722265625       2.356194490192345       1.063899610831124

             4.782421875      0.7853981633974483        1.06274916169675
             4.782421875       2.356194490192345        1.06274916169675

             4.842578125      0.7853981633974483       1.061627295149114
             4.842578125       2.356194490192345       1.061627295149114

       4.902734375000001      0.7853981633974483       1.060532959068491
       4.902734375000001       2.356194490192345       1.060532959068491

             4.962890625      0.7853981633974483       1.059465152347018
             4.962890625       2.356194490192345       1.059465152347018

             5.023046875      0.7853981633974483       1.058422921834094
             5.023046875       2.356194490192345       1.058422921834094

             5.083203125      0.7853981633974483       1.057405359498671
             5.083203125       2.356194490192345       1.057405359498671

             5.143359375      0.7853981633974483       1.056411599790682
             5.143359375       2.356194490192345       1.056411599790682

       5.203515625000001      0.7853981633974483       1.055440817185496
       5.203515625000001       2.356194490192345       1.055440817185496

             5.263671875      0.7853981633974483       1.054492223896751
             5.263671875       2.356194490192345       1.054492223896751

             5.323828125      0.7853981633974483       1.053565067744244
             5.323828125       2.356194490192345       1.053565067744244

             5.383984375      0.7853981633974483       1.052658630164764
             5.383984375       2.356194490192345       1.052658630164764

             5.444140625      0.7853981633974483       1.051772224354799
             5.444140625       2.356194490192345       1.051772224354799

       5.504296875000001      0.7853981633974483       1.050905193535034
       5.504296875000001       2.356194490192345       1.050905193535034

             5.564453125      0.7853981633974483       1.050056909327419
             5.564453125       2.356194490192345       1.050056909327419

             5.624609375      0.7853981633974483       1.049226770236389
             5.624609375       2.356194490192345       1.049226770236389

             5.684765625      0.7853981633974483       1.048414200226505
             5.684765625       2.356194490192345       1.048414200226505

             5.744921875      0.7853981633974483       1.047618647389469
             5.744921875       2.356194490192345       1.047618647389469

       5.805078125000001      0.7853981633974483       1.046839582694008
       5.805078125000001       2.356194490192345       1.046839582694008

             5.865234375      0.7853981633974483       1.046076498812696
             5.865234375       2.356194490192345       1.046076498812696

             5.925390625      0.7853981633974483       1.045328909020238
             5.925390625       2.356194490192345       1.045328909020238

             5.985546875      0.7853981633974483        1.04459634615818
             5.985546875       2.356194490192345        1.04459634615818

             6.045703125      0.7853981633974483       1.043878361661443
             6.045703125       2.356194490192345       1.043878361661443

       6.105859375000001      0.7853981633974483       1.043174524642386
       6.105859375000001       2.356194490192345       1.043174524642386

             6.166015625      0.7853981633974483       1.042484421028498
             6.166015625       2.356194490192345       1.042484421028498

             6.226171875      0.7853981633974483       1.041807652750068
             6.226171875       2.356194490192345       1.041807652750068

             6.286328125      0.7853981633974483       1.041143836974503
             6.286328125       2.356194490192345       1.041143836974503

             6.346484375      0.7853981633974483       1.040492605384191
             6.346484375       2.356194490192345       1.040492605384191

       6.406640625000001      0.7853981633974483       1.039853603495043
       6.406640625000001       2.356194490192345       1.039853603495043

             6.466796875      0.7853981633974483       1.039226490013076
             6.466796875       2.356194490192345       1.039226490013076

             6.526953125      0.7853981633974483       1.038610936226575
             6.526953125       2.356194490192345       1.038610936226575

             6.587109375      0.7853981633974483       1.038006625431558
             6.587109375       2.356194490192345       1.038006625431558

             6.647265625      0.7853981633974483       1.037413252388438
             6.647265625       2.356194490192345       1.037413252388438

       6.707421875000001      0.7853981633974483        1.03683052280793
       6.707421875000001       2.356194490192345        1.03683052280793

             6.767578125      0.7853981633974483       1.036258152864368
             6.767578125       2.356194490192345       1.036258152864368

             6.827734375      0.7853981633974483       1.035695868734748
             6.827734375       2.356194490192345       1.035695868734748

             6.887890625      0.7853981633974483       1.035143406161941
             6.887890625       2.356194490192345       1.035143406161941

             6.948046875      0.7853981633974483       1.034600510040576
             6.948046875       2.356194490192345       1.034600510040576

       7.008203125000001      0.7853981633974483       1.034066934024266
       7.008203125000001       2.356194490192345       1.034066934024266

             7.068359375      0.7853981633974483       1.033542440152883
             7.068359375       2.356194490192345       1.033542440152883

             7.128515625      0.7853981633974483        1.03302679849871
             7.128515625       2.356194490192345        1.03302679849871

             7.188671875      0.7853981633974483       1.032519786830353
             7.188671875       2.356194490192345       1.032519786830353

             7.248828125      0.7853981633974483       1.032021190293395
             7.248828125       2.356194490192345       1.032021190293395

       7.308984375000001      0.7853981633974483       1.031530801106815
       7.308984375000001       2.356194490192345       1.031530801106815

             7.369140625      0.7853981633974483       1.031048418274279
             7.369140625       2.356194490192345       1.031048418274279

             7.429296875      0.7853981633974483       1.030573847309454
             7.429296875       2.356194490192345       1.030573847309454

             7.489453125      0.7853981633974483       1.030106899974566
             7.489453125       2.356194490192345       1.030106899974566

             7.549609375      0.7853981633974483       1.029647394031449
             7.549609375       2.356194490192345       1.029647394031449

       7.609765625000001      0.7853981633974483        1.02919515300441
       7.609765625000001       2.356194490192345        1.02919515300441

             7.669921875      0.7853981633974483       1.028750005954248
             7.669921875       2.356194490192345       1.028750005954248

             7.730078125      0.7853981633974483       1.028311787262828
             7.730078125       2.356194490192345       1.028311787262828

             7.790234375      0.7853981633974483        1.02788033642763
             7.790234375       2.356194490192345        1.02788033642763

             7.850390625      0.7853981633974483       1.027455497865754
             7.850390625       2.356194490192345       1.027455497865754

       7.910546875000001      0.7853981633974483       1.027037120726858
       7.910546875000001       2.356194490192345       1.027037120726858

             7.970703125      0.7853981633974483       1.026625058714573
             7.970703125       2.356194490192345       1.026625058714573

             8.030859375      0.7853981633974483       1.026219169915944
             8.030859375       2.356194490192345       1.026219169915944

       8.091015625000001      0.7853981633974483       1.025819316638471
       8.091015625000001       2.356194490192345       1.025819316638471

       8.151171875000001      0.7853981633974483       1.025425365254381
       8.151171875000001       2.356194490192345       1.025425365254381

             8.211328125      0.7853981633974483       1.025037186051733
             8.211328125       2.356194490192345       1.025037186051733

             8.271484375      0.7853981633974483       1.024654653092022
             8.271484375       2.356194490192345       1.024654653092022

             8.331640625      0.7853981633974483       1.024277644073958
             8.331640625       2.356194490192345       1.024277644073958

       8.391796875000001      0.7853981633974483       1.023906040203097
       8.391796875000001       2.356194490192345       1.023906040203097

       8.451953125000001      0.7853981633974483       1.023539726067044
       8.451953125000001       2.356194490192345       1.023539726067044

             8.512109375      0.7853981633974483       1.023178589515944
             8.512109375       2.356194490192345       1.023178589515944

             8.572265625      0.7853981633974483       1.022822521548009
             8.572265625       2.356194490192345       1.022822521548009

             8.632421875      0.7853981633974483       1.022471416199829
             8.632421875       2.356194490192345       1.022471416199829

       8.692578125000001      0.7853981633974483       1.022125170441237
       8.692578125000001       2.356194490192345       1.022125170441237

       8.752734375000001      0.7853981633974483       1.021783684074508
       8.752734375000001       2.356194490192345       1.021783684074508

             8.812890625      0.7853981633974483       1.021446859637693
             8.812890625       2.356194490192345       1.021446859637693

             8.873046875      0.7853981633974483        1.02111460231188
             8.873046875       2.356194490192345        1.02111460231188

             8.933203125      0.7853981633974483       1.020786819832201
             8.933203125       2.356194490192345       1.020786819832201

       8.993359375000001      0.7853981633974483        1.02046342240241
       8.993359375000001       2.356194490192345        1.02046342240241

       9.053515625000001      0.7853981633974483       1.020144322612878
       9.053515625000001       2.356194490192345       1.020144322612878

             9.113671875      0.7853981633974483       1.019829435361816
             9.113671875       2.356194490192345       1.019829435361816

             9.173828125      0.7853981633974483       1.019518677779615
             9.173828125       2.356194490192345       1.019518677779615

             9.233984375      0.7853981633974483       1.019211969156135
             9.233984375       2.356194490192345       1.019211969156135

       9.294140625000001      0.7853981633974483       1.018909230870819
       9.294140625000001       2.356194490192345       1.018909230870819

       9.354296875000001      0.7853981633974483       1.018610386325503
       9.354296875000001       2.356194490192345       1.018610386325503

             9.414453125      0.7853981633974483       1.018315360879803
             9.414453125       2.356194490192345       1.018315360879803

             9.474609375      0.7853981633974483       1.018024081788965
             9.474609375       2.356194490192345       1.018024081788965

             9.534765625      0.7853981633974483       1.017736478144065
             9.534765625       2.356194490192345       1.017736478144065

       9.594921875000001      0.7853981633974483       1.017452480814458
       9.594921875000001       2.356194490192345       1.017452480814458

       9.655078125000001      0.7853981633974483       1.017172022392381
       9.655078125000001       2.356194490192345       1.017172022392381

             9.715234375      0.7853981633974483       1.016895037139615
             9.715234375       2.356194490192345       1.016895037139615

             9.775390625      0.7853981633974483        1.01662146093611
             9.775390625       2.356194490192345        1.01662146093611

             9.835546875      0.7853981633974483       1.016351231230505
             9.835546875       2.356194490192345       1.016351231230505

       9.895703125000001      0.7853981633974483       1.016084286992442
       9.895703125000001       2.356194490192345       1.016084286992442

       9.955859375000001      0.7853981633974483       1.015820568666618
       9.955859375000001       2.356194490192345       1.015820568666618

            10.016015625      0.7853981633974483        1.01556001812849
            10.016015625       2.356194490192345        1.01556001812849

            10.076171875      0.7853981633974483        1.01530257864156
            10.076171875       2.356194490192345        1.01530257864156

            10.136328125      0.7853981633974483       1.015048194816194
            10.136328125       2.356194490192345       1.015048194816194

            10.196484375      0.7853981633974483       1.014796812569887
            10.196484375       2.356194490192345       1.014796812569887

            10.256640625      0.7853981633974483       1.014548379088929
            10.256640625       2.356194490192345       1.014548379088929

            10.316796875      0.7853981633974483       1.014302842791421
            10.316796875       2.356194490192345       1.014302842791421

            10.376953125      0.7853981633974483       1.014060153291563
            10.376953125       2.356194490192345       1.014060153291563

            10.437109375      0.7853981633974483       1.013820261365188
            10.437109375       2.356194490192345       1.013820261365188

            10.497265625      0.7853981633974483       1.013583118916477
            10.497265625       2.356194490192345       1.013583118916477

            10.557421875      0.7853981633974483       1.013348678945813
            10.557421875       2.356194490192345       1.013348678945813

            10.617578125      0.7853981633974483       1.013116895518724
            10.617578125       2.356194490192345       1.013116895518724

            10.677734375      0.7853981633974483       1.012887723735882
            10.677734375       2.356194490192345       1.012887723735882

            10.737890625      0.7853981633974483       1.012661119704107
            10.737890625       2.356194490192345       1.012661119704107

            10.798046875      0.7853981633974483       1.012437040508339
            10.798046875       2.356194490192345       1.012437040508339

            10.858203125      0.7853981633974483       1.012215444184544
            10.858203125       2.356194490192345       1.012215444184544

            10.918359375      0.7853981633974483       1.011996289693518
            10.918359375       2.356194490192345       1.011996289693518

            10.978515625      0.7853981633974483       1.011779536895542
            10.978515625       2.356194490192345       1.011779536895542

            11.038671875      0.7853981633974483        1.01156514652588
            11.038671875       2.356194490192345        1.01156514652588

            11.098828125      0.7853981633974483       1.011353080171065
            11.098828125       2.356194490192345       1.011353080171065

            11.158984375      0.7853981633974483        1.01114330024595
            11.158984375       2.356194490192345        1.01114330024595

            11.219140625      0.7853981633974483       1.010935769971505
            11.219140625       2.356194490192345       1.010935769971505

            11.279296875      0.7853981633974483        1.01073045335332
            11.279296875       2.356194490192345        1.01073045335332

            11.339453125      0.7853981633974483       1.010527315160791
            11.339453125       2.356194490192345       1.010527315160791

            11.399609375      0.7853981633974483       1.010326320906968
            11.399609375       2.356194490192345       1.010326320906968

            11.459765625      0.7853981633974483       1.010127436829037
            11.459765625       2.356194490192345       1.010127436829037

            11.519921875      0.7853981633974483       1.009930629869413
            11.519921875       2.356194490192345       1.009930629869413

            11.580078125      0.7853981633974483        1.00973586765742
            11.580078125       2.356194490192345        1.00973586765742

            11.640234375      0.7853981633974483       1.009543118491545
            11.640234375       2.356194490192345       1.009543118491545

            11.700390625      0.7853981633974483       1.009352351322234
            11.700390625       2.356194490192345       1.009352351322234

            11.760546875      0.7853981633974483       1.009163535735216
            11.760546875       2.356194490192345       1.009163535735216

            11.820703125      0.7853981633974483       1.008976641935343
            11.820703125       2.356194490192345       1.008976641935343

            11.880859375      0.7853981633974483       1.008791640730911
            11.880859375       2.356194490192345       1.008791640730911

            11.941015625      0.7853981633974483       1.008608503518462
            11.941015625       2.356194490192345       1.008608503518462

            12.001171875      0.7853981633974483       1.008427202268042
            12.001171875       2.356194490192345       1.008427202268042

            12.061328125      0.7853981633974483       1.008247709508897
            12.061328125       2.356194490192345       1.008247709508897

            12.121484375      0.7853981633974483       1.008069998315599
            12.121484375       2.356194490192345       1.008069998315599

            12.181640625      0.7853981633974483        1.00789404229458
            12.181640625       2.356194490192345        1.00789404229458

            12.241796875      0.7853981633974483       1.007719815571064
            12.241796875       2.356194490192345       1.007719815571064

            12.301953125      0.7853981633974483       1.007547292776384
            12.301953125       2.356194490192345       1.007547292776384

            12.362109375      0.7853981633974483       1.007376449035666
            12.362109375       2.356194490192345       1.007376449035666

            12.422265625      0.7853981633974483       1.007207259955875
            12.422265625       2.356194490192345       1.007207259955875

            12.482421875      0.7853981633974483       1.007039701614201
            12.482421875       2.356194490192345       1.007039701614201

            12.542578125      0.7853981633974483       1.006873750546788
            12.542578125       2.356194490192345       1.006873750546788

            12.602734375      0.7853981633974483       1.006709383737774
            12.602734375       2.356194490192345       1.006709383737774

            12.662890625      0.7853981633974483       1.006546578608655
            12.662890625       2.356194490192345       1.006546578608655

            12.723046875      0.7853981633974483       1.006385313007943
            12.723046875       2.356194490192345       1.006385313007943

            12.783203125      0.7853981633974483        1.00622556520112
            12.783203125       2.356194490192345        1.00622556520112

            12.843359375      0.7853981633974483       1.006067313860872
            12.843359375       2.356194490192345       1.006067313860872

            12.903515625      0.7853981633974483       1.005910538057594
            12.903515625       2.356194490192345       1.005910538057594

            12.963671875      0.7853981633974483       1.005755217250171
            12.963671875       2.356194490192345       1.005755217250171

            13.023828125      0.7853981633974483       1.005601331276995
            13.023828125       2.356194490192345       1.005601331276995

            13.083984375      0.7853981633974483       1.005448860347251
            13.083984375       2.356194490192345       1.005448860347251

            13.144140625      0.7853981633974483       1.005297785032424
            13.144140625       2.356194490192345       1.005297785032424

            13.204296875      0.7853981633974483       1.005148086258051
            13.204296875       2.356194490192345       1.005148086258051

            13.264453125      0.7853981633974483       1.004999745295689
            13.264453125       2.356194490192345       1.004999745295689

            13.324609375      0.7853981633974483        1.00485274375511
            13.324609375       2.356194490192345        1.00485274375511

            13.384765625      0.7853981633974483       1.004707063576692
            13.384765625       2.356194490192345       1.004707063576692

            13.444921875      0.7853981633974483       1.004562687024032
            13.444921875       2.356194490192345       1.004562687024032

            13.505078125      0.7853981633974483       1.004419596676741
            13.505078125       2.356194490192345       1.004419596676741

            13.565234375      0.7853981633974483       1.004277775423438
            13.565234375       2.356194490192345       1.004277775423438

            13.625390625      0.7853981633974483       1.004137206454933
            13.625390625       2.356194490192345       1.004137206454933

            13.685546875      0.7853981633974483       1.003997873257578
            13.685546875       2.356194490192345       1.003997873257578

            13.745703125      0.7853981633974483       1.003859759606809
            13.745703125       2.356194490192345       1.003859759606809

            13.805859375      0.7853981633974483       1.003722849560839
            13.805859375       2.356194490192345       1.003722849560839

            13.866015625      0.7853981633974483       1.003587127454531
            13.866015625       2.356194490192345       1.003587127454531

            13.926171875      0.7853981633974483       1.003452577893417
            13.926171875       2.356194490192345       1.003452577893417

            13.986328125      0.7853981633974483       1.003319185747882
            13.986328125       2.356194490192345       1.003319185747882

            14.046484375      0.7853981633974483       1.003186936147491
            14.046484375       2.356194490192345       1.003186936147491

            14.106640625      0.7853981633974483        1.00305581447546
            14.106640625       2.356194490192345        1.00305581447546

            14.166796875      0.7853981633974483       1.002925806363278
            14.166796875       2.356194490192345       1.002925806363278

            14.226953125      0.7853981633974483       1.002796897685447
            14.226953125       2.356194490192345       1.002796897685447

            14.287109375      0.7853981633974483       1.002669074554377
            14.287109375       2.356194490192345       1.002669074554377

            14.347265625      0.7853981633974483       1.002542323315391
            14.347265625       2.356194490192345       1.002542323315391

            14.407421875      0.7853981633974483       1.002416630541866
            14.407421875       2.356194490192345       1.002416630541866

            14.467578125      0.7853981633974483       1.002291983030491
            14.467578125       2.356194490192345       1.002291983030491

            14.527734375      0.7853981633974483       1.002168367796642
            14.527734375       2.356194490192345       1.002168367796642

            14.587890625      0.7853981633974483       1.002045772069877
            14.587890625       2.356194490192345       1.002045772069877

            14.648046875      0.7853981633974483       1.001924183289532
            14.648046875       2.356194490192345       1.001924183289532

            14.708203125      0.7853981633974483       1.001803589100438
            14.708203125       2.356194490192345       1.001803589100438

            14.768359375      0.7853981633974483       1.001683977348729
            14.768359375       2.356194490192345       1.001683977348729

            14.828515625      0.7853981633974483       1.001565336077764
            14.828515625       2.356194490192345       1.001565336077764

            14.888671875      0.7853981633974483        1.00144765352414
            14.888671875       2.356194490192345        1.00144765352414

            14.948828125      0.7853981633974483       1.001330918113805
            14.948828125       2.356194490192345       1.001330918113805

            15.008984375      0.7853981633974483       1.001215118458262
            15.008984375       2.356194490192345       1.001215118458262

            15.069140625      0.7853981633974483       1.001100243350866
            15.069140625       2.356194490192345       1.001100243350866

            15.129296875      0.7853981633974483       1.000986281763211
            15.129296875       2.356194490192345       1.000986281763211

            15.189453125      0.7853981633974483       1.000873222841597
            15.189453125       2.356194490192345       1.000873222841597

            15.249609375      0.7853981633974483       1.000761055903586
            15.249609375       2.356194490192345       1.000761055903586

            15.309765625      0.7853981633974483       1.000649770434635
            15.309765625       2.356194490192345       1.000649770434635

            15.369921875      0.7853981633974483       1.000539356084814
            15.369921875       2.356194490192345       1.000539356084814

            15.430078125      0.7853981633974483       1.000429802665597
            15.430078125       2.356194490192345       1.000429802665597

            15.490234375      0.7853981633974483       1.000321100146723
            15.490234375       2.356194490192345       1.000321100146723

            15.550390625      0.7853981633974483       1.000213238653139
            15.550390625       2.356194490192345       1.000213238653139

            15.610546875      0.7853981633974483       1.000106208462011
            15.610546875       2.356194490192345       1.000106208462011

