                 0.03125       1.000014509930043       1.000014509930043
                 0.09375       1.000014428509987       1.000014428509987
                 0.15625       1.000014268073036       1.000014268073036
                 0.21875       1.000014032976979       1.000014032976979
                 0.28125       1.000013729517841       1.000013729517841
                 0.34375       1.000013365566808       1.000013365566808
                 0.40625       1.000012950164117       1.000012950164117
                 0.46875       1.000012493080292       1.000012493080292
                 0.53125        1.00001200437283        1.00001200437283
                 0.59375       1.000011493967566       1.000011493967566
                 0.65625       1.000010971289665       1.000010971289665
                 0.71875       1.000010444962748       1.000010444962748
                 0.78125       1.000009922587143       1.000009922587143
                 0.84375       1.000009410600708       1.000009410600708
                 0.90625       1.000008914218804       1.000008914218804
                 0.96875       1.000008437444524       1.000008437444524
                 1.03125       1.000007983136437       1.000007983136437
                 1.09375       1.000007553119107       1.000007553119107
                 1.15625       1.000007148321315       1.000007148321315
                 1.21875       1.000006768927908       1.000006768927908
                 1.28125       1.000006414533261       1.000006414533261
                 1.34375       1.000006084286918       1.000006084286918
                 1.40625       1.000005777024791       1.000005777024791
                 1.46875        1.00000549138193        1.00000549138193
                 1.53125       1.000005225885222       1.000005225885222
                 1.59375       1.000004979026197       1.000004979026197
                 1.65625       1.000004749315419       1.000004749315419
                 1.71875        1.00000453532079        1.00000453532079
                 1.78125        1.00000433569244        1.00000433569244
                 1.84375       1.000004149176973       1.000004149176973
                 1.90625       1.000003974623648       1.000003974623648
                 1.96875       1.000003810984738       1.000003810984738
                 2.03125       1.000003657311972       1.000003657311972
                 2.09375       1.000003512750512       1.000003512750512
                 2.15625       1.000003376531611       1.000003376531611
                 2.21875       1.000003247964733       1.000003247964733
                 2.28125        1.00000312642969        1.00000312642969
                 2.34375       1.000003011369136       1.000003011369136
                 2.40625       1.000002902281603       1.000002902281603
                 2.46875       1.000002798715192       1.000002798715192
                 2.53125       1.000002700261919       1.000002700261919
                 2.59375       1.000002606552711       1.000002606552711
                 2.65625       1.000002517252991       1.000002517252991
                 2.71875       1.000002432058821       1.000002432058821
                 2.78125       1.000002350693508       1.000002350693508
                 2.84375       1.000002272904644       1.000002272904644
                 2.90625       1.000002198461513       1.000002198461513
                 2.96875       1.000002127152818       1.000002127152818
                 3.03125       1.000002058784681       1.000002058784681
                 3.09375       1.000001993178891       1.000001993178891
                 3.15625       1.000001930171348       1.000001930171348
                 3.21875         1.0000018696107         1.0000018696107
                 3.28125       1.000001811357123       1.000001811357123
                 3.34375       1.000001755281249       1.000001755281249
                 3.40625       1.000001701263206       1.000001701263206
                 3.46875       1.000001649191759       1.000001649191759
                 3.53125       1.000001598963549       1.000001598963549
                 3.59375       1.000001550482407       1.000001550482407
                 3.65625       1.000001503658739       1.000001503658739
                 3.71875       1.000001458408977       1.000001458408977
                 3.78125       1.000001414655074       1.000001414655074
                 3.84375       1.000001372324062       1.000001372324062
                 3.90625       1.000001331347643       1.000001331347643
                 3.96875       1.000001291661819       1.000001291661819
                 4.03125       1.000001253206564       1.000001253206564
                 4.09375       1.000001215925514       1.000001215925514
                 4.15625         1.0000011797657         1.0000011797657
                 4.21875       1.000001144677287       1.000001144677287
                 4.28125       1.000001110613353       1.000001110613353
                 4.34375       1.000001077529676       1.000001077529676
                 4.40625       1.000001045384544       1.000001045384544
                 4.46875       1.000001014138576       1.000001014138576
                 4.53125       1.000000983754565       1.000000983754565
                 4.59375       1.000000954197331       1.000000954197331
                 4.65625       1.000000925433579       1.000000925433579
                 4.71875       1.000000897431781       1.000000897431781
                 4.78125       1.000000870162056       1.000000870162056
                 4.84375       1.000000843596066       1.000000843596066
                 4.90625       1.000000817706916       1.000000817706916
                 4.96875       1.000000792469066       1.000000792469066
                 5.03125       1.000000767858243       1.000000767858243
                 5.09375       1.000000743851366       1.000000743851366
                 5.15625       1.000000720426475       1.000000720426475
                 5.21875       1.000000697562658       1.000000697562658
                 5.28125       1.000000675239997       1.000000675239997
                 5.34375       1.000000653439504       1.000000653439504
                 5.40625       1.000000632143068       1.000000632143068
                 5.46875       1.000000611333408       1.000000611333408
                 5.53125       1.000000590994023       1.000000590994023
                 5.59375       1.000000571109149       1.000000571109149
                 5.65625        1.00000055166372        1.00000055166372
                 5.71875       1.000000532643327       1.000000532643327
                 5.78125       1.000000514034187       1.000000514034187
                 5.84375       1.000000495823103       1.000000495823103
                 5.90625       1.000000477997438       1.000000477997438
                 5.96875       1.000000460545086       1.000000460545086
                 6.03125       1.000000443454441       1.000000443454441
                 6.09375       1.000000426714373       1.000000426714373
                 6.15625       1.000000410314204       1.000000410314204
                 6.21875       1.000000394243688       1.000000394243688
                 6.28125       1.000000378492983       1.000000378492983
                 6.34375       1.000000363052636       1.000000363052636
                 6.40625       1.000000347913565       1.000000347913565
                 6.46875       1.000000333067036       1.000000333067036
                 6.53125        1.00000031850465        1.00000031850465
                 6.59375        1.00000030421833        1.00000030421833
                 6.65625       1.000000290200296       1.000000290200296
                 6.71875       1.000000276443064       1.000000276443064
                 6.78125       1.000000262939421       1.000000262939421
                 6.84375        1.00000024968242        1.00000024968242
                 6.90625       1.000000236665365       1.000000236665365
                 6.96875       1.000000223881799       1.000000223881799
                 7.03125       1.000000211325497       1.000000211325497
                 7.09375       1.000000198990451       1.000000198990451
                 7.15625       1.000000186870865       1.000000186870865
                 7.21875       1.000000174961141       1.000000174961141
                 7.28125       1.000000163255877       1.000000163255877
                 7.34375        1.00000015174985        1.00000015174985
                 7.40625       1.000000140438019       1.000000140438019
                 7.46875       1.000000129315507       1.000000129315507
                 7.53125         1.0000001183776         1.0000001183776
                 7.59375       1.000000107619742       1.000000107619742
                 7.65625       1.000000097037522       1.000000097037522
                 7.71875       1.000000086626674       1.000000086626674
                 7.78125       1.000000076383069       1.000000076383069
                 7.84375       1.000000066302708       1.000000066302708
                 7.90625       1.000000056381721       1.000000056381721
                 7.96875       1.000000046616357       1.000000046616357
                 8.03125       1.000000037002983       1.000000037002983
                 8.09375       1.000000027538078       1.000000027538078
                 8.15625       1.000000018218229       1.000000018218229
                 8.21875       1.000000009040127       1.000000009040127
