# File created on Tue Jul  7 16:46:48 2026
# ======================================== 
# = Running code assuming AXISYMMETRY    = 
# ======================================== 
# Data for Inflation GW initial data initial data at coord. time 0 and proper central time 0
# Evolved with (264,10,9) gridpoints (including 4 ghosts)
# Evolution with geodesic slicing and constant shift
# using eighth-order spatial differencing with 4 ghost zones 
# data 1 at theta = 0 and phi = 3.14159
# data 2 at theta = 1.5708 and phi = 3.14159
#                      r                  R_prop                  R_prop
#                               (     0,3.14159)        (1.5708,3.14159)
#========================================================================
              -0.2734375     -0.2735618540529802     -0.2735618540529802
              -0.1953125     -0.1954040164606336     -0.1954040164606336
              -0.1171875     -0.1172435841543949     -0.1172435841543949
              -0.0390625    -0.03908140379129214    -0.03908140379129214
               0.0390625     0.03908140379129214     0.03908140379129214
               0.1171875      0.1172435841543949      0.1172435841543949
               0.1953125      0.1954040164606336      0.1954040164606336
               0.2734375      0.2735618540529802      0.2735618540529802
               0.3515625      0.3517166136199464      0.3517166136199464
               0.4296875      0.4298681695066676      0.4298681695066676
               0.5078125      0.5080166724078373      0.5080166724078373
               0.5859375      0.5861624385294439      0.5861624385294439
               0.6640625      0.6643058481502393      0.6643058481502393
               0.7421875      0.7424472748002289      0.7424472748002289
               0.8203125      0.8205870479275367      0.8205870479275367
               0.8984375      0.8987254409579081      0.8987254409579081
               0.9765625      0.9768626739036737      0.9768626739036737
               1.0546875       1.054998921902553       1.054998921902553
               1.1328125       1.133134324651247       1.133134324651247
               1.2109375       1.211268994572879       1.211268994572879
               1.2890625       1.289403023202719       1.289403023202719
               1.3671875       1.367536485972481       1.367536485972481
               1.4453125       1.445669445753537       1.445669445753537
               1.5234375        1.52380195549257        1.52380195549257
               1.6015625        1.60193406019462        1.60193406019462
               1.6796875       1.680065798435411       1.680065798435411
               1.7578125       1.758197203530261       1.758197203530261
               1.8359375       1.836328304448942       1.836328304448942
               1.9140625       1.914459126539942       1.914459126539942
               1.9921875       1.992589692109878       1.992589692109878
               2.0703125       2.070720020891489       2.070720020891489
               2.1484375       2.148850130424949       2.148850130424949
               2.2265625       2.226980036371099       2.226980036371099
               2.3046875        2.30510975277067        2.30510975277067
               2.3828125       2.383239292260297       2.383239292260297
               2.4609375         2.4613686662537         2.4613686662537
               2.5390625       2.539497885094545       2.539497885094545
               2.6171875       2.617626958186152       2.617626958186152
               2.6953125       2.695755894102126       2.695755894102126
               2.7734375       2.773884700681181       2.773884700681181
               2.8515625       2.852013385108798       2.852013385108798
               2.9296875       2.930141953987842       2.930141953987842
               3.0078125       3.008270413399895       3.008270413399895
               3.0859375       3.086398768958716       3.086398768958716
               3.1640625       3.164527025857031       3.164527025857031
               3.2421875       3.242655188907604       3.242655188907604
               3.3203125       3.320783262579427       3.320783262579427
               3.3984375       3.398911251029697       3.398911251029697
               3.4765625       3.477039158132163       3.477039158132163
               3.5546875       3.555166987502324       3.555166987502324
               3.6328125        3.63329474251988        3.63329474251988
               3.7109375       3.711422426348804       3.711422426348804
               3.7890625        3.78955004195532        3.78955004195532
               3.8671875       3.867677592124043       3.867677592124043
               3.9453125        3.94580507947251        3.94580507947251
               4.0234375       4.023932506464285       4.023932506464285
               4.1015625         4.1020598754208         4.1020598754208
               4.1796875       4.180187188532086       4.180187188532086
               4.2578125       4.258314447866502       4.258314447866502
               4.3359375        4.33644165537959        4.33644165537959
               4.4140625       4.414568812922127       4.414568812922127
               4.4921875        4.49269592224748        4.49269592224748
               4.5703125       4.570822985018324       4.570822985018324
               4.6484375       4.648950002812794       4.648950002812794
               4.7265625       4.727076977130111       4.727076977130111
               4.8046875        4.80520390939577        4.80520390939577
               4.8828125       4.883330800966285       4.883330800966285
               4.9609375       4.961457653133576       4.961457653133576
               5.0390625       5.039584467129003       5.039584467129003
               5.1171875       5.117711244127094       5.117711244127094
               5.1953125       5.195837985248987       5.195837985248987
               5.2734375       5.273964691565624       5.273964691565624
               5.3515625       5.352091364100694       5.352091364100694
               5.4296875       5.430218003833382       5.430218003833382
               5.5078125       5.508344611700903       5.508344611700903
               5.5859375       5.586471188600876       5.586471188600876
               5.6640625       5.664597735393515       5.664597735393515
               5.7421875       5.742724252903684       5.742724252903684
               5.8203125       5.820850741922807       5.820850741922807
               5.8984375        5.89897720321065        5.89897720321065
               5.9765625       5.977103637496987       5.977103637496987
               6.0546875       6.055230045483163       6.055230045483163
               6.1328125       6.133356427843543       6.133356427843543
               6.2109375       6.211482785226886       6.211482785226886
               6.2890625       6.289609118257623       6.289609118257623
               6.3671875       6.367735427537054       6.367735427537054
               6.4453125       6.445861713644485       6.445861713644485
               6.5234375        6.52398797713828        6.52398797713828
               6.6015625       6.602114218556861       6.602114218556861
               6.6796875       6.680240438419649       6.680240438419649
               6.7578125       6.758366637227945       6.758366637227945
               6.8359375       6.836492815465761       6.836492815465761
               6.9140625       6.914618973600613       6.914618973600613
               6.9921875       6.992745112084252       6.992745112084252
               7.0703125       7.070871231353378       7.070871231353378
               7.1484375       7.148997331830287       7.148997331830287
               7.2265625        7.22712341392351        7.22712341392351
               7.3046875       7.305249478028396       7.305249478028396
               7.3828125       7.383375524527678       7.383375524527678
               7.4609375       7.461501553792002       7.461501553792002
               7.5390625       7.539627566180431       7.539627566180431
               7.6171875       7.617753562040924       7.617753562040924
               7.6953125       7.695879541710787       7.695879541710787
               7.7734375       7.774005505517106       7.774005505517106
               7.8515625       7.852131453777153       7.852131453777153
               7.9296875       7.930257386798776       7.930257386798776
               8.0078125        8.00838330488077        8.00838330488077
               8.0859375       8.086509208313226       8.086509208313226
               8.1640625       8.164635097377866       8.164635097377866
               8.2421875       8.242760972348366       8.242760972348366
               8.3203125       8.320886833490652       8.320886833490652
               8.3984375       8.399012681063198       8.399012681063198
               8.4765625       8.477138515317296       8.477138515317296
               8.5546875       8.555264336497324       8.555264336497324
               8.6328125       8.633390144840991       8.633390144840991
               8.7109375       8.711515940579584       8.711515940579584
               8.7890625       8.789641723938196       8.789641723938196
               8.8671875       8.867767495135942       8.867767495135942
               8.9453125       8.945893254386172       8.945893254386172
               9.0234375        9.02401900189667        9.02401900189667
               9.1015625       9.102144737869846       9.102144737869846
               9.1796875       9.180270462502918       9.180270462502918
               9.2578125       9.258396175988093       9.258396175988093
               9.3359375       9.336521878512732       9.336521878512732
               9.4140625       9.414647570259511       9.414647570259511
               9.4921875       9.492773251406577       9.492773251406577
               9.5703125       9.570898922127698       9.570898922127698
               9.6484375         9.6490245825924         9.6490245825924
               9.7265625        9.72715023296611        9.72715023296611
               9.8046875       9.805275873410286       9.805275873410286
               9.8828125        9.88340150408254        9.88340150408254
               9.9609375       9.961527125136762       9.961527125136762
              10.0390625       10.03965273672323       10.03965273672323
              10.1171875       10.11777833898874       10.11777833898874
              10.1953125       10.19590393207668       10.19590393207668
              10.2734375       10.27402951612718       10.27402951612718
              10.3515625       10.35215509127716       10.35215509127716
              10.4296875       10.43028065766046       10.43028065766046
              10.5078125       10.50840621540794       10.50840621540794
              10.5859375       10.58653176464753       10.58653176464753
              10.6640625       10.66465730550435       10.66465730550435
              10.7421875       10.74278283810077       10.74278283810077
              10.8203125       10.82090836255652       10.82090836255652
              10.8984375       10.89903387898872       10.89903387898872
              10.9765625       10.97715938751199       10.97715938751199
              11.0546875       11.05528488823853       11.05528488823853
              11.1328125       11.13341038127813       11.13341038127813
              11.2109375       11.21153586673833       11.21153586673833
              11.2890625       11.28966134472437       11.28966134472437
              11.3671875       11.36778681533936       11.36778681533936
              11.4453125       11.44591227868427       11.44591227868427
              11.5234375       11.52403773485801       11.52403773485801
              11.6015625       11.60216318395749       11.60216318395749
              11.6796875       11.68028862607767       11.68028862607767
              11.7578125        11.7584140613116        11.7584140613116
              11.8359375        11.8365394897505        11.8365394897505
              11.9140625       11.91466491148377       11.91466491148377
              11.9921875       11.99279032659907       11.99279032659907
              12.0703125       12.07091573518234       12.07091573518234
              12.1484375       12.14904113731787       12.14904113731787
              12.2265625       12.22716653308832       12.22716653308832
              12.3046875       12.30529192257479       12.30529192257479
              12.3828125        12.3834173058568        12.3834173058568
              12.4609375       12.46154268301241       12.46154268301241
              12.5390625        12.5396680541182        12.5396680541182
              12.6171875       12.61779341924932       12.61779341924932
              12.6953125       12.69591877847953       12.69591877847953
              12.7734375       12.77404413188123       12.77404413188123
              12.8515625       12.85216947952551       12.85216947952551
              12.9296875       12.93029482148215       12.93029482148215
              13.0078125       13.00842015781967       13.00842015781967
              13.0859375       13.08654548860538       13.08654548860538
              13.1640625       13.16467081390537       13.16467081390537
              13.2421875       13.24279613378455       13.24279613378455
              13.3203125        13.3209214483067        13.3209214483067
              13.3984375       13.39904675753447       13.39904675753447
              13.4765625       13.47717206152944       13.47717206152944
              13.5546875       13.55529736035209       13.55529736035209
              13.6328125       13.63342265406187       13.63342265406187
              13.7109375       13.71154794271722       13.71154794271722
              13.7890625       13.78967322637558       13.78967322637558
              13.8671875       13.86779850509341       13.86779850509341
              13.9453125       13.94592377892621       13.94592377892621
              14.0234375       14.02404904792858       14.02404904792858
              14.1015625       14.10217431215418       14.10217431215418
              14.1796875        14.1802995716558        14.1802995716558
              14.2578125       14.25842482648535       14.25842482648535
              14.3359375       14.33655007669388       14.33655007669388
              14.4140625       14.41467532233164       14.41467532233164
              14.4921875       14.49280056344802       14.49280056344802
              14.5703125       14.57092580009165       14.57092580009165
              14.6484375       14.64905103231037       14.64905103231037
              14.7265625       14.72717626015124       14.72717626015124
              14.8046875        14.8053014836606        14.8053014836606
              14.8828125       14.88342670288404       14.88342670288404
              14.9609375       14.96155191786644       14.96155191786644
              15.0390625       15.03967712865198       15.03967712865198
              15.1171875       15.11780233528415       15.11780233528415
              15.1953125       15.19592753780576       15.19592753780576
              15.2734375       15.27405273625898       15.27405273625898
              15.3515625       15.35217793068532       15.35217793068532
              15.4296875       15.43030312112566       15.43030312112566
              15.5078125       15.50842830762026       15.50842830762026
              15.5859375       15.58655349020879       15.58655349020879
              15.6640625       15.66467866893029       15.66467866893029
              15.7421875       15.74280384382326       15.74280384382326
              15.8203125       15.82092901492559       15.82092901492559
              15.8984375       15.89905418227464       15.89905418227464
              15.9765625       15.97717934590719       15.97717934590719
              16.0546875       16.05530450585952       16.05530450585952
              16.1328125       16.13342966216734       16.13342966216734
              16.2109375       16.21155481486587       16.21155481486587
              16.2890625       16.28967996398982       16.28967996398982
              16.3671875       16.36780510957339       16.36780510957339
              16.4453125        16.4459302516503        16.4459302516503
              16.5234375       16.52405539025379       16.52405539025379
              16.6015625       16.60218052541662       16.60218052541662
              16.6796875       16.68030565717111       16.68030565717111
              16.7578125       16.75843078554911       16.75843078554911
              16.8359375       16.83655591058202       16.83655591058202
              16.9140625       16.91468103230082       16.91468103230082
              16.9921875       16.99280615073606       16.99280615073606
              17.0703125       17.07093126591786       17.07093126591786
              17.1484375       17.14905637787593       17.14905637787593
              17.2265625       17.22718148663958       17.22718148663958
              17.3046875       17.30530659223771       17.30530659223771
              17.3828125       17.38343169469885       17.38343169469885
              17.4609375       17.46155679405112       17.46155679405112
              17.5390625        17.5396818903223        17.5396818903223
              17.6171875       17.61780698353976       17.61780698353976
              17.6953125       17.69593207373052       17.69593207373052
              17.7734375       17.77405716092127       17.77405716092127
              17.8515625       17.85218224513831       17.85218224513831
              17.9296875        17.9303073264076        17.9303073264076
              18.0078125        18.0084324047548        18.0084324047548
              18.0859375       18.08655748020519       18.08655748020519
              18.1640625       18.16468255278375       18.16468255278375
              18.2421875       18.24280762251513       18.24280762251513
              18.3203125       18.32093268942366       18.32093268942366
              18.3984375       18.39905775353337       18.39905775353337
              18.4765625       18.47718281486797       18.47718281486797
              18.5546875       18.55530787345089       18.55530787345089
              18.6328125       18.63343292930525       18.63343292930525
              18.7109375       18.71155798245389       18.71155798245389
              18.7890625       18.78968303291934       18.78968303291934
              18.8671875       18.86780808072388       18.86780808072388
              18.9453125        18.9459331258895        18.9459331258895
              19.0234375       19.02405816843791       19.02405816843791
              19.1015625       19.10218320839058       19.10218320839058
              19.1796875       19.18030824576868       19.18030824576868
              19.2578125       19.25843328059316       19.25843328059316
              19.3359375       19.33655831288469       19.33655831288469
              19.4140625       19.41468334266369       19.41468334266369
              19.4921875       19.49280836995035       19.49280836995035
              19.5703125       19.57093339476461       19.57093339476461
              19.6484375       19.64905841712616       19.64905841712616
              19.7265625       19.72718343705447       19.72718343705447
              19.8046875       19.80530845456878       19.80530845456878
              19.8828125       19.88343346968809       19.88343346968809
              19.9609375        19.9615584824312        19.9615584824312
              20.0390625       20.03968349281665       20.03968349281665
              20.1171875       20.11780850086281       20.11780850086281
              20.1953125        20.1959335065878        20.1959335065878
              20.2734375       20.27405851000956       20.27405851000956
