# File created on Wed Jul  8 11:33:16 2026
# Data for Inflation GW initial data initial data at coord time 0.188986 and central proper time 0.188986
# Evolved with (264,10,9) gridpoints (including 4 ghosts)
# Evolution with geodesic slicing and constant shift shift condition 
# data for phi = 3.14159
#              r           theta              R_prop
#===============================================================
     0.030078125      0.78539816     0.03061480008362952
     0.030078125       2.3561945     0.03061480008362822

     0.090234375      0.78539816     0.09184449612494211
     0.090234375       2.3561945     0.09184449612494169

      0.15039062      0.78539816      0.1530744794905692
      0.15039062       2.3561945      0.1530744794905701

      0.21054687      0.78539816      0.2143049407395566
      0.21054687       2.3561945      0.2143049407395611

      0.27070312      0.78539816      0.2755360689465486
      0.27070312       2.3561945      0.2755360689465579

      0.33085938      0.78539816      0.3367680511109717
      0.33085938       2.3561945      0.3367680511109852

      0.39101563      0.78539816      0.3980010715690402
      0.39101563       2.3561945      0.3980010715690571

      0.45117188      0.78539816      0.4592353114094655
      0.45117188       2.3561945      0.4592353114094853

      0.51132813      0.78539816       0.520470947893666
      0.51132813       2.3561945      0.5204709478936882

      0.57148438      0.78539816      0.5817081538812772
      0.57148438       2.3561945      0.5817081538813015

      0.63164063      0.78539816      0.6429470972617564
      0.63164063       2.3561945      0.6429470972617825

      0.69179687      0.78539816      0.7041879403928627
      0.69179687       2.3561945      0.7041879403928903

      0.75195312      0.78539816      0.7654308395467845
      0.75195312       2.3561945      0.7654308395468135

      0.81210938      0.78539816      0.8266759443646713
      0.81210938       2.3561945      0.8266759443647014

      0.87226563      0.78539816      0.8879233973203168
      0.87226563       2.3561945      0.8879233973203479

      0.93242188      0.78539816      0.9491733331937219
      0.93242188       2.3561945      0.9491733331937537

      0.99257812      0.78539816       1.010425878555252
      0.99257812       2.3561945       1.010425878555285

       1.0527344      0.78539816       1.071681151261088
       1.0527344       2.3561945       1.071681151261121

       1.1128906      0.78539816       1.132939259960642
       1.1128906       2.3561945       1.132939259960676

       1.1730469      0.78539816       1.194200303616611
       1.1730469       2.3561945       1.194200303616645

       1.2332031      0.78539816       1.255464371038294
       1.2332031       2.3561945       1.255464371038327

       1.2933594      0.78539816       1.316731540428798
       1.2933594       2.3561945       1.316731540428832

       1.3535156      0.78539816       1.378001878946737
       1.3535156       2.3561945        1.37800187894677

       1.4136719      0.78539816       1.439275442282971
       1.4136719       2.3561945       1.439275442283005

       1.4738281      0.78539816       1.500552274252977
       1.4738281       2.3561945       1.500552274253011

       1.5339844      0.78539816        1.56183240640533
       1.5339844       2.3561945       1.561832406405363

       1.5941406      0.78539816       1.623115857646834
       1.5941406       2.3561945       1.623115857646867

       1.6542969      0.78539816       1.684402633884757
       1.6542969       2.3561945        1.68440263388479

       1.7144531      0.78539816       1.745692727686617
       1.7144531       2.3561945       1.745692727686649

       1.7746094      0.78539816       1.806986117957954
       1.7746094       2.3561945       1.806986117957986

       1.8347656      0.78539816        1.86828276963847
       1.8347656       2.3561945       1.868282769638502

       1.8949219      0.78539816       1.929582633416902
       1.8949219       2.3561945       1.929582633416933

       1.9550781      0.78539816       1.990885645464978
       1.9550781       2.3561945       1.990885645465009

       2.0152344      0.78539816       2.052191727190751
       2.0152344       2.3561945       2.052191727190781

       2.0753906      0.78539816       2.113500785011596
       2.0753906       2.3561945       2.113500785011626

       2.1355469      0.78539816       2.174812710147131
       2.1355469       2.3561945        2.17481271014716

       2.1957031      0.78539816       2.236127378432259
       2.1957031       2.3561945       2.236127378432287

       2.2558594      0.78539816       2.297444650150553
       2.2558594       2.3561945       2.297444650150582

       2.3160156      0.78539816       2.358764369888126
       2.3160156       2.3561945       2.358764369888155

       2.3761719      0.78539816       2.420086366408122
       2.3761719       2.3561945        2.42008636640815

       2.4363281      0.78539816       2.481410452545943
       2.4363281       2.3561945       2.481410452545971

       2.4964844      0.78539816       2.542736425125269
       2.4964844       2.3561945       2.542736425125297

       2.5566406      0.78539816       2.604064064894937
       2.5566406       2.3561945       2.604064064894965

       2.6167969      0.78539816        2.66539313648667
       2.6167969       2.3561945       2.665393136486697

       2.6769531      0.78539816       2.726723388393665
       2.6769531       2.3561945       2.726723388393693

       2.7371094      0.78539816       2.788054552969991
       2.7371094       2.3561945       2.788054552970018

       2.7972656      0.78539816       2.849386346450715
       2.7972656       2.3561945       2.849386346450742

       2.8574219      0.78539816       2.910718468992684
       2.8574219       2.3561945       2.910718468992711

       2.9175781      0.78539816       2.972050604735809
       2.9175781       2.3561945       2.972050604735836

       2.9777344      0.78539816       3.033382421884725
       2.9777344       2.3561945       3.033382421884752

       3.0378906      0.78539816       3.094713572810624
       3.0378906       2.3561945       3.094713572810651

       3.0980469      0.78539816       3.156043694173079
       3.0980469       2.3561945       3.156043694173105

       3.1582031      0.78539816       3.217372407061607
       3.1582031       2.3561945       3.217372407061634

       3.2183594      0.78539816       3.278699317156738
       3.2183594       2.3561945       3.278699317156764

       3.2785156      0.78539816       3.340024014910286
       3.2785156       2.3561945       3.340024014910312

       3.3386719      0.78539816       3.401346075744538
       3.3386719       2.3561945       3.401346075744564

       3.3988281      0.78539816        3.46266506027003
       3.3988281       2.3561945       3.462665060270056

       3.4589844      0.78539816       3.523980514521557
       3.4589844       2.3561945       3.523980514521583

       3.5191406      0.78539816       3.585291970212046
       3.5191406       2.3561945       3.585291970212072

       3.5792969      0.78539816       3.646598945003912
       3.5792969       2.3561945       3.646598945003937

       3.6394531      0.78539816       3.707900942797473
       3.6394531       2.3561945       3.707900942797498

       3.6996094      0.78539816       3.769197454036008
       3.6996094       2.3561945       3.769197454036032

       3.7597656      0.78539816       3.830487956026995
       3.7597656       2.3561945       3.830487956027019

       3.8199219      0.78539816       3.891771913279077
       3.8199219       2.3561945         3.8917719132791

       3.8800781      0.78539816        3.95304877785426
       3.8800781       2.3561945       3.953048777854283

       3.9402344      0.78539816       4.014317989734866
       3.9402344       2.3561945       4.014317989734886

       4.0003906      0.78539816       4.075578977204695
       4.0003906       2.3561945       4.075578977204715

       4.0605469      0.78539816       4.136831157243913
       4.0605469       2.3561945       4.136831157243932

       4.1207031      0.78539816       4.198073935937081
       4.1207031       2.3561945       4.198073935937098

       4.1808594      0.78539816       4.259306708893803
       4.1808594       2.3561945       4.259306708893819

       4.2410156      0.78539816       4.320528861681425
       4.2410156       2.3561945       4.320528861681439

       4.3011719      0.78539816       4.381739770269196
       4.3011719       2.3561945       4.381739770269209

       4.3613281      0.78539816       4.442938801483328
       4.3613281       2.3561945       4.442938801483338

       4.4214844      0.78539816       4.504125313472343
       4.4214844       2.3561945       4.504125313472352

       4.4816406      0.78539816       4.565298656182138
       4.4816406       2.3561945       4.565298656182145

       4.5417969      0.78539816       4.626458171840119
       4.5417969       2.3561945       4.626458171840124

       4.6019531      0.78539816       4.687603195447829
       4.6019531       2.3561945       4.687603195447832

       4.6621094      0.78539816       4.748733055281445
       4.6621094       2.3561945       4.748733055281447

       4.7222656      0.78539816       4.809847073399506
       4.7222656       2.3561945       4.809847073399506

       4.7824219      0.78539816       4.870944566157274
       4.7824219       2.3561945       4.870944566157271

       4.8425781      0.78539816       4.932024844727077
       4.8425781       2.3561945       4.932024844727072

       4.9027344      0.78539816       4.993087215624035
       4.9027344       2.3561945       4.993087215624027

       4.9628906      0.78539816       5.054130981236516
       4.9628906       2.3561945       5.054130981236506

       5.0230469      0.78539816       5.115155440360708
       5.0230469       2.3561945       5.115155440360697

       5.0832031      0.78539816       5.176159888738686
       5.0832031       2.3561945       5.176159888738673

       5.1433594      0.78539816       5.237143619599333
       5.1433594       2.3561945       5.237143619599318

       5.2035156      0.78539816       5.298105924201515
       5.2035156       2.3561945       5.298105924201498

       5.2636719      0.78539816        5.35904609237888
       5.2636719       2.3561945       5.359046092378861

       5.3238281      0.78539816       5.419963413085673
       5.3238281       2.3561945       5.419963413085654

       5.3839844      0.78539816       5.480857174942964
       5.3839844       2.3561945       5.480857174942942

       5.4441406      0.78539816       5.541726666784672
       5.4441406       2.3561945       5.541726666784649

       5.5042969      0.78539816       5.602571178202819
       5.5042969       2.3561945       5.602571178202794

       5.5644531      0.78539816         5.6633900000914
       5.5644531       2.3561945       5.663390000091374

       5.6246094      0.78539816       5.724182425188304
       5.6246094       2.3561945       5.724182425188276

       5.6847656      0.78539816       5.784947748614711
       5.6847656       2.3561945       5.784947748614681

       5.7449219      0.78539816       5.845685268411414
       5.7449219       2.3561945       5.845685268411382

       5.8050781      0.78539816         5.9063942860715
       5.8050781       2.3561945       5.906394286071467

       5.8652344      0.78539816       5.967074107068862
       5.8652344       2.3561945       5.967074107068827

       5.9253906      0.78539816        6.02772404138201
       5.9253906       2.3561945       6.027724041381972

       5.9855469      0.78539816       6.088343404012658
       5.9855469       2.3561945       6.088343404012618

       6.0457031      0.78539816       6.148931515498598
       6.0457031       2.3561945       6.148931515498556

       6.1058594      0.78539816       6.209487702420343
       6.1058594       2.3561945       6.209487702420299

       6.1660156      0.78539816       6.270011297901086
       6.1660156       2.3561945       6.270011297901041

       6.2261719      0.78539816       6.330501642099493
       6.2261719       2.3561945       6.330501642099446

       6.2863281      0.78539816       6.390958082694876
       6.2863281       2.3561945       6.390958082694828

       6.3464844      0.78539816       6.451379975364333
       6.3464844       2.3561945       6.451379975364283

       6.4066406      0.78539816       6.511766684251389
       6.4066406       2.3561945       6.511766684251337

       6.4667969      0.78539816       6.572117582425776
       6.4667969       2.3561945       6.572117582425723

       6.5269531      0.78539816       6.632432052333929
       6.5269531       2.3561945       6.632432052333875

       6.5871094      0.78539816       6.692709486239824
       6.5871094       2.3561945       6.692709486239769

       6.6472656      0.78539816       6.752949286655817
       6.6472656       2.3561945       6.752949286655761

       6.7074219      0.78539816       6.813150866763105
       6.7074219       2.3561945       6.813150866763048

       6.7675781      0.78539816       6.873313650821517
       6.7675781       2.3561945       6.873313650821459

       6.8277344      0.78539816       6.933437074568285
       6.8277344       2.3561945       6.933437074568228

       6.8878906      0.78539816       6.993520585605531
       6.8878906       2.3561945       6.993520585605473

       6.9480469      0.78539816       7.053563643776164
       6.9480469       2.3561945       7.053563643776104

       7.0082031      0.78539816       7.113565721527936
       7.0082031       2.3561945       7.113565721527876

       7.0683594      0.78539816        7.17352630426542
       7.0683594       2.3561945       7.173526304265359

       7.1285156      0.78539816       7.233444890689646
       7.1285156       2.3561945       7.233444890689585

       7.1886719      0.78539816       7.293320993125227
       7.1886719       2.3561945       7.293320993125166

       7.2488281      0.78539816       7.353154137834736
       7.2488281       2.3561945       7.353154137834676

       7.3089844      0.78539816       7.412943865320188
       7.3089844       2.3561945       7.412943865320128

       7.3691406      0.78539816       7.472689730611433
       7.3691406       2.3561945       7.472689730611373

       7.4292969      0.78539816       7.532391303541341
       7.4292969       2.3561945       7.532391303541281

       7.4894531      0.78539816       7.592048169007626
       7.4894531       2.3561945       7.592048169007566

       7.5496094      0.78539816       7.651659927221211
       7.5496094       2.3561945       7.651659927221152

       7.6097656      0.78539816       7.711226193941027
       7.6097656       2.3561945       7.711226193940967

       7.6699219      0.78539816       7.770746600695158
       7.6699219       2.3561945         7.7707466006951

       7.7300781      0.78539816       7.830220794988291
       7.7300781       2.3561945       7.830220794988233

       7.7902344      0.78539816       7.889648440495381
       7.7902344       2.3561945       7.889648440495324

       7.8503906      0.78539816       7.949029217241534
       7.8503906       2.3561945       7.949029217241478

       7.9105469      0.78539816       8.008362821768065
       7.9105469       2.3561945       8.008362821768008

       7.9707031      0.78539816       8.067648967284727
       7.9707031       2.3561945       8.067648967284672

       8.0308594      0.78539816       8.126887383808135
       8.0308594       2.3561945       8.126887383808082

       8.0910156      0.78539816       8.186077818286391
       8.0910156       2.3561945       8.186077818286339

       8.1511719      0.78539816       8.245220034709957
       8.1511719       2.3561945       8.245220034709906

       8.2113281      0.78539816       8.304313814208827
       8.2113281       2.3561945       8.304313814208777

       8.2714844      0.78539816       8.363358955136064
       8.2714844       2.3561945       8.363358955136016

       8.3316406      0.78539816       8.422355273137777
       8.3316406       2.3561945       8.422355273137731

       8.3917969      0.78539816       8.481302601209627
       8.3917969       2.3561945       8.481302601209581

       8.4519531      0.78539816       8.540200789739975
       8.4519531       2.3561945       8.540200789739929

       8.5121094      0.78539816       8.599049706539777
       8.5121094       2.3561945       8.599049706539731

       8.5722656      0.78539816       8.657849236859359
       8.5722656       2.3561945       8.657849236859315

       8.6324219      0.78539816       8.716599283392217
       8.6324219       2.3561945       8.716599283392174

       8.6925781      0.78539816       8.775299766265968
       8.6925781       2.3561945       8.775299766265928

       8.7527344      0.78539816        8.83395062302065
       8.7527344       2.3561945       8.833950623020611

       8.8128906      0.78539816       8.892551808574501
       8.8128906       2.3561945       8.892551808574463

       8.8730469      0.78539816       8.951103295177431
       8.8730469       2.3561945       8.951103295177395

       8.9332031      0.78539816       9.009605072352361
       8.9332031       2.3561945       9.009605072352326

       8.9933594      0.78539816       9.068057146824627
       8.9933594       2.3561945       9.068057146824591

       9.0535156      0.78539816        9.12645954243966
       9.0535156       2.3561945       9.126459542439624

       9.1136719      0.78539816       9.184812300069167
       9.1136719       2.3561945       9.184812300069133

       9.1738281      0.78539816       9.243115477506024
       9.1738281       2.3561945        9.24311547750599

       9.2339844      0.78539816       9.301369149348108
       9.2339844       2.3561945       9.301369149348076

       9.2941406      0.78539816       9.359573406871341
       9.2941406       2.3561945       9.359573406871311

       9.3542969      0.78539816       9.417728357892136
       9.3542969       2.3561945       9.417728357892107

       9.4144531      0.78539816       9.475834126619553
       9.4144531       2.3561945       9.475834126619526

       9.4746094      0.78539816       9.533890853497381
       9.4746094       2.3561945       9.533890853497356

       9.5347656      0.78539816       9.591898695036434
       9.5347656       2.3561945       9.591898695036411

       9.5949219      0.78539816       9.649857823637319
       9.5949219       2.3561945       9.649857823637296

       9.6550781      0.78539816       9.707768427403943
       9.6550781       2.3561945        9.70776842740392

       9.7152344      0.78539816       9.765630709948056
       9.7152344       2.3561945       9.765630709948033

       9.7753906      0.78539816       9.823444890185087
       9.7753906       2.3561945       9.823444890185066

       9.8355469      0.78539816       9.881211202121584
       9.8355469       2.3561945       9.881211202121564

       9.8957031      0.78539816       9.938929894634519
       9.8957031       2.3561945       9.938929894634501

       9.9558594      0.78539816       9.996601231242767
       9.9558594       2.3561945       9.996601231242751

       10.016016      0.78539816       10.05422548987105
       10.016016       2.3561945       10.05422548987104

       10.076172      0.78539816       10.11180296260665
       10.076172       2.3561945       10.11180296260663

       10.136328      0.78539816       10.16933395544913
       10.136328       2.3561945       10.16933395544911

       10.196484      0.78539816       10.22681878805349
       10.196484       2.3561945       10.22681878805348

       10.256641      0.78539816       10.28425779346691
       10.256641       2.3561945        10.2842577934669

       10.316797      0.78539816       10.34165131785949
       10.316797       2.3561945       10.34165131785948

       10.376953      0.78539816       10.39899972024919
       10.376953       2.3561945       10.39899972024918

       10.437109      0.78539816       10.45630337222143
       10.437109       2.3561945       10.45630337222142

       10.497266      0.78539816       10.51356265764342
       10.497266       2.3561945       10.51356265764342

       10.557422      0.78539816        10.5707779723738
       10.557422       2.3561945       10.57077797237379

       10.617578      0.78539816       10.62794972396756
       10.617578       2.3561945       10.62794972396756

       10.677734      0.78539816       10.68507833137692
       10.677734       2.3561945       10.68507833137692

       10.737891      0.78539816        10.7421642246481
       10.737891       2.3561945       10.74216422464809

       10.798047      0.78539816       10.79920784461454
       10.798047       2.3561945       10.79920784461453

       10.858203      0.78539816       10.85620964258671
       10.858203       2.3561945        10.8562096425867

       10.918359      0.78539816       10.91317008003894
       10.918359       2.3561945       10.91317008003893

       10.978516      0.78539816       10.97008962829338
       10.978516       2.3561945       10.97008962829337

       11.038672      0.78539816       11.02696876820155
       11.038672       2.3561945       11.02696876820154

       11.098828      0.78539816       11.08380798982366
       11.098828       2.3561945       11.08380798982365

       11.158984      0.78539816       11.14060779210602
       11.158984       2.3561945       11.14060779210601

       11.219141      0.78539816       11.19736868255682
       11.219141       2.3561945        11.1973686825568

       11.279297      0.78539816       11.25409117692052
       11.279297       2.3561945        11.2540911769205

       11.339453      0.78539816       11.31077579885118
       11.339453       2.3561945       11.31077579885117

       11.399609      0.78539816       11.36742307958496
       11.399609       2.3561945       11.36742307958495

       11.459766      0.78539816       11.42403355761201
       11.459766       2.3561945         11.424033557612

       11.519922      0.78539816       11.48060777834813
       11.519922       2.3561945       11.48060777834812

       11.580078      0.78539816       11.53714629380631
       11.580078       2.3561945        11.5371462938063

       11.640234      0.78539816       11.59364966226855
       11.640234       2.3561945       11.59364966226854

       11.700391      0.78539816       11.65011844795803
       11.700391       2.3561945       11.65011844795802

       11.760547      0.78539816       11.70655322071207
       11.760547       2.3561945       11.70655322071206

       11.820703      0.78539816       11.76295455565594
       11.820703       2.3561945       11.76295455565593

       11.880859      0.78539816       11.81932303287785
       11.880859       2.3561945       11.81932303287784

       11.941016      0.78539816       11.87565923710533
       11.941016       2.3561945       11.87565923710532

       12.001172      0.78539816        11.9319637573832
       12.001172       2.3561945       11.93196375738319

       12.061328      0.78539816       11.98823718675336
       12.061328       2.3561945       11.98823718675335

       12.121484      0.78539816       12.04448012193659
       12.121484       2.3561945       12.04448012193659

       12.181641      0.78539816       12.10069316301665
       12.181641       2.3561945       12.10069316301665

       12.241797      0.78539816       12.15687691312667
       12.241797       2.3561945       12.15687691312667

       12.301953      0.78539816       12.21303197813834
       12.301953       2.3561945       12.21303197813834

       12.362109      0.78539816       12.26915896635374
       12.362109       2.3561945       12.26915896635374

       12.422266      0.78539816       12.32525848820029
       12.422266       2.3561945       12.32525848820029

       12.482422      0.78539816       12.38133115592882
       12.482422       2.3561945       12.38133115592882

       12.542578      0.78539816       12.43737758331492
       12.542578       2.3561945       12.43737758331493

       12.602734      0.78539816       12.49339838536392
       12.602734       2.3561945       12.49339838536393

       12.662891      0.78539816       12.54939417801941
       12.662891       2.3561945       12.54939417801942

       12.723047      0.78539816        12.6053655778756
       12.723047       2.3561945       12.60536557787561

       12.783203      0.78539816       12.66131320189372
       12.783203       2.3561945       12.66131320189373

       12.843359      0.78539816       12.71723766712237
       12.843359       2.3561945       12.71723766712238

       12.903516      0.78539816       12.77313959042225
       12.903516       2.3561945       12.77313959042227

       12.963672      0.78539816       12.82901958819516
       12.963672       2.3561945       12.82901958819518

       13.023828      0.78539816       12.88487827611749
       13.023828       2.3561945       12.88487827611751

       13.083984      0.78539816       12.94071626887836
       13.083984       2.3561945       12.94071626887838

       13.144141      0.78539816        12.9965341799224
       13.144141       2.3561945       12.99653417992242

       13.204297      0.78539816        13.0523326211974
       13.204297       2.3561945       13.05233262119742

       13.264453      0.78539816       13.10811220290686
       13.264453       2.3561945       13.10811220290688

       13.324609      0.78539816        13.1638735332675
       13.324609       2.3561945       13.16387353326751

       13.384766      0.78539816       13.21961721827193
       13.384766       2.3561945       13.21961721827195

       13.444922      0.78539816       13.27534386145647
       13.444922       2.3561945       13.27534386145649

       13.505078      0.78539816       13.33105406367418
       13.505078       2.3561945        13.3310540636742

       13.565234      0.78539816       13.38674842287324
       13.565234       2.3561945       13.38674842287326

       13.625391      0.78539816       13.44242753388073
       13.625391       2.3561945       13.44242753388076

       13.685547      0.78539816       13.49809198819184
       13.685547       2.3561945       13.49809198819187

       13.745703      0.78539816       13.55374237376454
       13.745703       2.3561945       13.55374237376456

       13.805859      0.78539816        13.6093792748198
       13.805859       2.3561945       13.60937927481983

       13.866016      0.78539816       13.66500327164747
       13.866016       2.3561945        13.6650032716475

       13.926172      0.78539816       13.72061494041769
       13.926172       2.3561945       13.72061494041772

       13.986328      0.78539816       13.77621485299791
       13.986328       2.3561945       13.77621485299794

       14.046484      0.78539816       13.83180357677587
       14.046484       2.3561945        13.8318035767759

       14.106641      0.78539816       13.88738167448761
       14.106641       2.3561945       13.88738167448764

       14.166797      0.78539816       13.94294970405275
       14.166797       2.3561945       13.94294970405279

       14.226953      0.78539816       13.99850821841165
       14.226953       2.3561945       13.99850821841169

       14.287109      0.78539816       14.05405776537769
       14.287109       2.3561945       14.05405776537773

       14.347266      0.78539816       14.10959888747424
       14.347266       2.3561945       14.10959888747428

       14.407422      0.78539816       14.16513212182757
       14.407422       2.3561945       14.16513212182761

       14.467578      0.78539816       14.22065799984696
       14.467578       2.3561945       14.22065799984699

       14.527734      0.78539816       14.27617704818402
       14.527734       2.3561945       14.27617704818406

       14.587891      0.78539816       14.33168978497957
       14.587891       2.3561945        14.3316897849796

       14.648047      0.78539816       14.38719671498882
       14.648047       2.3561945       14.38719671498886

       14.708203      0.78539816       14.44269844807196
       14.708203       2.3561945       14.44269844807199

       14.768359      0.78539816       14.49819515671702
       14.768359       2.3561945       14.49819515671705

       14.828516      0.78539816       14.55368676446384
       14.828516       2.3561945       14.55368676446387

       14.888672      0.78539816       14.60918353461879
       14.888672       2.3561945       14.60918353461883

       14.948828      0.78539816       14.66464002401402
       14.948828       2.3561945       14.66464002401406

       15.008984      0.78539816       14.72022613688704
       15.008984       2.3561945       14.72022613688708

       15.069141      0.78539816                    -nan
       15.069141       2.3561945                    -nan

       15.129297      0.78539816                    -nan
       15.129297       2.3561945                    -nan

       15.189453      0.78539816                    -nan
       15.189453       2.3561945                    -nan

       15.249609      0.78539816                    -nan
       15.249609       2.3561945                    -nan

       15.309766      0.78539816                    -nan
       15.309766       2.3561945                    -nan

       15.369922      0.78539816                    -nan
       15.369922       2.3561945                    -nan

       15.430078      0.78539816                    -nan
       15.430078       2.3561945                    -nan

       15.490234      0.78539816                    -nan
       15.490234       2.3561945                    -nan

       15.550391      0.78539816                    -nan
       15.550391       2.3561945                    -nan

       15.610547      0.78539816                    -nan
       15.610547       2.3561945                    -nan

