# File created on Wed Jul  8 11:31:11 2026
# ======================================== 
# = Running code assuming AXISYMMETRY    = 
# ======================================== 
# Data for Inflation GW initial data initial data at coord. time 0.0377973 and proper central time 0.0377973
# Evolved with (264,10,9) gridpoints (including 4 ghosts)
# Evolution with geodesic slicing and constant shift
# using eighth-order spatial differencing with 4 ghost zones 
# data 1 at theta = 0 and phi = 3.14159
# data 2 at theta = 1.5708 and phi = 3.14159
#                      r                  R_prop                  R_prop
#                               (     0,3.14159)        (1.5708,3.14159)
#========================================================================
            -0.210546875            -0.210546875            -0.210546875
            -0.150390625            -0.150390625            -0.150390625
    -0.09023437500000001    -0.09023437500000001    -0.09023437500000001
            -0.030078125            -0.030078125            -0.030078125
             0.030078125             0.030078125             0.030078125
     0.09023437500000001     0.09023437500000001     0.09023437500000001
             0.150390625             0.150390625             0.150390625
             0.210546875             0.210546875             0.210546875
             0.270703125             0.270703125             0.270703125
             0.330859375      0.3308593750000001      0.3308593750000001
             0.391015625      0.3910156250000001      0.3910156250000001
             0.451171875      0.4511718750000001      0.4511718750000001
             0.511328125      0.5113281250000001      0.5113281250000001
             0.571484375      0.5714843750000002      0.5714843750000002
      0.6316406250000001      0.6316406250000002      0.6316406250000002
             0.691796875      0.6917968750000002      0.6917968750000002
             0.751953125      0.7519531250000002      0.7519531250000002
             0.812109375      0.8121093750000002      0.8121093750000002
             0.872265625      0.8722656250000003      0.8722656250000003
      0.9324218750000001      0.9324218750000003      0.9324218750000003
             0.992578125      0.9925781250000003      0.9925781250000003
             1.052734375             1.052734375             1.052734375
             1.112890625             1.112890625             1.112890625
             1.173046875             1.173046875             1.173046875
             1.233203125             1.233203125             1.233203125
             1.293359375             1.293359375             1.293359375
             1.353515625             1.353515625             1.353515625
             1.413671875             1.413671875             1.413671875
             1.473828125             1.473828125             1.473828125
             1.533984375             1.533984375             1.533984375
             1.594140625       1.594140624999999       1.594140624999999
             1.654296875       1.654296874999999       1.654296874999999
             1.714453125       1.714453124999999       1.714453124999999
             1.774609375       1.774609374999999       1.774609374999999
             1.834765625       1.834765624999999       1.834765624999999
             1.894921875       1.894921874999999       1.894921874999999
             1.955078125       1.955078124999999       1.955078124999999
             2.015234375       2.015234374999999       2.015234374999999
             2.075390625       2.075390624999999       2.075390624999999
             2.135546875       2.135546874999999       2.135546874999999
             2.195703125       2.195703124999999       2.195703124999999
             2.255859375       2.255859374999999       2.255859374999999
             2.316015625       2.316015624999999       2.316015624999999
             2.376171875       2.376171874999998       2.376171874999998
             2.436328125       2.436328124999998       2.436328124999998
             2.496484375       2.496484374999998       2.496484374999998
             2.556640625       2.556640624999998       2.556640624999998
             2.616796875       2.616796874999998       2.616796874999998
             2.676953125       2.676953124999998       2.676953124999998
             2.737109375       2.737109374999998       2.737109374999998
             2.797265625       2.797265624999998       2.797265624999998
             2.857421875       2.857421874999998       2.857421874999998
             2.917578125       2.917578124999998       2.917578124999998
             2.977734375       2.977734374999998       2.977734374999998
             3.037890625       3.037890624999998       3.037890624999998
             3.098046875       3.098046874999997       3.098046874999997
             3.158203125       3.158203124999997       3.158203124999997
             3.218359375       3.218359374999997       3.218359374999997
             3.278515625       3.278515624999997       3.278515624999997
             3.338671875       3.338671874999997       3.338671874999997
             3.398828125       3.398828124999997       3.398828124999997
             3.458984375       3.458984374999997       3.458984374999997
             3.519140625       3.519140624999997       3.519140624999997
             3.579296875       3.579296874999997       3.579296874999997
             3.639453125       3.639453124999997       3.639453124999997
             3.699609375       3.699609374999997       3.699609374999997
             3.759765625       3.759765624999996       3.759765624999996
             3.819921875       3.819921874999996       3.819921874999996
             3.880078125       3.880078124999996       3.880078124999996
             3.940234375       3.940234374999996       3.940234374999996
       4.000390625000001       4.000390624999996       4.000390624999996
             4.060546875       4.060546874999996       4.060546874999996
             4.120703125       4.120703124999997       4.120703124999997
             4.180859375       4.180859374999997       4.180859374999997
             4.241015625       4.241015624999998       4.241015624999998
       4.301171875000001       4.301171874999998       4.301171874999998
             4.361328125       4.361328124999998       4.361328124999998
             4.421484375       4.421484374999999       4.421484374999999
             4.481640625       4.481640624999999       4.481640624999999
             4.541796875       4.541796874999999       4.541796874999999
       4.601953125000001             4.601953125             4.601953125
             4.662109375             4.662109375             4.662109375
             4.722265625             4.722265625             4.722265625
             4.782421875       4.782421875000001       4.782421875000001
             4.842578125       4.842578125000001       4.842578125000001
       4.902734375000001       4.902734375000001       4.902734375000001
             4.962890625       4.962890625000002       4.962890625000002
             5.023046875       5.023046875000002       5.023046875000002
             5.083203125       5.083203125000002       5.083203125000002
             5.143359375       5.143359375000003       5.143359375000003
       5.203515625000001       5.203515625000003       5.203515625000003
             5.263671875       5.263671875000004       5.263671875000004
             5.323828125       5.323828125000004       5.323828125000004
             5.383984375       5.383984375000004       5.383984375000004
             5.444140625       5.444140625000005       5.444140625000005
       5.504296875000001       5.504296875000005       5.504296875000005
             5.564453125       5.564453125000005       5.564453125000005
             5.624609375       5.624609375000006       5.624609375000006
             5.684765625       5.684765625000006       5.684765625000006
             5.744921875       5.744921875000006       5.744921875000006
       5.805078125000001       5.805078125000007       5.805078125000007
             5.865234375       5.865234375000007       5.865234375000007
             5.925390625       5.925390625000007       5.925390625000007
             5.985546875       5.985546875000008       5.985546875000008
             6.045703125       6.045703125000008       6.045703125000008
       6.105859375000001       6.105859375000009       6.105859375000009
             6.166015625       6.166015625000009       6.166015625000009
             6.226171875       6.226171875000009       6.226171875000009
             6.286328125        6.28632812500001        6.28632812500001
             6.346484375        6.34648437500001        6.34648437500001
       6.406640625000001        6.40664062500001        6.40664062500001
             6.466796875       6.466796875000011       6.466796875000011
             6.526953125       6.526953125000011       6.526953125000011
             6.587109375       6.587109375000011       6.587109375000011
             6.647265625       6.647265625000012       6.647265625000012
       6.707421875000001       6.707421875000012       6.707421875000012
             6.767578125       6.767578125000012       6.767578125000012
             6.827734375       6.827734375000013       6.827734375000013
             6.887890625       6.887890625000013       6.887890625000013
             6.948046875       6.948046875000014       6.948046875000014
       7.008203125000001       7.008203125000014       7.008203125000014
             7.068359375       7.068359375000014       7.068359375000014
             7.128515625       7.128515625000015       7.128515625000015
             7.188671875       7.188671875000015       7.188671875000015
             7.248828125       7.248828125000015       7.248828125000015
       7.308984375000001       7.308984375000016       7.308984375000016
             7.369140625       7.369140625000016       7.369140625000016
             7.429296875       7.429296875000016       7.429296875000016
             7.489453125       7.489453125000017       7.489453125000017
             7.549609375       7.549609375000017       7.549609375000017
       7.609765625000001       7.609765625000017       7.609765625000017
             7.669921875       7.669921875000018       7.669921875000018
             7.730078125       7.730078125000018       7.730078125000018
             7.790234375       7.790234375000018       7.790234375000018
             7.850390625       7.850390625000019       7.850390625000019
       7.910546875000001       7.910546875000019       7.910546875000019
             7.970703125        7.97070312500002        7.97070312500002
             8.030859375        8.03085937500002        8.03085937500002
       8.091015625000001        8.09101562500002        8.09101562500002
       8.151171875000001       8.151171875000021       8.151171875000021
             8.211328125       8.211328125000021       8.211328125000021
             8.271484375       8.271484375000021       8.271484375000021
             8.331640625       8.331640625000022       8.331640625000022
       8.391796875000001       8.391796875000022       8.391796875000022
       8.451953125000001       8.451953125000022       8.451953125000022
             8.512109375       8.512109375000023       8.512109375000023
             8.572265625       8.572265625000023       8.572265625000023
             8.632421875       8.632421875000023       8.632421875000023
       8.692578125000001       8.692578125000024       8.692578125000024
       8.752734375000001       8.752734375000024       8.752734375000024
             8.812890625       8.812890625000025       8.812890625000025
             8.873046875       8.873046875000025       8.873046875000025
             8.933203125       8.933203125000025       8.933203125000025
       8.993359375000001       8.993359375000026       8.993359375000026
       9.053515625000001       9.053515625000026       9.053515625000026
             9.113671875       9.113671875000026       9.113671875000026
             9.173828125       9.173828125000027       9.173828125000027
             9.233984375       9.233984375000027       9.233984375000027
       9.294140625000001       9.294140625000027       9.294140625000027
       9.354296875000001       9.354296875000028       9.354296875000028
             9.414453125       9.414453125000028       9.414453125000028
             9.474609375       9.474609375000028       9.474609375000028
             9.534765625       9.534765625000029       9.534765625000029
       9.594921875000001       9.594921875000029       9.594921875000029
       9.655078125000001       9.655078125000029       9.655078125000029
             9.715234375        9.71523437500003        9.71523437500003
             9.775390625        9.77539062500003        9.77539062500003
             9.835546875       9.835546875000031       9.835546875000031
       9.895703125000001       9.895703125000031       9.895703125000031
       9.955859375000001       9.955859375000031       9.955859375000031
            10.016015625       10.01601562500003       10.01601562500003
            10.076171875       10.07617187500003       10.07617187500003
            10.136328125       10.13632812500003       10.13632812500003
            10.196484375       10.19648437500003       10.19648437500003
            10.256640625       10.25664062500003       10.25664062500003
            10.316796875       10.31679687500003       10.31679687500003
            10.376953125       10.37695312500003       10.37695312500003
            10.437109375       10.43710937500003       10.43710937500003
            10.497265625       10.49726562500003       10.49726562500003
            10.557421875       10.55742187500003       10.55742187500003
            10.617578125       10.61757812500004       10.61757812500004
            10.677734375       10.67773437500004       10.67773437500004
            10.737890625       10.73789062500004       10.73789062500004
            10.798046875       10.79804687500004       10.79804687500004
            10.858203125       10.85820312500004       10.85820312500004
            10.918359375       10.91835937500004       10.91835937500004
            10.978515625       10.97851562500004       10.97851562500004
            11.038671875       11.03867187500004       11.03867187500004
            11.098828125       11.09882812500004       11.09882812500004
            11.158984375       11.15898437500004       11.15898437500004
            11.219140625       11.21914062500004       11.21914062500004
            11.279296875       11.27929687500004       11.27929687500004
            11.339453125       11.33945312500004       11.33945312500004
            11.399609375       11.39960937500004       11.39960937500004
            11.459765625       11.45976562500004       11.45976562500004
            11.519921875       11.51992187500004       11.51992187500004
            11.580078125       11.58007812500004       11.58007812500004
            11.640234375       11.64023437500004       11.64023437500004
            11.700390625       11.70039062500004       11.70039062500004
            11.760546875       11.76054687500004       11.76054687500004
            11.820703125       11.82070312500004       11.82070312500004
            11.880859375       11.88085937500004       11.88085937500004
            11.941015625       11.94101562500004       11.94101562500004
            12.001171875       12.00117187500004       12.00117187500004
            12.061328125       12.06132812500004       12.06132812500004
            12.121484375       12.12148437500004       12.12148437500004
            12.181640625       12.18164062500004       12.18164062500004
            12.241796875       12.24179687500004       12.24179687500004
            12.301953125       12.30195312500005       12.30195312500005
            12.362109375       12.36210937500005       12.36210937500005
            12.422265625       12.42226562500005       12.42226562500005
            12.482421875       12.48242187500005       12.48242187500005
            12.542578125       12.54257812500005       12.54257812500005
            12.602734375       12.60273437500005       12.60273437500005
            12.662890625       12.66289062500005       12.66289062500005
            12.723046875       12.72304687500005       12.72304687500005
            12.783203125       12.78320312500005       12.78320312500005
            12.843359375       12.84335937500005       12.84335937500005
            12.903515625       12.90351562500005       12.90351562500005
            12.963671875       12.96367187500005       12.96367187500005
            13.023828125       13.02382812500005       13.02382812500005
            13.083984375       13.08398437500005       13.08398437500005
            13.144140625       13.14414062500005       13.14414062500005
            13.204296875       13.20429687500005       13.20429687500005
            13.264453125       13.26445312500005       13.26445312500005
            13.324609375       13.32460937500005       13.32460937500005
            13.384765625       13.38476562500005       13.38476562500005
            13.444921875       13.44492187500005       13.44492187500005
            13.505078125       13.50507812500005       13.50507812500005
            13.565234375       13.56523437500005       13.56523437500005
            13.625390625       13.62539062500005       13.62539062500005
            13.685546875       13.68554687500005       13.68554687500005
            13.745703125       13.74570312500005       13.74570312500005
            13.805859375       13.80585937500005       13.80585937500005
            13.866015625       13.86601562500005       13.86601562500005
            13.926171875       13.92617187500005       13.92617187500005
            13.986328125       13.98632812500006       13.98632812500006
            14.046484375       14.04648437500006       14.04648437500006
            14.106640625       14.10664062500006       14.10664062500006
            14.166796875       14.16679687500006       14.16679687500006
            14.226953125       14.22695312500006       14.22695312500006
            14.287109375       14.28710937500006       14.28710937500006
            14.347265625       14.34726562500006       14.34726562500006
            14.407421875       14.40742187500006       14.40742187500006
            14.467578125       14.46757812500006       14.46757812500006
            14.527734375       14.52773437500006       14.52773437500006
            14.587890625       14.58789062500006       14.58789062500006
            14.648046875       14.64804687500006       14.64804687500006
            14.708203125       14.70820312500006       14.70820312500006
            14.768359375       14.76835937500006       14.76835937500006
            14.828515625       14.82851562500006       14.82851562500006
            14.888671875       14.88867187500006       14.88867187500006
            14.948828125       14.94882812500006       14.94882812500006
            15.008984375       15.00898437500006       15.00898437500006
            15.069140625       15.06914062500006       15.06914062500006
            15.129296875       15.12929687500006       15.12929687500006
            15.189453125       15.18945312500006       15.18945312500006
            15.249609375       15.24960937500006       15.24960937500006
            15.309765625       15.30976562500006       15.30976562500006
            15.369921875       15.36992187500006       15.36992187500006
            15.430078125       15.43007812500006       15.43007812500006
            15.490234375       15.49023437500006       15.49023437500006
            15.550390625       15.55039062500006       15.55039062500006
            15.610546875       15.61054687500006       15.61054687500006
