# File created on Tue Jul  7 15:36:44 2026
# Data for Inflation GW initial data initial data at coord time 0 and central proper time 0
# Evolved with (136,10,9) gridpoints (including 4 ghosts)
# Evolution with geodesic slicing and constant shift shift condition 
# data for phi = 3.14159
#              r           theta              R_prop
#===============================================================
        0.078125      0.78539816     0.07812738076541163
        0.078125       2.3561945     0.07812738076541163

        0.234375      0.78539816      0.2343820621197723
        0.234375       2.3561945      0.2343820621197723

        0.390625      0.78539816      0.3906365200190314
        0.390625       2.3561945      0.3906365200190314

        0.546875      0.78539816      0.5468906462172619
        0.546875       2.3561945      0.5468906462172619

        0.703125      0.78539816      0.7031443789032672
        0.703125       2.3561945      0.7031443789032672

        0.859375      0.78539816      0.8593977019833401
        0.859375       2.3561945      0.8593977019833401

        1.015625      0.78539816       1.015650634697891
        1.015625       2.3561945       1.015650634697891

        1.171875      0.78539816       1.171903217457504
        1.171875       2.3561945       1.171903217457504

        1.328125      0.78539816       1.328155498874741
        1.328125       2.3561945       1.328155498874741

        1.484375      0.78539816       1.484407526706784
        1.484375       2.3561945       1.484407526706784

        1.640625      0.78539816       1.640659343078879
        1.640625       2.3561945       1.640659343078879

        1.796875      0.78539816       1.796910982955094
        1.796875       2.3561945       1.796910982955094

        1.953125      0.78539816       1.953162474470423
        1.953125       2.3561945       1.953162474470423

        2.109375      0.78539816       2.109413840021887
        2.109375       2.3561945       2.109413840021887

        2.265625      0.78539816       2.265665097474505
        2.265625       2.3561945       2.265665097474505

        2.421875      0.78539816       2.421916261205584
        2.421875       2.3561945       2.421916261205584

        2.578125      0.78539816       2.578167342921263
        2.578125       2.3561945       2.578167342921263

        2.734375      0.78539816        2.73441835226831
        2.734375       2.3561945        2.73441835226831

        2.890625      0.78539816       2.890669297287228
        2.890625       2.3561945       2.890669297287228

        3.046875      0.78539816       3.046920184749297
        3.046875       2.3561945       3.046920184749297

        3.203125      0.78539816       3.203171020410178
        3.203125       2.3561945       3.203171020410178

        3.359375      0.78539816       3.359421809203307
        3.359375       2.3561945       3.359421809203307

        3.515625      0.78539816       3.515672555389385
        3.515625       2.3561945       3.515672555389385

        3.671875      0.78539816       3.671923262673368
        3.671875       2.3561945       3.671923262673368

        3.828125      0.78539816       3.828173934297098
        3.828125       2.3561945       3.828173934297098

        3.984375      0.78539816       3.984424573113392
        3.984375       2.3561945       3.984424573113392

        4.140625      0.78539816       4.140675181645901
        4.140625       2.3561945       4.140675181645901

        4.296875      0.78539816       4.296925762137866
        4.296875       2.3561945       4.296925762137866

        4.453125      0.78539816       4.453176316592185
        4.453125       2.3561945       4.453176316592185

        4.609375      0.78539816       4.609426846804557
        4.609375       2.3561945       4.609426846804557

        4.765625      0.78539816       4.765677354391113
        4.765625       2.3561945       4.765677354391113

        4.921875      0.78539816       4.921927840811583
        4.921875       2.3561945       4.921927840811583

        5.078125      0.78539816       5.078178307388848
        5.078125       2.3561945       5.078178307388848

        5.234375      0.78539816       5.234428755325527
        5.234375       2.3561945       5.234428755325527

        5.390625      0.78539816       5.390679185718125
        5.390625       2.3561945       5.390679185718125

        5.546875      0.78539816       5.546929599569162
        5.546875       2.3561945       5.546929599569162

        5.703125      0.78539816       5.703179997797614
        5.703125       2.3561945       5.703179997797614

        5.859375      0.78539816       5.859430381247945
        5.859375       2.3561945       5.859430381247945

        6.015625      0.78539816       6.015680750697951
        6.015625       2.3561945       6.015680750697951

        6.171875      0.78539816         6.1719311068656
        6.171875       2.3561945         6.1719311068656

        6.328125      0.78539816       6.328181450415007
        6.328125       2.3561945       6.328181450415007

        6.484375      0.78539816         6.4844317819617
        6.484375       2.3561945         6.4844317819617

        6.640625      0.78539816       6.640682102077234
        6.640625       2.3561945       6.640682102077234

        6.796875      0.78539816       6.796932411293292
        6.796875       2.3561945       6.796932411293292

        6.953125      0.78539816       6.953182710105305
        6.953125       2.3561945       6.953182710105305

        7.109375      0.78539816       7.109432998975675
        7.109375       2.3561945       7.109432998975675

        7.265625      0.78539816       7.265683278336649
        7.265625       2.3561945       7.265683278336649

        7.421875      0.78539816       7.421933548592881
        7.421875       2.3561945       7.421933548592881

        7.578125      0.78539816       7.578183810123735
        7.578125       2.3561945       7.578183810123735

        7.734375      0.78539816       7.734434063285351
        7.734375       2.3561945       7.734434063285351

        7.890625      0.78539816       7.890684308412497
        7.890625       2.3561945       7.890684308412497

        8.046875      0.78539816       8.046934545820251
        8.046875       2.3561945       8.046934545820251

        8.203125      0.78539816       8.203184775805514
        8.203125       2.3561945       8.203184775805514

        8.359375      0.78539816       8.359434998648378
        8.359375       2.3561945       8.359434998648378

        8.515625      0.78539816       8.515685214613377
        8.515625       2.3561945       8.515685214613377

        8.671875      0.78539816       8.671935423950616
        8.671875       2.3561945       8.671935423950616

        8.828125      0.78539816       8.828185626896801
        8.828125       2.3561945       8.828185626896801

        8.984375      0.78539816       8.984435823676179
        8.984375       2.3561945       8.984435823676179

        9.140625      0.78539816         9.1406860145014
        9.140625       2.3561945         9.1406860145014

        9.296875      0.78539816       9.296936199574297
        9.296875       2.3561945       9.296936199574297

        9.453125      0.78539816       9.453186379086617
        9.453125       2.3561945       9.453186379086617

        9.609375      0.78539816       9.609436553220672
        9.609375       2.3561945       9.609436553220672

        9.765625      0.78539816       9.765686722149956
        9.765625       2.3561945       9.765686722149956

        9.921875      0.78539816       9.921936886039699
        9.921875       2.3561945       9.921936886039699

       10.078125      0.78539816       10.07818704504739
       10.078125       2.3561945       10.07818704504739

       10.234375      0.78539816       10.23443719932324
       10.234375       2.3561945       10.23443719932324

       10.390625      0.78539816       10.39068734901064
       10.390625       2.3561945       10.39068734901064

       10.546875      0.78539816       10.54693749424656
       10.546875       2.3561945       10.54693749424656

       10.703125      0.78539816       10.70318763516193
       10.703125       2.3561945       10.70318763516193

       10.859375      0.78539816       10.85943777188198
       10.859375       2.3561945       10.85943777188198

       11.015625      0.78539816       11.01568790452657
       11.015625       2.3561945       11.01568790452657

       11.171875      0.78539816       11.17193803321051
       11.171875       2.3561945       11.17193803321051

       11.328125      0.78539816       11.32818815804382
       11.328125       2.3561945       11.32818815804382

       11.484375      0.78539816       11.48443827913199
       11.484375       2.3561945       11.48443827913199

       11.640625      0.78539816       11.64068839657624
       11.640625       2.3561945       11.64068839657624

       11.796875      0.78539816       11.79693851047374
       11.796875       2.3561945       11.79693851047374

       11.953125      0.78539816       11.95318862091784
       11.953125       2.3561945       11.95318862091784

       12.109375      0.78539816       12.10943872799822
       12.109375       2.3561945       12.10943872799822

       12.265625      0.78539816       12.26568883180114
       12.265625       2.3561945       12.26568883180114

       12.421875      0.78539816       12.42193893240957
       12.421875       2.3561945       12.42193893240957

       12.578125      0.78539816       12.57818902990337
       12.578125       2.3561945       12.57818902990337

       12.734375      0.78539816       12.73443912435945
       12.734375       2.3561945       12.73443912435945

       12.890625      0.78539816        12.8906892158519
       12.890625       2.3561945        12.8906892158519

       13.046875      0.78539816       13.04693930445213
       13.046875       2.3561945       13.04693930445213

       13.203125      0.78539816       13.20318939022901
       13.203125       2.3561945       13.20318939022901

       13.359375      0.78539816       13.35943947324896
       13.359375       2.3561945       13.35943947324896

       13.515625      0.78539816        13.5156895535761
       13.515625       2.3561945        13.5156895535761

       13.671875      0.78539816       13.67193963127233
       13.671875       2.3561945       13.67193963127233

       13.828125      0.78539816       13.82818970639745
       13.828125       2.3561945       13.82818970639745

       13.984375      0.78539816       13.98443977900924
       13.984375       2.3561945       13.98443977900924

       14.140625      0.78539816       14.14068984916354
       14.140625       2.3561945       14.14068984916354

       14.296875      0.78539816       14.29693991691437
       14.296875       2.3561945       14.29693991691437

       14.453125      0.78539816       14.45318998231398
       14.453125       2.3561945       14.45318998231398

       14.609375      0.78539816       14.60944004541293
       14.609375       2.3561945       14.60944004541293

       14.765625      0.78539816       14.76569010626016
       14.765625       2.3561945       14.76569010626016

       14.921875      0.78539816        14.9219401649031
       14.921875       2.3561945        14.9219401649031

       15.078125      0.78539816       15.07819022138765
       15.078125       2.3561945       15.07819022138765

       15.234375      0.78539816       15.23444027575833
       15.234375       2.3561945       15.23444027575833

       15.390625      0.78539816       15.39069032805826
       15.390625       2.3561945       15.39069032805826

       15.546875      0.78539816       15.54694037832929
       15.546875       2.3561945       15.54694037832929

       15.703125      0.78539816         15.703190426612
       15.703125       2.3561945         15.703190426612

       15.859375      0.78539816       15.85944047294575
       15.859375       2.3561945       15.85944047294575

       16.015625      0.78539816       16.01569051736876
       16.015625       2.3561945       16.01569051736876

       16.171875      0.78539816       16.17194055991813
       16.171875       2.3561945       16.17194055991813

       16.328125      0.78539816        16.3281906006299
       16.328125       2.3561945        16.3281906006299

       16.484375      0.78539816       16.48444063953906
       16.484375       2.3561945       16.48444063953906

       16.640625      0.78539816       16.64069067667963
       16.640625       2.3561945       16.64069067667963

       16.796875      0.78539816       16.79694071208466
       16.796875       2.3561945       16.79694071208466

       16.953125      0.78539816        16.9531907457863
       16.953125       2.3561945        16.9531907457863

       17.109375      0.78539816        17.1094407778158
       17.109375       2.3561945        17.1094407778158

       17.265625      0.78539816       17.26569080820355
       17.265625       2.3561945       17.26569080820355

       17.421875      0.78539816       17.42194083697916
       17.421875       2.3561945       17.42194083697916

       17.578125      0.78539816       17.57819086417139
       17.578125       2.3561945       17.57819086417139

       17.734375      0.78539816       17.73444088980828
       17.734375       2.3561945       17.73444088980828

       17.890625      0.78539816       17.89069091391712
       17.890625       2.3561945       17.89069091391712

       18.046875      0.78539816       18.04694093652446
       18.046875       2.3561945       18.04694093652446

       18.203125      0.78539816       18.20319095765622
       18.203125       2.3561945       18.20319095765622

       18.359375      0.78539816        18.3594409773376
       18.359375       2.3561945        18.3594409773376

       18.515625      0.78539816        18.5156909955932
       18.515625       2.3561945        18.5156909955932

       18.671875      0.78539816       18.67194101244696
       18.671875       2.3561945       18.67194101244696

       18.828125      0.78539816       18.82819102792227
       18.828125       2.3561945       18.82819102792227

       18.984375      0.78539816        18.9844410420419
       18.984375       2.3561945        18.9844410420419

       19.140625      0.78539816       19.14069105482808
       19.140625       2.3561945       19.14069105482808

       19.296875      0.78539816       19.29694106630249
       19.296875       2.3561945       19.29694106630249

       19.453125      0.78539816       19.45319107648628
       19.453125       2.3561945       19.45319107648628

       19.609375      0.78539816       19.60944108540011
       19.609375       2.3561945       19.60944108540011

       19.765625      0.78539816       19.76569109306413
       19.765625       2.3561945       19.76569109306413

       19.921875      0.78539816       19.92194109949804
       19.921875       2.3561945       19.92194109949804

       20.078125      0.78539816       20.07819110472103
       20.078125       2.3561945       20.07819110472103

       20.234375      0.78539816        20.2344411087519
       20.234375       2.3561945        20.2344411087519

       20.390625      0.78539816       20.39069111160898
       20.390625       2.3561945       20.39069111160898

       20.546875      0.78539816       20.54694111331019
       20.546875       2.3561945       20.54694111331019

