# File created on Wed Jul  8 11:31:13 2026
# Data for Inflation GW initial data initial data at coord time 0.0377973 and central proper time 0.0377973
# Evolved with (264,10,9) gridpoints (including 4 ghosts)
# Evolution with geodesic slicing and constant shift shift condition 
# data for phi = 3.14159
#              r           theta              R_prop
#===============================================================
     0.025065104      0.78539816             0.030078125
     0.025065104       2.3561945             0.030078125

     0.075195312      0.78539816     0.09023437500000001
     0.075195312       2.3561945     0.09023437500000001

      0.12532552      0.78539816             0.150390625
      0.12532552       2.3561945             0.150390625

      0.17545573      0.78539816             0.210546875
      0.17545573       2.3561945             0.210546875

      0.22558594      0.78539816             0.270703125
      0.22558594       2.3561945             0.270703125

      0.27571615      0.78539816      0.3308593750000001
      0.27571615       2.3561945      0.3308593750000001

      0.32584635      0.78539816      0.3910156250000001
      0.32584635       2.3561945      0.3910156250000001

      0.37597656      0.78539816      0.4511718750000001
      0.37597656       2.3561945      0.4511718750000001

      0.42610677      0.78539816      0.5113281250000001
      0.42610677       2.3561945      0.5113281250000001

      0.47623698      0.78539816      0.5714843750000002
      0.47623698       2.3561945      0.5714843750000002

      0.52636719      0.78539816      0.6316406250000002
      0.52636719       2.3561945      0.6316406250000002

       0.5764974      0.78539816      0.6917968750000002
       0.5764974       2.3561945      0.6917968750000002

       0.6266276      0.78539816      0.7519531250000002
       0.6266276       2.3561945      0.7519531250000002

      0.67675781      0.78539816      0.8121093750000002
      0.67675781       2.3561945      0.8121093750000002

      0.72688802      0.78539816      0.8722656250000003
      0.72688802       2.3561945      0.8722656250000003

      0.77701823      0.78539816      0.9324218750000003
      0.77701823       2.3561945      0.9324218750000003

      0.82714844      0.78539816      0.9925781250000003
      0.82714844       2.3561945      0.9925781250000003

      0.87727865      0.78539816             1.052734375
      0.87727865       2.3561945             1.052734375

      0.92740885      0.78539816             1.112890625
      0.92740885       2.3561945             1.112890625

      0.97753906      0.78539816             1.173046875
      0.97753906       2.3561945             1.173046875

       1.0276693      0.78539816             1.233203125
       1.0276693       2.3561945             1.233203125

       1.0777995      0.78539816             1.293359375
       1.0777995       2.3561945             1.293359375

       1.1279297      0.78539816             1.353515625
       1.1279297       2.3561945             1.353515625

       1.1780599      0.78539816             1.413671875
       1.1780599       2.3561945             1.413671875

       1.2281901      0.78539816             1.473828125
       1.2281901       2.3561945             1.473828125

       1.2783203      0.78539816             1.533984375
       1.2783203       2.3561945             1.533984375

       1.3284505      0.78539816       1.594140624999999
       1.3284505       2.3561945       1.594140624999999

       1.3785807      0.78539816       1.654296874999999
       1.3785807       2.3561945       1.654296874999999

       1.4287109      0.78539816       1.714453124999999
       1.4287109       2.3561945       1.714453124999999

       1.4788411      0.78539816       1.774609374999999
       1.4788411       2.3561945       1.774609374999999

       1.5289714      0.78539816       1.834765624999999
       1.5289714       2.3561945       1.834765624999999

       1.5791016      0.78539816       1.894921874999999
       1.5791016       2.3561945       1.894921874999999

       1.6292318      0.78539816       1.955078124999999
       1.6292318       2.3561945       1.955078124999999

        1.679362      0.78539816       2.015234374999999
        1.679362       2.3561945       2.015234374999999

       1.7294922      0.78539816       2.075390624999999
       1.7294922       2.3561945       2.075390624999999

       1.7796224      0.78539816       2.135546874999999
       1.7796224       2.3561945       2.135546874999999

       1.8297526      0.78539816       2.195703124999999
       1.8297526       2.3561945       2.195703124999999

       1.8798828      0.78539816       2.255859374999999
       1.8798828       2.3561945       2.255859374999999

        1.930013      0.78539816       2.316015624999999
        1.930013       2.3561945       2.316015624999999

       1.9801432      0.78539816       2.376171874999998
       1.9801432       2.3561945       2.376171874999998

       2.0302734      0.78539816       2.436328124999998
       2.0302734       2.3561945       2.436328124999998

       2.0804036      0.78539816       2.496484374999998
       2.0804036       2.3561945       2.496484374999998

       2.1305339      0.78539816       2.556640624999998
       2.1305339       2.3561945       2.556640624999998

       2.1806641      0.78539816       2.616796874999998
       2.1806641       2.3561945       2.616796874999998

       2.2307943      0.78539816       2.676953124999998
       2.2307943       2.3561945       2.676953124999998

       2.2809245      0.78539816       2.737109374999998
       2.2809245       2.3561945       2.737109374999998

       2.3310547      0.78539816       2.797265624999998
       2.3310547       2.3561945       2.797265624999998

       2.3811849      0.78539816       2.857421874999998
       2.3811849       2.3561945       2.857421874999998

       2.4313151      0.78539816       2.917578124999998
       2.4313151       2.3561945       2.917578124999998

       2.4814453      0.78539816       2.977734374999998
       2.4814453       2.3561945       2.977734374999998

       2.5315755      0.78539816       3.037890624999998
       2.5315755       2.3561945       3.037890624999998

       2.5817057      0.78539816       3.098046874999997
       2.5817057       2.3561945       3.098046874999997

       2.6318359      0.78539816       3.158203124999997
       2.6318359       2.3561945       3.158203124999997

       2.6819661      0.78539816       3.218359374999997
       2.6819661       2.3561945       3.218359374999997

       2.7320964      0.78539816       3.278515624999997
       2.7320964       2.3561945       3.278515624999997

       2.7822266      0.78539816       3.338671874999997
       2.7822266       2.3561945       3.338671874999997

       2.8323568      0.78539816       3.398828124999997
       2.8323568       2.3561945       3.398828124999997

        2.882487      0.78539816       3.458984374999997
        2.882487       2.3561945       3.458984374999997

       2.9326172      0.78539816       3.519140624999997
       2.9326172       2.3561945       3.519140624999997

       2.9827474      0.78539816       3.579296874999997
       2.9827474       2.3561945       3.579296874999997

       3.0328776      0.78539816       3.639453124999997
       3.0328776       2.3561945       3.639453124999997

       3.0830078      0.78539816       3.699609374999997
       3.0830078       2.3561945       3.699609374999997

        3.133138      0.78539816       3.759765624999996
        3.133138       2.3561945       3.759765624999996

       3.1832682      0.78539816       3.819921874999996
       3.1832682       2.3561945       3.819921874999996

       3.2333984      0.78539816       3.880078124999996
       3.2333984       2.3561945       3.880078124999996

       3.2835286      0.78539816       3.940234374999996
       3.2835286       2.3561945       3.940234374999996

       3.3336589      0.78539816       4.000390624999996
       3.3336589       2.3561945       4.000390624999996

       3.3837891      0.78539816       4.060546874999996
       3.3837891       2.3561945       4.060546874999996

       3.4339193      0.78539816       4.120703124999997
       3.4339193       2.3561945       4.120703124999997

       3.4840495      0.78539816       4.180859374999997
       3.4840495       2.3561945       4.180859374999997

       3.5341797      0.78539816       4.241015624999998
       3.5341797       2.3561945       4.241015624999998

       3.5843099      0.78539816       4.301171874999998
       3.5843099       2.3561945       4.301171874999998

       3.6344401      0.78539816       4.361328124999998
       3.6344401       2.3561945       4.361328124999998

       3.6845703      0.78539816       4.421484374999999
       3.6845703       2.3561945       4.421484374999999

       3.7347005      0.78539816       4.481640624999999
       3.7347005       2.3561945       4.481640624999999

       3.7848307      0.78539816       4.541796874999999
       3.7848307       2.3561945       4.541796874999999

       3.8349609      0.78539816             4.601953125
       3.8349609       2.3561945             4.601953125

       3.8850911      0.78539816             4.662109375
       3.8850911       2.3561945             4.662109375

       3.9352214      0.78539816             4.722265625
       3.9352214       2.3561945             4.722265625

       3.9853516      0.78539816       4.782421875000001
       3.9853516       2.3561945       4.782421875000001

       4.0354818      0.78539816       4.842578125000001
       4.0354818       2.3561945       4.842578125000001

        4.085612      0.78539816       4.902734375000001
        4.085612       2.3561945       4.902734375000001

       4.1357422      0.78539816       4.962890625000002
       4.1357422       2.3561945       4.962890625000002

       4.1858724      0.78539816       5.023046875000002
       4.1858724       2.3561945       5.023046875000002

       4.2360026      0.78539816       5.083203125000002
       4.2360026       2.3561945       5.083203125000002

       4.2861328      0.78539816       5.143359375000003
       4.2861328       2.3561945       5.143359375000003

        4.336263      0.78539816       5.203515625000003
        4.336263       2.3561945       5.203515625000003

       4.3863932      0.78539816       5.263671875000004
       4.3863932       2.3561945       5.263671875000004

       4.4365234      0.78539816       5.323828125000004
       4.4365234       2.3561945       5.323828125000004

       4.4866536      0.78539816       5.383984375000004
       4.4866536       2.3561945       5.383984375000004

       4.5367839      0.78539816       5.444140625000005
       4.5367839       2.3561945       5.444140625000005

       4.5869141      0.78539816       5.504296875000005
       4.5869141       2.3561945       5.504296875000005

       4.6370443      0.78539816       5.564453125000005
       4.6370443       2.3561945       5.564453125000005

       4.6871745      0.78539816       5.624609375000006
       4.6871745       2.3561945       5.624609375000006

       4.7373047      0.78539816       5.684765625000006
       4.7373047       2.3561945       5.684765625000006

       4.7874349      0.78539816       5.744921875000006
       4.7874349       2.3561945       5.744921875000006

       4.8375651      0.78539816       5.805078125000007
       4.8375651       2.3561945       5.805078125000007

       4.8876953      0.78539816       5.865234375000007
       4.8876953       2.3561945       5.865234375000007

       4.9378255      0.78539816       5.925390625000007
       4.9378255       2.3561945       5.925390625000007

       4.9879557      0.78539816       5.985546875000008
       4.9879557       2.3561945       5.985546875000008

       5.0380859      0.78539816       6.045703125000008
       5.0380859       2.3561945       6.045703125000008

       5.0882161      0.78539816       6.105859375000009
       5.0882161       2.3561945       6.105859375000009

       5.1383464      0.78539816       6.166015625000009
       5.1383464       2.3561945       6.166015625000009

       5.1884766      0.78539816       6.226171875000009
       5.1884766       2.3561945       6.226171875000009

       5.2386068      0.78539816        6.28632812500001
       5.2386068       2.3561945        6.28632812500001

        5.288737      0.78539816        6.34648437500001
        5.288737       2.3561945        6.34648437500001

       5.3388672      0.78539816        6.40664062500001
       5.3388672       2.3561945        6.40664062500001

       5.3889974      0.78539816       6.466796875000011
       5.3889974       2.3561945       6.466796875000011

       5.4391276      0.78539816       6.526953125000011
       5.4391276       2.3561945       6.526953125000011

       5.4892578      0.78539816       6.587109375000011
       5.4892578       2.3561945       6.587109375000011

        5.539388      0.78539816       6.647265625000012
        5.539388       2.3561945       6.647265625000012

       5.5895182      0.78539816       6.707421875000012
       5.5895182       2.3561945       6.707421875000012

       5.6396484      0.78539816       6.767578125000012
       5.6396484       2.3561945       6.767578125000012

       5.6897786      0.78539816       6.827734375000013
       5.6897786       2.3561945       6.827734375000013

       5.7399089      0.78539816       6.887890625000013
       5.7399089       2.3561945       6.887890625000013

       5.7900391      0.78539816       6.948046875000014
       5.7900391       2.3561945       6.948046875000014

       5.8401693      0.78539816       7.008203125000014
       5.8401693       2.3561945       7.008203125000014

       5.8902995      0.78539816       7.068359375000014
       5.8902995       2.3561945       7.068359375000014

       5.9404297      0.78539816       7.128515625000015
       5.9404297       2.3561945       7.128515625000015

       5.9905599      0.78539816       7.188671875000015
       5.9905599       2.3561945       7.188671875000015

       6.0406901      0.78539816       7.248828125000015
       6.0406901       2.3561945       7.248828125000015

       6.0908203      0.78539816       7.308984375000016
       6.0908203       2.3561945       7.308984375000016

       6.1409505      0.78539816       7.369140625000016
       6.1409505       2.3561945       7.369140625000016

       6.1910807      0.78539816       7.429296875000016
       6.1910807       2.3561945       7.429296875000016

       6.2412109      0.78539816       7.489453125000017
       6.2412109       2.3561945       7.489453125000017

       6.2913411      0.78539816       7.549609375000017
       6.2913411       2.3561945       7.549609375000017

       6.3414714      0.78539816       7.609765625000017
       6.3414714       2.3561945       7.609765625000017

       6.3916016      0.78539816       7.669921875000018
       6.3916016       2.3561945       7.669921875000018

       6.4417318      0.78539816       7.730078125000018
       6.4417318       2.3561945       7.730078125000018

        6.491862      0.78539816       7.790234375000018
        6.491862       2.3561945       7.790234375000018

       6.5419922      0.78539816       7.850390625000019
       6.5419922       2.3561945       7.850390625000019

       6.5921224      0.78539816       7.910546875000019
       6.5921224       2.3561945       7.910546875000019

       6.6422526      0.78539816        7.97070312500002
       6.6422526       2.3561945        7.97070312500002

       6.6923828      0.78539816        8.03085937500002
       6.6923828       2.3561945        8.03085937500002

        6.742513      0.78539816        8.09101562500002
        6.742513       2.3561945        8.09101562500002

       6.7926432      0.78539816       8.151171875000021
       6.7926432       2.3561945       8.151171875000021

       6.8427734      0.78539816       8.211328125000021
       6.8427734       2.3561945       8.211328125000021

       6.8929036      0.78539816       8.271484375000021
       6.8929036       2.3561945       8.271484375000021

       6.9430339      0.78539816       8.331640625000022
       6.9430339       2.3561945       8.331640625000022

       6.9931641      0.78539816       8.391796875000022
       6.9931641       2.3561945       8.391796875000022

       7.0432943      0.78539816       8.451953125000022
       7.0432943       2.3561945       8.451953125000022

       7.0934245      0.78539816       8.512109375000023
       7.0934245       2.3561945       8.512109375000023

       7.1435547      0.78539816       8.572265625000023
       7.1435547       2.3561945       8.572265625000023

       7.1936849      0.78539816       8.632421875000023
       7.1936849       2.3561945       8.632421875000023

       7.2438151      0.78539816       8.692578125000024
       7.2438151       2.3561945       8.692578125000024

       7.2939453      0.78539816       8.752734375000024
       7.2939453       2.3561945       8.752734375000024

       7.3440755      0.78539816       8.812890625000025
       7.3440755       2.3561945       8.812890625000025

       7.3942057      0.78539816       8.873046875000025
       7.3942057       2.3561945       8.873046875000025

       7.4443359      0.78539816       8.933203125000025
       7.4443359       2.3561945       8.933203125000025

       7.4944661      0.78539816       8.993359375000026
       7.4944661       2.3561945       8.993359375000026

       7.5445964      0.78539816       9.053515625000026
       7.5445964       2.3561945       9.053515625000026

       7.5947266      0.78539816       9.113671875000026
       7.5947266       2.3561945       9.113671875000026

       7.6448568      0.78539816       9.173828125000027
       7.6448568       2.3561945       9.173828125000027

        7.694987      0.78539816       9.233984375000027
        7.694987       2.3561945       9.233984375000027

       7.7451172      0.78539816       9.294140625000027
       7.7451172       2.3561945       9.294140625000027

       7.7952474      0.78539816       9.354296875000028
       7.7952474       2.3561945       9.354296875000028

       7.8453776      0.78539816       9.414453125000028
       7.8453776       2.3561945       9.414453125000028

       7.8955078      0.78539816       9.474609375000028
       7.8955078       2.3561945       9.474609375000028

        7.945638      0.78539816       9.534765625000029
        7.945638       2.3561945       9.534765625000029

       7.9957682      0.78539816       9.594921875000029
       7.9957682       2.3561945       9.594921875000029

       8.0458984      0.78539816       9.655078125000029
       8.0458984       2.3561945       9.655078125000029

       8.0960286      0.78539816        9.71523437500003
       8.0960286       2.3561945        9.71523437500003

       8.1461589      0.78539816        9.77539062500003
       8.1461589       2.3561945        9.77539062500003

       8.1962891      0.78539816       9.835546875000031
       8.1962891       2.3561945       9.835546875000031

       8.2464193      0.78539816       9.895703125000031
       8.2464193       2.3561945       9.895703125000031

       8.2965495      0.78539816       9.955859375000031
       8.2965495       2.3561945       9.955859375000031

       8.3466797      0.78539816       10.01601562500003
       8.3466797       2.3561945       10.01601562500003

       8.3968099      0.78539816       10.07617187500003
       8.3968099       2.3561945       10.07617187500003

       8.4469401      0.78539816       10.13632812500003
       8.4469401       2.3561945       10.13632812500003

       8.4970703      0.78539816       10.19648437500003
       8.4970703       2.3561945       10.19648437500003

       8.5472005      0.78539816       10.25664062500003
       8.5472005       2.3561945       10.25664062500003

       8.5973307      0.78539816       10.31679687500003
       8.5973307       2.3561945       10.31679687500003

       8.6474609      0.78539816       10.37695312500003
       8.6474609       2.3561945       10.37695312500003

       8.6975911      0.78539816       10.43710937500003
       8.6975911       2.3561945       10.43710937500003

       8.7477214      0.78539816       10.49726562500003
       8.7477214       2.3561945       10.49726562500003

       8.7978516      0.78539816       10.55742187500003
       8.7978516       2.3561945       10.55742187500003

       8.8479818      0.78539816       10.61757812500004
       8.8479818       2.3561945       10.61757812500004

        8.898112      0.78539816       10.67773437500004
        8.898112       2.3561945       10.67773437500004

       8.9482422      0.78539816       10.73789062500004
       8.9482422       2.3561945       10.73789062500004

       8.9983724      0.78539816       10.79804687500004
       8.9983724       2.3561945       10.79804687500004

       9.0485026      0.78539816       10.85820312500004
       9.0485026       2.3561945       10.85820312500004

       9.0986328      0.78539816       10.91835937500004
       9.0986328       2.3561945       10.91835937500004

        9.148763      0.78539816       10.97851562500004
        9.148763       2.3561945       10.97851562500004

       9.1988932      0.78539816       11.03867187500004
       9.1988932       2.3561945       11.03867187500004

       9.2490234      0.78539816       11.09882812500004
       9.2490234       2.3561945       11.09882812500004

       9.2991536      0.78539816       11.15898437500004
       9.2991536       2.3561945       11.15898437500004

       9.3492839      0.78539816       11.21914062500004
       9.3492839       2.3561945       11.21914062500004

       9.3994141      0.78539816       11.27929687500004
       9.3994141       2.3561945       11.27929687500004

       9.4495443      0.78539816       11.33945312500004
       9.4495443       2.3561945       11.33945312500004

       9.4996745      0.78539816       11.39960937500004
       9.4996745       2.3561945       11.39960937500004

       9.5498047      0.78539816       11.45976562500004
       9.5498047       2.3561945       11.45976562500004

       9.5999349      0.78539816       11.51992187500004
       9.5999349       2.3561945       11.51992187500004

       9.6500651      0.78539816       11.58007812500004
       9.6500651       2.3561945       11.58007812500004

       9.7001953      0.78539816       11.64023437500004
       9.7001953       2.3561945       11.64023437500004

       9.7503255      0.78539816       11.70039062500004
       9.7503255       2.3561945       11.70039062500004

       9.8004557      0.78539816       11.76054687500004
       9.8004557       2.3561945       11.76054687500004

       9.8505859      0.78539816       11.82070312500004
       9.8505859       2.3561945       11.82070312500004

       9.9007161      0.78539816       11.88085937500004
       9.9007161       2.3561945       11.88085937500004

       9.9508464      0.78539816       11.94101562500004
       9.9508464       2.3561945       11.94101562500004

       10.000977      0.78539816       12.00117187500004
       10.000977       2.3561945       12.00117187500004

       10.051107      0.78539816       12.06132812500004
       10.051107       2.3561945       12.06132812500004

       10.101237      0.78539816       12.12148437500004
       10.101237       2.3561945       12.12148437500004

       10.151367      0.78539816       12.18164062500004
       10.151367       2.3561945       12.18164062500004

       10.201497      0.78539816       12.24179687500004
       10.201497       2.3561945       12.24179687500004

       10.251628      0.78539816       12.30195312500005
       10.251628       2.3561945       12.30195312500005

       10.301758      0.78539816       12.36210937500005
       10.301758       2.3561945       12.36210937500005

       10.351888      0.78539816       12.42226562500005
       10.351888       2.3561945       12.42226562500005

       10.402018      0.78539816       12.48242187500005
       10.402018       2.3561945       12.48242187500005

       10.452148      0.78539816       12.54257812500005
       10.452148       2.3561945       12.54257812500005

       10.502279      0.78539816       12.60273437500005
       10.502279       2.3561945       12.60273437500005

       10.552409      0.78539816       12.66289062500005
       10.552409       2.3561945       12.66289062500005

       10.602539      0.78539816       12.72304687500005
       10.602539       2.3561945       12.72304687500005

       10.652669      0.78539816       12.78320312500005
       10.652669       2.3561945       12.78320312500005

       10.702799      0.78539816       12.84335937500005
       10.702799       2.3561945       12.84335937500005

        10.75293      0.78539816       12.90351562500005
        10.75293       2.3561945       12.90351562500005

        10.80306      0.78539816       12.96367187500005
        10.80306       2.3561945       12.96367187500005

        10.85319      0.78539816       13.02382812500005
        10.85319       2.3561945       13.02382812500005

        10.90332      0.78539816       13.08398437500005
        10.90332       2.3561945       13.08398437500005

       10.953451      0.78539816       13.14414062500005
       10.953451       2.3561945       13.14414062500005

       11.003581      0.78539816       13.20429687500005
       11.003581       2.3561945       13.20429687500005

       11.053711      0.78539816       13.26445312500005
       11.053711       2.3561945       13.26445312500005

       11.103841      0.78539816       13.32460937500005
       11.103841       2.3561945       13.32460937500005

       11.153971      0.78539816       13.38476562500005
       11.153971       2.3561945       13.38476562500005

       11.204102      0.78539816       13.44492187500005
       11.204102       2.3561945       13.44492187500005

       11.254232      0.78539816       13.50507812500005
       11.254232       2.3561945       13.50507812500005

       11.304362      0.78539816       13.56523437500005
       11.304362       2.3561945       13.56523437500005

       11.354492      0.78539816       13.62539062500005
       11.354492       2.3561945       13.62539062500005

       11.404622      0.78539816       13.68554687500005
       11.404622       2.3561945       13.68554687500005

       11.454753      0.78539816       13.74570312500005
       11.454753       2.3561945       13.74570312500005

       11.504883      0.78539816       13.80585937500005
       11.504883       2.3561945       13.80585937500005

       11.555013      0.78539816       13.86601562500005
       11.555013       2.3561945       13.86601562500005

       11.605143      0.78539816       13.92617187500005
       11.605143       2.3561945       13.92617187500005

       11.655273      0.78539816       13.98632812500006
       11.655273       2.3561945       13.98632812500006

       11.705404      0.78539816       14.04648437500006
       11.705404       2.3561945       14.04648437500006

       11.755534      0.78539816       14.10664062500006
       11.755534       2.3561945       14.10664062500006

       11.805664      0.78539816       14.16679687500006
       11.805664       2.3561945       14.16679687500006

       11.855794      0.78539816       14.22695312500006
       11.855794       2.3561945       14.22695312500006

       11.905924      0.78539816       14.28710937500006
       11.905924       2.3561945       14.28710937500006

       11.956055      0.78539816       14.34726562500006
       11.956055       2.3561945       14.34726562500006

       12.006185      0.78539816       14.40742187500006
       12.006185       2.3561945       14.40742187500006

       12.056315      0.78539816       14.46757812500006
       12.056315       2.3561945       14.46757812500006

       12.106445      0.78539816       14.52773437500006
       12.106445       2.3561945       14.52773437500006

       12.156576      0.78539816       14.58789062500006
       12.156576       2.3561945       14.58789062500006

       12.206706      0.78539816       14.64804687500006
       12.206706       2.3561945       14.64804687500006

       12.256836      0.78539816       14.70820312500006
       12.256836       2.3561945       14.70820312500006

       12.306966      0.78539816       14.76835937500006
       12.306966       2.3561945       14.76835937500006

       12.357096      0.78539816       14.82851562500006
       12.357096       2.3561945       14.82851562500006

       12.407227      0.78539816       14.88867187500006
       12.407227       2.3561945       14.88867187500006

       12.457357      0.78539816       14.94882812500006
       12.457357       2.3561945       14.94882812500006

       12.507487      0.78539816       15.00898437500006
       12.507487       2.3561945       15.00898437500006

       12.557617      0.78539816       15.06914062500006
       12.557617       2.3561945       15.06914062500006

       12.607747      0.78539816       15.12929687500006
       12.607747       2.3561945       15.12929687500006

       12.657878      0.78539816       15.18945312500006
       12.657878       2.3561945       15.18945312500006

       12.708008      0.78539816       15.24960937500006
       12.708008       2.3561945       15.24960937500006

       12.758138      0.78539816       15.30976562500006
       12.758138       2.3561945       15.30976562500006

       12.808268      0.78539816       15.36992187500006
       12.808268       2.3561945       15.36992187500006

       12.858398      0.78539816       15.43007812500006
       12.858398       2.3561945       15.43007812500006

       12.908529      0.78539816       15.49023437500006
       12.908529       2.3561945       15.49023437500006

       12.958659      0.78539816       15.55039062500006
       12.958659       2.3561945       15.55039062500006

       13.008789      0.78539816       15.61054687500006
       13.008789       2.3561945       15.61054687500006

