# File created on Tue Jul  7 15:36:44 2026
# ======================================== 
# = Running code assuming AXISYMMETRY    = 
# ======================================== 
# Data for Inflation GW initial data initial data at coord. time 0 and proper central time 0
# Evolved with (136,10,9) gridpoints (including 4 ghosts)
# Evolution with geodesic slicing and constant shift
# using eighth-order spatial differencing with 4 ghost zones 
# data 1 at theta = 0 and phi = 3.14159
# data 2 at theta = 1.5708 and phi = 3.14159
#                      r                  R_prop                  R_prop
#                               (     0,3.14159)        (1.5708,3.14159)
#========================================================================
               -0.546875     -0.5468906462172619     -0.5468906462172619
               -0.390625     -0.3906365200190314     -0.3906365200190314
               -0.234375     -0.2343820621197723     -0.2343820621197723
               -0.078125    -0.07812738076541163    -0.07812738076541163
                0.078125     0.07812738076541163     0.07812738076541163
                0.234375      0.2343820621197723      0.2343820621197723
                0.390625      0.3906365200190314      0.3906365200190314
                0.546875      0.5468906462172619      0.5468906462172619
                0.703125      0.7031443789032672      0.7031443789032672
                0.859375      0.8593977019833401      0.8593977019833401
                1.015625       1.015650634697891       1.015650634697891
                1.171875       1.171903217457504       1.171903217457504
                1.328125       1.328155498874741       1.328155498874741
                1.484375       1.484407526706784       1.484407526706784
                1.640625       1.640659343078879       1.640659343078879
                1.796875       1.796910982955094       1.796910982955094
                1.953125       1.953162474470423       1.953162474470423
                2.109375       2.109413840021887       2.109413840021887
                2.265625       2.265665097474505       2.265665097474505
                2.421875       2.421916261205584       2.421916261205584
                2.578125       2.578167342921263       2.578167342921263
                2.734375        2.73441835226831        2.73441835226831
                2.890625       2.890669297287228       2.890669297287228
                3.046875       3.046920184749297       3.046920184749297
                3.203125       3.203171020410178       3.203171020410178
                3.359375       3.359421809203307       3.359421809203307
                3.515625       3.515672555389385       3.515672555389385
                3.671875       3.671923262673368       3.671923262673368
                3.828125       3.828173934297098       3.828173934297098
                3.984375       3.984424573113392       3.984424573113392
                4.140625       4.140675181645901       4.140675181645901
                4.296875       4.296925762137866       4.296925762137866
                4.453125       4.453176316592185       4.453176316592185
                4.609375       4.609426846804557       4.609426846804557
                4.765625       4.765677354391113       4.765677354391113
                4.921875       4.921927840811583       4.921927840811583
                5.078125       5.078178307388848       5.078178307388848
                5.234375       5.234428755325527       5.234428755325527
                5.390625       5.390679185718125       5.390679185718125
                5.546875       5.546929599569162       5.546929599569162
                5.703125       5.703179997797614       5.703179997797614
                5.859375       5.859430381247945       5.859430381247945
                6.015625       6.015680750697951       6.015680750697951
                6.171875         6.1719311068656         6.1719311068656
                6.328125       6.328181450415007       6.328181450415007
                6.484375         6.4844317819617         6.4844317819617
                6.640625       6.640682102077234       6.640682102077234
                6.796875       6.796932411293292       6.796932411293292
                6.953125       6.953182710105305       6.953182710105305
                7.109375       7.109432998975675       7.109432998975675
                7.265625       7.265683278336649       7.265683278336649
                7.421875       7.421933548592881       7.421933548592881
                7.578125       7.578183810123735       7.578183810123735
                7.734375       7.734434063285351       7.734434063285351
                7.890625       7.890684308412497       7.890684308412497
                8.046875       8.046934545820251       8.046934545820251
                8.203125       8.203184775805514       8.203184775805514
                8.359375       8.359434998648378       8.359434998648378
                8.515625       8.515685214613377       8.515685214613377
                8.671875       8.671935423950616       8.671935423950616
                8.828125       8.828185626896801       8.828185626896801
                8.984375       8.984435823676179       8.984435823676179
                9.140625         9.1406860145014         9.1406860145014
                9.296875       9.296936199574297       9.296936199574297
                9.453125       9.453186379086617       9.453186379086617
                9.609375       9.609436553220672       9.609436553220672
                9.765625       9.765686722149956       9.765686722149956
                9.921875       9.921936886039699       9.921936886039699
               10.078125       10.07818704504739       10.07818704504739
               10.234375       10.23443719932324       10.23443719932324
               10.390625       10.39068734901064       10.39068734901064
               10.546875       10.54693749424656       10.54693749424656
               10.703125       10.70318763516193       10.70318763516193
               10.859375       10.85943777188198       10.85943777188198
               11.015625       11.01568790452657       11.01568790452657
               11.171875       11.17193803321051       11.17193803321051
               11.328125       11.32818815804382       11.32818815804382
               11.484375       11.48443827913199       11.48443827913199
               11.640625       11.64068839657624       11.64068839657624
               11.796875       11.79693851047374       11.79693851047374
               11.953125       11.95318862091784       11.95318862091784
               12.109375       12.10943872799822       12.10943872799822
               12.265625       12.26568883180114       12.26568883180114
               12.421875       12.42193893240957       12.42193893240957
               12.578125       12.57818902990337       12.57818902990337
               12.734375       12.73443912435945       12.73443912435945
               12.890625        12.8906892158519        12.8906892158519
               13.046875       13.04693930445213       13.04693930445213
               13.203125       13.20318939022901       13.20318939022901
               13.359375       13.35943947324896       13.35943947324896
               13.515625        13.5156895535761        13.5156895535761
               13.671875       13.67193963127233       13.67193963127233
               13.828125       13.82818970639745       13.82818970639745
               13.984375       13.98443977900924       13.98443977900924
               14.140625       14.14068984916354       14.14068984916354
               14.296875       14.29693991691437       14.29693991691437
               14.453125       14.45318998231398       14.45318998231398
               14.609375       14.60944004541293       14.60944004541293
               14.765625       14.76569010626016       14.76569010626016
               14.921875        14.9219401649031        14.9219401649031
               15.078125       15.07819022138765       15.07819022138765
               15.234375       15.23444027575833       15.23444027575833
               15.390625       15.39069032805826       15.39069032805826
               15.546875       15.54694037832929       15.54694037832929
               15.703125         15.703190426612         15.703190426612
               15.859375       15.85944047294575       15.85944047294575
               16.015625       16.01569051736876       16.01569051736876
               16.171875       16.17194055991813       16.17194055991813
               16.328125        16.3281906006299        16.3281906006299
               16.484375       16.48444063953906       16.48444063953906
               16.640625       16.64069067667963       16.64069067667963
               16.796875       16.79694071208466       16.79694071208466
               16.953125        16.9531907457863        16.9531907457863
               17.109375        17.1094407778158        17.1094407778158
               17.265625       17.26569080820355       17.26569080820355
               17.421875       17.42194083697916       17.42194083697916
               17.578125       17.57819086417139       17.57819086417139
               17.734375       17.73444088980828       17.73444088980828
               17.890625       17.89069091391712       17.89069091391712
               18.046875       18.04694093652446       18.04694093652446
               18.203125       18.20319095765622       18.20319095765622
               18.359375        18.3594409773376        18.3594409773376
               18.515625        18.5156909955932        18.5156909955932
               18.671875       18.67194101244696       18.67194101244696
               18.828125       18.82819102792227       18.82819102792227
               18.984375        18.9844410420419        18.9844410420419
               19.140625       19.14069105482808       19.14069105482808
               19.296875       19.29694106630249       19.29694106630249
               19.453125       19.45319107648628       19.45319107648628
               19.609375       19.60944108540011       19.60944108540011
               19.765625       19.76569109306413       19.76569109306413
               19.921875       19.92194109949804       19.92194109949804
               20.078125       20.07819110472103       20.07819110472103
               20.234375        20.2344411087519        20.2344411087519
               20.390625       20.39069111160898       20.39069111160898
               20.546875       20.54694111331019       20.54694111331019
