# File created on Wed Jul  8 11:33:16 2026
# ======================================== 
# = Running code assuming AXISYMMETRY    = 
# ======================================== 
# Data for Inflation GW initial data initial data at coord. time 0.188986 and proper central time 0.188986
# Evolved with (264,10,9) gridpoints (including 4 ghosts)
# Evolution with geodesic slicing and constant shift
# using eighth-order spatial differencing with 4 ghost zones 
# data 1 at theta = 0 and phi = 3.14159
# data 2 at theta = 1.5708 and phi = 3.14159
#                      r                  R_prop                  R_prop
#                               (     0,3.14159)        (1.5708,3.14159)
#========================================================================
            -0.210546875     -0.2143049407395618     -0.2143049407395588
            -0.150390625     -0.1530744794905703     -0.1530744794905697
    -0.09023437500000001    -0.09184449612494162     -0.0918444961249419
            -0.030078125      -0.030614800083628    -0.03061480008362887
             0.030078125     0.03061480008362975     0.03061480008362887
     0.09023437500000001     0.09184449612494218      0.0918444961249419
             0.150390625      0.1530744794905691      0.1530744794905697
             0.210546875      0.2143049407395558      0.2143049407395588
             0.270703125       0.275536068946547      0.2755360689465532
             0.330859375      0.3367680511109695      0.3367680511109785
             0.391015625      0.3980010715690373      0.3980010715690486
             0.451171875      0.4592353114094621      0.4592353114094754
             0.511328125      0.5204709478936622      0.5204709478936771
             0.571484375      0.5817081538812731      0.5817081538812894
      0.6316406250000001      0.6429470972617519      0.6429470972617695
             0.691796875      0.7041879403928579      0.7041879403928766
             0.751953125      0.7654308395467795       0.765430839546799
             0.812109375      0.8266759443646661      0.8266759443646863
             0.872265625      0.8879233973203114      0.8879233973203323
      0.9324218750000001      0.9491733331937164      0.9491733331937378
             0.992578125       1.010425878555247       1.010425878555269
             1.052734375       1.071681151261082       1.071681151261105
             1.112890625       1.132939259960636       1.132939259960659
             1.173046875       1.194200303616605       1.194200303616628
             1.233203125       1.255464371038288        1.25546437103831
             1.293359375       1.316731540428792       1.316731540428815
             1.353515625       1.378001878946731       1.378001878946753
             1.413671875       1.439275442282966       1.439275442282988
             1.473828125       1.500552274252971       1.500552274252994
             1.533984375       1.561832406405324       1.561832406405347
             1.594140625       1.623115857646829       1.623115857646851
             1.654296875       1.684402633884751       1.684402633884773
             1.714453125       1.745692727686611       1.745692727686633
             1.774609375       1.806986117957949        1.80698611795797
             1.834765625       1.868282769638465       1.868282769638486
             1.894921875       1.929582633416897       1.929582633416918
             1.955078125       1.990885645464973       1.990885645464994
             2.015234375       2.052191727190746       2.052191727190766
             2.075390625       2.113500785011591       2.113500785011611
             2.135546875       2.174812710147126       2.174812710147145
             2.195703125       2.236127378432254       2.236127378432273
             2.255859375       2.297444650150549       2.297444650150568
             2.316015625       2.358764369888121        2.35876436988814
             2.376171875       2.420086366408118       2.420086366408136
             2.436328125       2.481410452545938       2.481410452545957
             2.496484375       2.542736425125264       2.542736425125283
             2.556640625       2.604064064894932       2.604064064894951
             2.616796875       2.665393136486665       2.665393136486683
             2.676953125       2.726723388393661       2.726723388393679
             2.737109375       2.788054552969986       2.788054552970005
             2.797265625        2.84938634645071       2.849386346450729
             2.857421875       2.910718468992679       2.910718468992697
             2.917578125       2.972050604735804       2.972050604735823
             2.977734375        3.03338242188472       3.033382421884738
             3.037890625       3.094713572810619       3.094713572810638
             3.098046875       3.156043694173074       3.156043694173092
             3.158203125       3.217372407061603       3.217372407061621
             3.218359375       3.278699317156734       3.278699317156752
             3.278515625       3.340024014910281       3.340024014910299
             3.338671875       3.401346075744533       3.401346075744551
             3.398828125       3.462665060270026       3.462665060270044
             3.458984375       3.523980514521553       3.523980514521571
             3.519140625       3.585291970212042       3.585291970212059
             3.579296875       3.646598945003907       3.646598945003924
             3.639453125       3.707900942797468       3.707900942797485
             3.699609375       3.769197454036003        3.76919745403602
             3.759765625       3.830487956026991       3.830487956027007
             3.819921875       3.891771913279073       3.891771913279088
             3.880078125       3.953048777854257       3.953048777854272
             3.940234375       4.014317989734862       4.014317989734876
       4.000390625000001       4.075578977204692       4.075578977204705
             4.060546875       4.136831157243909       4.136831157243922
             4.120703125       4.198073935937078       4.198073935937089
             4.180859375         4.2593067088938       4.259306708893811
             4.241015625       4.320528861681423       4.320528861681432
       4.301171875000001       4.381739770269194       4.381739770269203
             4.361328125       4.442938801483325       4.442938801483333
             4.421484375       4.504125313472342       4.504125313472348
             4.481640625       4.565298656182137       4.565298656182142
             4.541796875       4.626458171840118       4.626458171840121
       4.601953125000001       4.687603195447828        4.68760319544783
             4.662109375       4.748733055281445       4.748733055281446
             4.722265625       4.809847073399506       4.809847073399506
             4.782421875       4.870944566157274       4.870944566157272
             4.842578125       4.932024844727078       4.932024844727074
       4.902734375000001       4.993087215624036       4.993087215624032
             4.962890625       5.054130981236518       5.054130981236511
             5.023046875       5.115155440360711       5.115155440360703
             5.083203125       5.176159888738689       5.176159888738679
             5.143359375       5.237143619599336       5.237143619599326
       5.203515625000001       5.298105924201518       5.298105924201506
             5.263671875       5.359046092378883        5.35904609237887
             5.323828125       5.419963413085677       5.419963413085664
             5.383984375       5.480857174942967       5.480857174942953
             5.444140625       5.541726666784675        5.54172666678466
       5.504296875000001       5.602571178202823       5.602571178202806
             5.564453125       5.663390000091405       5.663390000091387
             5.624609375       5.724182425188308       5.724182425188289
             5.684765625       5.784947748614717       5.784947748614696
             5.744921875       5.845685268411421       5.845685268411399
       5.805078125000001       5.906394286071507       5.906394286071484
             5.865234375       5.967074107068869       5.967074107068845
             5.925390625       6.027724041382016        6.02772404138199
             5.985546875       6.088343404012665       6.088343404012639
             6.045703125       6.148931515498605       6.148931515498576
       6.105859375000001        6.20948770242035        6.20948770242032
             6.166015625       6.270011297901093       6.270011297901064
             6.226171875       6.330501642099501        6.33050164209947
             6.286328125       6.390958082694885       6.390958082694852
             6.346484375       6.451379975364341       6.451379975364308
       6.406640625000001       6.511766684251397       6.511766684251363
             6.466796875       6.572117582425785       6.572117582425749
             6.526953125       6.632432052333939       6.632432052333902
             6.587109375       6.692709486239834       6.692709486239797
             6.647265625       6.752949286655826       6.752949286655788
       6.707421875000001       6.813150866763115       6.813150866763077
             6.767578125       6.873313650821527       6.873313650821489
             6.827734375       6.933437074568295       6.933437074568257
             6.887890625       6.993520585605541       6.993520585605502
             6.948046875       7.053563643776173       7.053563643776133
       7.008203125000001       7.113565721527947       7.113565721527907
             7.068359375        7.17352630426543       7.173526304265389
             7.128515625       7.233444890689657       7.233444890689615
             7.188671875       7.293320993125238       7.293320993125196
             7.248828125       7.353154137834747       7.353154137834707
       7.308984375000001       7.412943865320199       7.412943865320159
             7.369140625       7.472689730611443       7.472689730611403
             7.429296875       7.532391303541352       7.532391303541312
             7.489453125       7.592048169007636       7.592048169007596
             7.549609375       7.651659927221221       7.651659927221182
       7.609765625000001       7.711226193941036       7.711226193940997
             7.669921875       7.770746600695168       7.770746600695129
             7.730078125       7.830220794988301       7.830220794988263
             7.790234375       7.889648440495391       7.889648440495352
             7.850390625       7.949029217241544       7.949029217241506
       7.910546875000001       8.008362821768074       8.008362821768035
             7.970703125       8.067648967284736         8.0676489672847
             8.030859375       8.126887383808144       8.126887383808109
       8.091015625000001         8.1860778182864       8.186077818286364
       8.151171875000001       8.245220034709966       8.245220034709931
             8.211328125       8.304313814208836       8.304313814208802
             8.271484375       8.363358955136071       8.363358955136041
             8.331640625       8.422355273137784       8.422355273137754
       8.391796875000001       8.481302601209634       8.481302601209604
       8.451953125000001       8.540200789739982       8.540200789739952
             8.512109375       8.599049706539784       8.599049706539754
             8.572265625       8.657849236859366       8.657849236859338
             8.632421875       8.716599283392224       8.716599283392195
       8.692578125000001       8.775299766265976       8.775299766265949
       8.752734375000001       8.833950623020657        8.83395062302063
             8.812890625       8.892551808574508       8.892551808574481
             8.873046875       8.951103295177438       8.951103295177415
             8.933203125       9.009605072352366       9.009605072352343
       8.993359375000001       9.068057146824634       9.068057146824611
       9.053515625000001       9.126459542439667       9.126459542439644
             9.113671875       9.184812300069172       9.184812300069151
             9.173828125       9.243115477506029       9.243115477506006
             9.233984375       9.301369149348114       9.301369149348092
       9.294140625000001       9.359573406871347       9.359573406871327
       9.354296875000001       9.417728357892141       9.417728357892122
             9.414453125       9.475834126619558       9.475834126619539
             9.474609375       9.533890853497386       9.533890853497368
             9.534765625        9.59189869503644       9.591898695036424
       9.594921875000001       9.649857823637324       9.649857823637308
       9.655078125000001       9.707768427403948       9.707768427403932
             9.715234375       9.765630709948061       9.765630709948045
             9.775390625       9.823444890185092       9.823444890185076
             9.835546875       9.881211202121587       9.881211202121573
       9.895703125000001       9.938929894634521        9.93892989463451
       9.955859375000001       9.996601231242769        9.99660123124276
            10.016015625       10.05422548987105       10.05422548987104
            10.076171875       10.11180296260665       10.11180296260664
            10.136328125       10.16933395544913       10.16933395544912
            10.196484375       10.22681878805349       10.22681878805348
            10.256640625       10.28425779346691       10.28425779346691
            10.316796875       10.34165131785949       10.34165131785948
            10.376953125       10.39899972024919       10.39899972024919
            10.437109375       10.45630337222143       10.45630337222142
            10.497265625       10.51356265764343       10.51356265764342
            10.557421875        10.5707779723738       10.57077797237379
            10.617578125       10.62794972396756       10.62794972396756
            10.677734375       10.68507833137692       10.68507833137692
            10.737890625        10.7421642246481        10.7421642246481
            10.798046875       10.79920784461454       10.79920784461453
            10.858203125       10.85620964258671       10.85620964258671
            10.918359375       10.91317008003894       10.91317008003893
            10.978515625       10.97008962829338       10.97008962829338
            11.038671875       11.02696876820155       11.02696876820155
            11.098828125       11.08380798982366       11.08380798982365
            11.158984375       11.14060779210602       11.14060779210601
            11.219140625       11.19736868255682       11.19736868255681
            11.279296875       11.25409117692052       11.25409117692051
            11.339453125       11.31077579885118       11.31077579885118
            11.399609375       11.36742307958496       11.36742307958495
            11.459765625       11.42403355761201       11.42403355761201
            11.519921875       11.48060777834813       11.48060777834812
            11.580078125       11.53714629380631       11.53714629380631
            11.640234375       11.59364966226855       11.59364966226854
            11.700390625       11.65011844795803       11.65011844795802
            11.760546875       11.70655322071207       11.70655322071207
            11.820703125       11.76295455565594       11.76295455565593
            11.880859375       11.81932303287785       11.81932303287785
            11.941015625       11.87565923710533       11.87565923710532
            12.001171875        11.9319637573832       11.93196375738319
            12.061328125       11.98823718675336       11.98823718675335
            12.121484375       12.04448012193659       12.04448012193659
            12.181640625       12.10069316301665       12.10069316301665
            12.241796875       12.15687691312667       12.15687691312667
            12.301953125       12.21303197813834       12.21303197813834
            12.362109375       12.26915896635374       12.26915896635374
            12.422265625       12.32525848820029       12.32525848820029
            12.482421875       12.38133115592882       12.38133115592882
            12.542578125       12.43737758331492       12.43737758331492
            12.602734375       12.49339838536392       12.49339838536393
            12.662890625       12.54939417801941       12.54939417801941
            12.723046875        12.6053655778756       12.60536557787561
            12.783203125       12.66131320189372       12.66131320189372
            12.843359375       12.71723766712237       12.71723766712238
            12.903515625       12.77313959042225       12.77313959042226
            12.963671875       12.82901958819516       12.82901958819517
            13.023828125       12.88487827611749        12.8848782761175
            13.083984375       12.94071626887836       12.94071626887837
            13.144140625        12.9965341799224       12.99653417992241
            13.204296875        13.0523326211974       13.05233262119741
            13.264453125       13.10811220290686       13.10811220290687
            13.324609375       13.16387353326749       13.16387353326751
            13.384765625       13.21961721827193       13.21961721827194
            13.444921875       13.27534386145647       13.27534386145648
            13.505078125       13.33105406367417       13.33105406367419
            13.565234375       13.38674842287323       13.38674842287325
            13.625390625       13.44242753388073       13.44242753388074
            13.685546875       13.49809198819184       13.49809198819186
            13.745703125       13.55374237376453       13.55374237376455
            13.805859375        13.6093792748198       13.60937927481982
            13.866015625       13.66500327164747       13.66500327164749
            13.926171875       13.72061494041768        13.7206149404177
            13.986328125        13.7762148529979       13.77621485299792
            14.046484375       13.83180357677586       13.83180357677588
            14.106640625        13.8873816744876       13.88738167448762
            14.166796875       13.94294970405275       13.94294970405277
            14.226953125       13.99850821841165       13.99850821841167
            14.287109375       14.05405776537768       14.05405776537771
            14.347265625       14.10959888747423       14.10959888747426
            14.407421875       14.16513212182756       14.16513212182759
            14.467578125       14.22065799984695       14.22065799984697
            14.527734375       14.27617704818402       14.27617704818404
            14.587890625       14.33168978497956       14.33168978497959
            14.648046875       14.38719671498882       14.38719671498884
            14.708203125       14.44269844807195       14.44269844807198
            14.768359375       14.49819515671701       14.49819515671703
            14.828515625       14.55368676446383       14.55368676446385
            14.888671875       14.60918353461878       14.60918353461881
            14.948828125       14.66464002401401       14.66464002401404
            15.008984375       14.72022613688703       14.72022613688706
            15.069140625                    -nan                    -nan
            15.129296875                    -nan                    -nan
            15.189453125                    -nan                    -nan
            15.249609375                    -nan                    -nan
            15.309765625                    -nan                    -nan
            15.369921875                    -nan                    -nan
            15.430078125                    -nan                    -nan
            15.490234375                    -nan                    -nan
            15.550390625                    -nan                    -nan
            15.610546875                    -nan                    -nan
