# File created on Tue Jul  7 16:46:48 2026
# Data for Inflation GW initial data initial data at coord time 0 and central proper time 0
# Evolved with (264,10,9) gridpoints (including 4 ghosts)
# Evolution with geodesic slicing and constant shift shift condition 
# data for phi = 3.14159
#              r           theta              R_prop
#===============================================================
       0.0390625      0.78539816     0.03908140379129214
       0.0390625       2.3561945     0.03908140379129214

       0.1171875      0.78539816      0.1172435841543949
       0.1171875       2.3561945      0.1172435841543949

       0.1953125      0.78539816      0.1954040164606336
       0.1953125       2.3561945      0.1954040164606336

       0.2734375      0.78539816      0.2735618540529802
       0.2734375       2.3561945      0.2735618540529802

       0.3515625      0.78539816      0.3517166136199464
       0.3515625       2.3561945      0.3517166136199464

       0.4296875      0.78539816      0.4298681695066676
       0.4296875       2.3561945      0.4298681695066676

       0.5078125      0.78539816      0.5080166724078373
       0.5078125       2.3561945      0.5080166724078373

       0.5859375      0.78539816      0.5861624385294439
       0.5859375       2.3561945      0.5861624385294439

       0.6640625      0.78539816      0.6643058481502393
       0.6640625       2.3561945      0.6643058481502393

       0.7421875      0.78539816      0.7424472748002289
       0.7421875       2.3561945      0.7424472748002289

       0.8203125      0.78539816      0.8205870479275367
       0.8203125       2.3561945      0.8205870479275367

       0.8984375      0.78539816      0.8987254409579081
       0.8984375       2.3561945      0.8987254409579081

       0.9765625      0.78539816      0.9768626739036737
       0.9765625       2.3561945      0.9768626739036737

       1.0546875      0.78539816       1.054998921902553
       1.0546875       2.3561945       1.054998921902553

       1.1328125      0.78539816       1.133134324651247
       1.1328125       2.3561945       1.133134324651247

       1.2109375      0.78539816       1.211268994572879
       1.2109375       2.3561945       1.211268994572879

       1.2890625      0.78539816       1.289403023202719
       1.2890625       2.3561945       1.289403023202719

       1.3671875      0.78539816       1.367536485972481
       1.3671875       2.3561945       1.367536485972481

       1.4453125      0.78539816       1.445669445753537
       1.4453125       2.3561945       1.445669445753537

       1.5234375      0.78539816        1.52380195549257
       1.5234375       2.3561945        1.52380195549257

       1.6015625      0.78539816        1.60193406019462
       1.6015625       2.3561945        1.60193406019462

       1.6796875      0.78539816       1.680065798435411
       1.6796875       2.3561945       1.680065798435411

       1.7578125      0.78539816       1.758197203530261
       1.7578125       2.3561945       1.758197203530261

       1.8359375      0.78539816       1.836328304448942
       1.8359375       2.3561945       1.836328304448942

       1.9140625      0.78539816       1.914459126539942
       1.9140625       2.3561945       1.914459126539942

       1.9921875      0.78539816       1.992589692109878
       1.9921875       2.3561945       1.992589692109878

       2.0703125      0.78539816       2.070720020891489
       2.0703125       2.3561945       2.070720020891489

       2.1484375      0.78539816       2.148850130424949
       2.1484375       2.3561945       2.148850130424949

       2.2265625      0.78539816       2.226980036371099
       2.2265625       2.3561945       2.226980036371099

       2.3046875      0.78539816        2.30510975277067
       2.3046875       2.3561945        2.30510975277067

       2.3828125      0.78539816       2.383239292260297
       2.3828125       2.3561945       2.383239292260297

       2.4609375      0.78539816         2.4613686662537
       2.4609375       2.3561945         2.4613686662537

       2.5390625      0.78539816       2.539497885094545
       2.5390625       2.3561945       2.539497885094545

       2.6171875      0.78539816       2.617626958186152
       2.6171875       2.3561945       2.617626958186152

       2.6953125      0.78539816       2.695755894102126
       2.6953125       2.3561945       2.695755894102126

       2.7734375      0.78539816       2.773884700681181
       2.7734375       2.3561945       2.773884700681181

       2.8515625      0.78539816       2.852013385108798
       2.8515625       2.3561945       2.852013385108798

       2.9296875      0.78539816       2.930141953987842
       2.9296875       2.3561945       2.930141953987842

       3.0078125      0.78539816       3.008270413399895
       3.0078125       2.3561945       3.008270413399895

       3.0859375      0.78539816       3.086398768958716
       3.0859375       2.3561945       3.086398768958716

       3.1640625      0.78539816       3.164527025857031
       3.1640625       2.3561945       3.164527025857031

       3.2421875      0.78539816       3.242655188907604
       3.2421875       2.3561945       3.242655188907604

       3.3203125      0.78539816       3.320783262579427
       3.3203125       2.3561945       3.320783262579427

       3.3984375      0.78539816       3.398911251029697
       3.3984375       2.3561945       3.398911251029697

       3.4765625      0.78539816       3.477039158132163
       3.4765625       2.3561945       3.477039158132163

       3.5546875      0.78539816       3.555166987502324
       3.5546875       2.3561945       3.555166987502324

       3.6328125      0.78539816        3.63329474251988
       3.6328125       2.3561945        3.63329474251988

       3.7109375      0.78539816       3.711422426348804
       3.7109375       2.3561945       3.711422426348804

       3.7890625      0.78539816        3.78955004195532
       3.7890625       2.3561945        3.78955004195532

       3.8671875      0.78539816       3.867677592124043
       3.8671875       2.3561945       3.867677592124043

       3.9453125      0.78539816        3.94580507947251
       3.9453125       2.3561945        3.94580507947251

       4.0234375      0.78539816       4.023932506464285
       4.0234375       2.3561945       4.023932506464285

       4.1015625      0.78539816         4.1020598754208
       4.1015625       2.3561945         4.1020598754208

       4.1796875      0.78539816       4.180187188532086
       4.1796875       2.3561945       4.180187188532086

       4.2578125      0.78539816       4.258314447866502
       4.2578125       2.3561945       4.258314447866502

       4.3359375      0.78539816        4.33644165537959
       4.3359375       2.3561945        4.33644165537959

       4.4140625      0.78539816       4.414568812922127
       4.4140625       2.3561945       4.414568812922127

       4.4921875      0.78539816        4.49269592224748
       4.4921875       2.3561945        4.49269592224748

       4.5703125      0.78539816       4.570822985018324
       4.5703125       2.3561945       4.570822985018324

       4.6484375      0.78539816       4.648950002812794
       4.6484375       2.3561945       4.648950002812794

       4.7265625      0.78539816       4.727076977130111
       4.7265625       2.3561945       4.727076977130111

       4.8046875      0.78539816        4.80520390939577
       4.8046875       2.3561945        4.80520390939577

       4.8828125      0.78539816       4.883330800966285
       4.8828125       2.3561945       4.883330800966285

       4.9609375      0.78539816       4.961457653133576
       4.9609375       2.3561945       4.961457653133576

       5.0390625      0.78539816       5.039584467129003
       5.0390625       2.3561945       5.039584467129003

       5.1171875      0.78539816       5.117711244127094
       5.1171875       2.3561945       5.117711244127094

       5.1953125      0.78539816       5.195837985248987
       5.1953125       2.3561945       5.195837985248987

       5.2734375      0.78539816       5.273964691565624
       5.2734375       2.3561945       5.273964691565624

       5.3515625      0.78539816       5.352091364100694
       5.3515625       2.3561945       5.352091364100694

       5.4296875      0.78539816       5.430218003833382
       5.4296875       2.3561945       5.430218003833382

       5.5078125      0.78539816       5.508344611700903
       5.5078125       2.3561945       5.508344611700903

       5.5859375      0.78539816       5.586471188600876
       5.5859375       2.3561945       5.586471188600876

       5.6640625      0.78539816       5.664597735393515
       5.6640625       2.3561945       5.664597735393515

       5.7421875      0.78539816       5.742724252903684
       5.7421875       2.3561945       5.742724252903684

       5.8203125      0.78539816       5.820850741922807
       5.8203125       2.3561945       5.820850741922807

       5.8984375      0.78539816        5.89897720321065
       5.8984375       2.3561945        5.89897720321065

       5.9765625      0.78539816       5.977103637496987
       5.9765625       2.3561945       5.977103637496987

       6.0546875      0.78539816       6.055230045483163
       6.0546875       2.3561945       6.055230045483163

       6.1328125      0.78539816       6.133356427843543
       6.1328125       2.3561945       6.133356427843543

       6.2109375      0.78539816       6.211482785226886
       6.2109375       2.3561945       6.211482785226886

       6.2890625      0.78539816       6.289609118257623
       6.2890625       2.3561945       6.289609118257623

       6.3671875      0.78539816       6.367735427537054
       6.3671875       2.3561945       6.367735427537054

       6.4453125      0.78539816       6.445861713644485
       6.4453125       2.3561945       6.445861713644485

       6.5234375      0.78539816        6.52398797713828
       6.5234375       2.3561945        6.52398797713828

       6.6015625      0.78539816       6.602114218556861
       6.6015625       2.3561945       6.602114218556861

       6.6796875      0.78539816       6.680240438419649
       6.6796875       2.3561945       6.680240438419649

       6.7578125      0.78539816       6.758366637227945
       6.7578125       2.3561945       6.758366637227945

       6.8359375      0.78539816       6.836492815465761
       6.8359375       2.3561945       6.836492815465761

       6.9140625      0.78539816       6.914618973600613
       6.9140625       2.3561945       6.914618973600613

       6.9921875      0.78539816       6.992745112084252
       6.9921875       2.3561945       6.992745112084252

       7.0703125      0.78539816       7.070871231353378
       7.0703125       2.3561945       7.070871231353378

       7.1484375      0.78539816       7.148997331830287
       7.1484375       2.3561945       7.148997331830287

       7.2265625      0.78539816        7.22712341392351
       7.2265625       2.3561945        7.22712341392351

       7.3046875      0.78539816       7.305249478028396
       7.3046875       2.3561945       7.305249478028396

       7.3828125      0.78539816       7.383375524527678
       7.3828125       2.3561945       7.383375524527678

       7.4609375      0.78539816       7.461501553792002
       7.4609375       2.3561945       7.461501553792002

       7.5390625      0.78539816       7.539627566180431
       7.5390625       2.3561945       7.539627566180431

       7.6171875      0.78539816       7.617753562040924
       7.6171875       2.3561945       7.617753562040924

       7.6953125      0.78539816       7.695879541710787
       7.6953125       2.3561945       7.695879541710787

       7.7734375      0.78539816       7.774005505517106
       7.7734375       2.3561945       7.774005505517106

       7.8515625      0.78539816       7.852131453777153
       7.8515625       2.3561945       7.852131453777153

       7.9296875      0.78539816       7.930257386798776
       7.9296875       2.3561945       7.930257386798776

       8.0078125      0.78539816        8.00838330488077
       8.0078125       2.3561945        8.00838330488077

       8.0859375      0.78539816       8.086509208313226
       8.0859375       2.3561945       8.086509208313226

       8.1640625      0.78539816       8.164635097377866
       8.1640625       2.3561945       8.164635097377866

       8.2421875      0.78539816       8.242760972348366
       8.2421875       2.3561945       8.242760972348366

       8.3203125      0.78539816       8.320886833490652
       8.3203125       2.3561945       8.320886833490652

       8.3984375      0.78539816       8.399012681063198
       8.3984375       2.3561945       8.399012681063198

       8.4765625      0.78539816       8.477138515317296
       8.4765625       2.3561945       8.477138515317296

       8.5546875      0.78539816       8.555264336497324
       8.5546875       2.3561945       8.555264336497324

       8.6328125      0.78539816       8.633390144840991
       8.6328125       2.3561945       8.633390144840991

       8.7109375      0.78539816       8.711515940579584
       8.7109375       2.3561945       8.711515940579584

       8.7890625      0.78539816       8.789641723938196
       8.7890625       2.3561945       8.789641723938196

       8.8671875      0.78539816       8.867767495135942
       8.8671875       2.3561945       8.867767495135942

       8.9453125      0.78539816       8.945893254386172
       8.9453125       2.3561945       8.945893254386172

       9.0234375      0.78539816        9.02401900189667
       9.0234375       2.3561945        9.02401900189667

       9.1015625      0.78539816       9.102144737869846
       9.1015625       2.3561945       9.102144737869846

       9.1796875      0.78539816       9.180270462502918
       9.1796875       2.3561945       9.180270462502918

       9.2578125      0.78539816       9.258396175988093
       9.2578125       2.3561945       9.258396175988093

       9.3359375      0.78539816       9.336521878512732
       9.3359375       2.3561945       9.336521878512732

       9.4140625      0.78539816       9.414647570259511
       9.4140625       2.3561945       9.414647570259511

       9.4921875      0.78539816       9.492773251406577
       9.4921875       2.3561945       9.492773251406577

       9.5703125      0.78539816       9.570898922127698
       9.5703125       2.3561945       9.570898922127698

       9.6484375      0.78539816         9.6490245825924
       9.6484375       2.3561945         9.6490245825924

       9.7265625      0.78539816        9.72715023296611
       9.7265625       2.3561945        9.72715023296611

       9.8046875      0.78539816       9.805275873410286
       9.8046875       2.3561945       9.805275873410286

       9.8828125      0.78539816        9.88340150408254
       9.8828125       2.3561945        9.88340150408254

       9.9609375      0.78539816       9.961527125136762
       9.9609375       2.3561945       9.961527125136762

       10.039062      0.78539816       10.03965273672323
       10.039062       2.3561945       10.03965273672323

       10.117188      0.78539816       10.11777833898874
       10.117188       2.3561945       10.11777833898874

       10.195312      0.78539816       10.19590393207668
       10.195312       2.3561945       10.19590393207668

       10.273438      0.78539816       10.27402951612718
       10.273438       2.3561945       10.27402951612718

       10.351562      0.78539816       10.35215509127716
       10.351562       2.3561945       10.35215509127716

       10.429688      0.78539816       10.43028065766046
       10.429688       2.3561945       10.43028065766046

       10.507812      0.78539816       10.50840621540794
       10.507812       2.3561945       10.50840621540794

       10.585938      0.78539816       10.58653176464753
       10.585938       2.3561945       10.58653176464753

       10.664062      0.78539816       10.66465730550435
       10.664062       2.3561945       10.66465730550435

       10.742188      0.78539816       10.74278283810077
       10.742188       2.3561945       10.74278283810077

       10.820312      0.78539816       10.82090836255652
       10.820312       2.3561945       10.82090836255652

       10.898438      0.78539816       10.89903387898872
       10.898438       2.3561945       10.89903387898872

       10.976562      0.78539816       10.97715938751199
       10.976562       2.3561945       10.97715938751199

       11.054688      0.78539816       11.05528488823853
       11.054688       2.3561945       11.05528488823853

       11.132812      0.78539816       11.13341038127813
       11.132812       2.3561945       11.13341038127813

       11.210938      0.78539816       11.21153586673833
       11.210938       2.3561945       11.21153586673833

       11.289062      0.78539816       11.28966134472437
       11.289062       2.3561945       11.28966134472437

       11.367188      0.78539816       11.36778681533936
       11.367188       2.3561945       11.36778681533936

       11.445312      0.78539816       11.44591227868427
       11.445312       2.3561945       11.44591227868427

       11.523438      0.78539816       11.52403773485801
       11.523438       2.3561945       11.52403773485801

       11.601562      0.78539816       11.60216318395749
       11.601562       2.3561945       11.60216318395749

       11.679688      0.78539816       11.68028862607767
       11.679688       2.3561945       11.68028862607767

       11.757812      0.78539816        11.7584140613116
       11.757812       2.3561945        11.7584140613116

       11.835938      0.78539816        11.8365394897505
       11.835938       2.3561945        11.8365394897505

       11.914062      0.78539816       11.91466491148377
       11.914062       2.3561945       11.91466491148377

       11.992188      0.78539816       11.99279032659907
       11.992188       2.3561945       11.99279032659907

       12.070312      0.78539816       12.07091573518234
       12.070312       2.3561945       12.07091573518234

       12.148438      0.78539816       12.14904113731787
       12.148438       2.3561945       12.14904113731787

       12.226562      0.78539816       12.22716653308832
       12.226562       2.3561945       12.22716653308832

       12.304688      0.78539816       12.30529192257479
       12.304688       2.3561945       12.30529192257479

       12.382812      0.78539816        12.3834173058568
       12.382812       2.3561945        12.3834173058568

       12.460938      0.78539816       12.46154268301241
       12.460938       2.3561945       12.46154268301241

       12.539062      0.78539816        12.5396680541182
       12.539062       2.3561945        12.5396680541182

       12.617188      0.78539816       12.61779341924932
       12.617188       2.3561945       12.61779341924932

       12.695312      0.78539816       12.69591877847953
       12.695312       2.3561945       12.69591877847953

       12.773438      0.78539816       12.77404413188123
       12.773438       2.3561945       12.77404413188123

       12.851562      0.78539816       12.85216947952551
       12.851562       2.3561945       12.85216947952551

       12.929688      0.78539816       12.93029482148215
       12.929688       2.3561945       12.93029482148215

       13.007812      0.78539816       13.00842015781967
       13.007812       2.3561945       13.00842015781967

       13.085938      0.78539816       13.08654548860538
       13.085938       2.3561945       13.08654548860538

       13.164062      0.78539816       13.16467081390537
       13.164062       2.3561945       13.16467081390537

       13.242188      0.78539816       13.24279613378455
       13.242188       2.3561945       13.24279613378455

       13.320312      0.78539816        13.3209214483067
       13.320312       2.3561945        13.3209214483067

       13.398438      0.78539816       13.39904675753447
       13.398438       2.3561945       13.39904675753447

       13.476562      0.78539816       13.47717206152944
       13.476562       2.3561945       13.47717206152944

       13.554688      0.78539816       13.55529736035209
       13.554688       2.3561945       13.55529736035209

       13.632812      0.78539816       13.63342265406187
       13.632812       2.3561945       13.63342265406187

       13.710938      0.78539816       13.71154794271722
       13.710938       2.3561945       13.71154794271722

       13.789062      0.78539816       13.78967322637558
       13.789062       2.3561945       13.78967322637558

       13.867188      0.78539816       13.86779850509341
       13.867188       2.3561945       13.86779850509341

       13.945312      0.78539816       13.94592377892621
       13.945312       2.3561945       13.94592377892621

       14.023438      0.78539816       14.02404904792858
       14.023438       2.3561945       14.02404904792858

       14.101562      0.78539816       14.10217431215418
       14.101562       2.3561945       14.10217431215418

       14.179688      0.78539816        14.1802995716558
       14.179688       2.3561945        14.1802995716558

       14.257812      0.78539816       14.25842482648535
       14.257812       2.3561945       14.25842482648535

       14.335938      0.78539816       14.33655007669388
       14.335938       2.3561945       14.33655007669388

       14.414062      0.78539816       14.41467532233164
       14.414062       2.3561945       14.41467532233164

       14.492188      0.78539816       14.49280056344802
       14.492188       2.3561945       14.49280056344802

       14.570312      0.78539816       14.57092580009165
       14.570312       2.3561945       14.57092580009165

       14.648438      0.78539816       14.64905103231037
       14.648438       2.3561945       14.64905103231037

       14.726562      0.78539816       14.72717626015124
       14.726562       2.3561945       14.72717626015124

       14.804688      0.78539816        14.8053014836606
       14.804688       2.3561945        14.8053014836606

       14.882812      0.78539816       14.88342670288404
       14.882812       2.3561945       14.88342670288404

       14.960938      0.78539816       14.96155191786644
       14.960938       2.3561945       14.96155191786644

       15.039062      0.78539816       15.03967712865198
       15.039062       2.3561945       15.03967712865198

       15.117188      0.78539816       15.11780233528415
       15.117188       2.3561945       15.11780233528415

       15.195312      0.78539816       15.19592753780576
       15.195312       2.3561945       15.19592753780576

       15.273438      0.78539816       15.27405273625898
       15.273438       2.3561945       15.27405273625898

       15.351562      0.78539816       15.35217793068532
       15.351562       2.3561945       15.35217793068532

       15.429688      0.78539816       15.43030312112566
       15.429688       2.3561945       15.43030312112566

       15.507812      0.78539816       15.50842830762026
       15.507812       2.3561945       15.50842830762026

       15.585938      0.78539816       15.58655349020879
       15.585938       2.3561945       15.58655349020879

       15.664062      0.78539816       15.66467866893029
       15.664062       2.3561945       15.66467866893029

       15.742188      0.78539816       15.74280384382326
       15.742188       2.3561945       15.74280384382326

       15.820312      0.78539816       15.82092901492559
       15.820312       2.3561945       15.82092901492559

       15.898438      0.78539816       15.89905418227464
       15.898438       2.3561945       15.89905418227464

       15.976562      0.78539816       15.97717934590719
       15.976562       2.3561945       15.97717934590719

       16.054688      0.78539816       16.05530450585952
       16.054688       2.3561945       16.05530450585952

       16.132812      0.78539816       16.13342966216734
       16.132812       2.3561945       16.13342966216734

       16.210938      0.78539816       16.21155481486587
       16.210938       2.3561945       16.21155481486587

       16.289062      0.78539816       16.28967996398982
       16.289062       2.3561945       16.28967996398982

       16.367188      0.78539816       16.36780510957339
       16.367188       2.3561945       16.36780510957339

       16.445312      0.78539816        16.4459302516503
       16.445312       2.3561945        16.4459302516503

       16.523438      0.78539816       16.52405539025379
       16.523438       2.3561945       16.52405539025379

       16.601562      0.78539816       16.60218052541662
       16.601562       2.3561945       16.60218052541662

       16.679688      0.78539816       16.68030565717111
       16.679688       2.3561945       16.68030565717111

       16.757812      0.78539816       16.75843078554911
       16.757812       2.3561945       16.75843078554911

       16.835938      0.78539816       16.83655591058202
       16.835938       2.3561945       16.83655591058202

       16.914062      0.78539816       16.91468103230082
       16.914062       2.3561945       16.91468103230082

       16.992188      0.78539816       16.99280615073606
       16.992188       2.3561945       16.99280615073606

       17.070312      0.78539816       17.07093126591786
       17.070312       2.3561945       17.07093126591786

       17.148438      0.78539816       17.14905637787593
       17.148438       2.3561945       17.14905637787593

       17.226562      0.78539816       17.22718148663958
       17.226562       2.3561945       17.22718148663958

       17.304688      0.78539816       17.30530659223771
       17.304688       2.3561945       17.30530659223771

       17.382812      0.78539816       17.38343169469885
       17.382812       2.3561945       17.38343169469885

       17.460938      0.78539816       17.46155679405112
       17.460938       2.3561945       17.46155679405112

       17.539062      0.78539816        17.5396818903223
       17.539062       2.3561945        17.5396818903223

       17.617188      0.78539816       17.61780698353976
       17.617188       2.3561945       17.61780698353976

       17.695312      0.78539816       17.69593207373052
       17.695312       2.3561945       17.69593207373052

       17.773438      0.78539816       17.77405716092127
       17.773438       2.3561945       17.77405716092127

       17.851562      0.78539816       17.85218224513831
       17.851562       2.3561945       17.85218224513831

       17.929688      0.78539816        17.9303073264076
       17.929688       2.3561945        17.9303073264076

       18.007812      0.78539816        18.0084324047548
       18.007812       2.3561945        18.0084324047548

       18.085938      0.78539816       18.08655748020519
       18.085938       2.3561945       18.08655748020519

       18.164062      0.78539816       18.16468255278375
       18.164062       2.3561945       18.16468255278375

       18.242188      0.78539816       18.24280762251513
       18.242188       2.3561945       18.24280762251513

       18.320312      0.78539816       18.32093268942366
       18.320312       2.3561945       18.32093268942366

       18.398438      0.78539816       18.39905775353337
       18.398438       2.3561945       18.39905775353337

       18.476562      0.78539816       18.47718281486797
       18.476562       2.3561945       18.47718281486797

       18.554688      0.78539816       18.55530787345089
       18.554688       2.3561945       18.55530787345089

       18.632812      0.78539816       18.63343292930525
       18.632812       2.3561945       18.63343292930525

       18.710938      0.78539816       18.71155798245389
       18.710938       2.3561945       18.71155798245389

       18.789062      0.78539816       18.78968303291934
       18.789062       2.3561945       18.78968303291934

       18.867188      0.78539816       18.86780808072388
       18.867188       2.3561945       18.86780808072388

       18.945312      0.78539816        18.9459331258895
       18.945312       2.3561945        18.9459331258895

       19.023438      0.78539816       19.02405816843791
       19.023438       2.3561945       19.02405816843791

       19.101562      0.78539816       19.10218320839058
       19.101562       2.3561945       19.10218320839058

       19.179688      0.78539816       19.18030824576868
       19.179688       2.3561945       19.18030824576868

       19.257812      0.78539816       19.25843328059316
       19.257812       2.3561945       19.25843328059316

       19.335938      0.78539816       19.33655831288469
       19.335938       2.3561945       19.33655831288469

       19.414062      0.78539816       19.41468334266369
       19.414062       2.3561945       19.41468334266369

       19.492188      0.78539816       19.49280836995035
       19.492188       2.3561945       19.49280836995035

       19.570312      0.78539816       19.57093339476461
       19.570312       2.3561945       19.57093339476461

       19.648438      0.78539816       19.64905841712616
       19.648438       2.3561945       19.64905841712616

       19.726562      0.78539816       19.72718343705447
       19.726562       2.3561945       19.72718343705447

       19.804688      0.78539816       19.80530845456878
       19.804688       2.3561945       19.80530845456878

       19.882812      0.78539816       19.88343346968809
       19.882812       2.3561945       19.88343346968809

       19.960938      0.78539816        19.9615584824312
       19.960938       2.3561945        19.9615584824312

       20.039062      0.78539816       20.03968349281665
       20.039062       2.3561945       20.03968349281665

       20.117188      0.78539816       20.11780850086281
       20.117188       2.3561945       20.11780850086281

       20.195312      0.78539816        20.1959335065878
       20.195312       2.3561945        20.1959335065878

       20.273438      0.78539816       20.27405851000956
       20.273438       2.3561945       20.27405851000956

