# File created on Wed Jul  8 11:31:18 2026
# ======================================== 
# = Running code assuming AXISYMMETRY    = 
# ======================================== 
# Data for Inflation GW initial data initial data at coord. time 1.12447 and proper central time 1.12447
# Evolved with (264,10,9) gridpoints (including 4 ghosts)
# Evolution with geodesic slicing and constant shift
# using eighth-order spatial differencing with 4 ghost zones 
# data 1 at theta = 0 and phi = 3.14159
# data 2 at theta = 1.5708 and phi = 3.14159
#                      r                  R_prop                  R_prop
#                               (     0,3.14159)        (1.5708,3.14159)
#========================================================================
     -0.1754557291666667     -0.2865164074444263      -0.286516407444427
     -0.1253255208333333     -0.2046425337115434     -0.2046425337115439
           -0.0751953125     -0.1227806995058437      -0.122780699505844
    -0.02506510416666667    -0.04092608861418239    -0.04092608861418259
     0.02506510416666667     0.04092608861418279     0.04092608861418259
            0.0751953125      0.1227806995058443       0.122780699505844
      0.1253255208333333      0.2046425337115443      0.2046425337115439
      0.1754557291666667      0.2865164074444277       0.286516407444427
            0.2255859375      0.3684071351460305      0.3684071351460296
      0.2757161458333334      0.4503195051981295       0.450319505198128
      0.3258463541666667      0.5322582856078063      0.5322582856078041
            0.3759765625      0.6142282188669584      0.6142282188669556
      0.4261067708333334      0.6962340196683261      0.6962340196683227
      0.4762369791666667      0.7782803635243036      0.7782803635242993
            0.5263671875      0.8603718988762401       0.860371898876235
      0.5764973958333334      0.9425132225349834      0.9425132225349773
      0.6266276041666667       1.024708901682148       1.024708901682141
            0.6767578125       1.106963463170071       1.106963463170062
      0.7268880208333334       1.189281372450407       1.189281372450397
      0.7770182291666667       1.271667123008178       1.271667123008168
            0.8271484375       1.354125112490251       1.354125112490239
      0.8772786458333334       1.436659787644565       1.436659787644552
      0.9274088541666667        1.51927593451591       1.519275934515896
            0.9775390625       1.601978234496227       1.601978234496212
       1.027669270833333       1.684770692399911       1.684770692399896
       1.077799479166667       1.767656751876303       1.767656751876288
            1.1279296875       1.850639649031583       1.850639649031567
       1.178059895833333       1.933722532817758       1.933722532817741
       1.228190104166667       2.016908464823679       2.016908464823661
            1.2783203125        2.10020042953239       2.100200429532372
       1.328450520833333       2.183601343040815       2.183601343040795
       1.378580729166667       2.267114050752892       2.267114050752872
            1.4287109375       2.350741322899855       2.350741322899834
       1.478841145833333       2.434485850053259       2.434485850053235
       1.528971354166667       2.518350238111373       2.518350238111348
            1.5791015625       2.602337003215181       2.602337003215155
       1.629231770833333       2.686448566896686       2.686448566896659
       1.679361979166667       2.770687251502524       2.770687251502496
            1.7294921875          2.855055275925       2.855055275924969
       1.779622395833333       2.939554751655939       2.939554751655908
       1.829752604166667       3.024187679156561       3.024187679156528
            1.8798828125       3.108955944529587       3.108955944529553
       1.930013020833333       3.193861316477137       3.193861316477101
       1.980143229166667       3.278905443526714       3.278905443526677
            2.0302734375       3.364089851507903       3.364089851507864
       2.080403645833333       3.449415941263393       3.449415941263353
       2.130533854166667       3.534884986579187       3.534884986579145
            2.1806640625       3.620498132320188       3.620498132320144
       2.230794270833333       3.706256392758706       3.706256392758661
       2.280924479166667       3.792160650084593       3.792160650084547
            2.3310546875        3.87821165308687       3.878211653086823
       2.381184895833333        3.96441001599766       3.964410015997611
       2.431315104166667       4.050756217490111        4.05075621749006
            2.4814453125       4.137250599822749       4.137250599822697
       2.531575520833333       4.223893368123339       4.223893368123287
       2.581705729166667       4.310684589805907       4.310684589805853
            2.6318359375       4.397624194115028       4.397624194114973
       2.681966145833333       4.484711971791958       4.484711971791901
       2.732096354166667       4.571947574857488       4.571947574857431
            2.7822265625       4.659330516506757       4.659330516506698
       2.832356770833333       4.746860171111514       4.746860171111454
       2.882486979166667        4.83453577432557       4.834535774325508
            2.9326171875       4.922356423289401       4.922356423289338
       2.982747395833333       5.010321076930036       5.010321076929972
       3.032877604166667        5.09842855635256       5.098428556352494
            3.0830078125       5.186677545319704       5.186677545319637
       3.133138020833333       5.275066590816174       5.275066590816106
       3.183268229166667       5.363594103694462       5.363594103694391
            3.2333984375       5.452258359399048       5.452258359398975
       3.283528645833333       5.541057498766056       5.541057498765982
       3.333658854166667       5.629989528895457       5.629989528895381
            3.3837890625       5.719052324093145       5.719052324093067
       3.433919270833333       5.808243626880245       5.808243626880164
       3.484049479166667       5.897561049067192       5.897561049067107
            3.5341796875       5.987002072890173       5.987002072890087
       3.584309895833333       6.076564052207726       6.076564052207637
       3.634440104166667        6.16624421375529       6.166244213755198
            3.6845703125       6.256039658455764        6.25603965845567
       3.734700520833333       6.345947362784099       6.345947362783999
       3.784830729166667        6.43596418018418       6.435964180184079
            3.8349609375       6.526086842536343       6.526086842536238
       3.885091145833333       6.616311961673929       6.616311961673819
       3.935221354166667       6.706636030947487       6.706636030947374
            3.9853515625       6.797055426835311       6.797055426835195
       4.035481770833334       6.887566410599095       6.887566410598973
       4.085611979166667       6.978165129983641       6.978165129983516
            4.1357421875       7.068847620959667       7.068847620959537
       4.185872395833334       7.159609809508843       7.159609809508708
       4.236002604166667       7.250447513450331        7.25044751345019
            4.2861328125        7.34135644430819       7.341356444308046
       4.336263020833334       7.432332209219122       7.432332209218971
       4.386393229166667       7.523370312880123       7.523370312879967
            4.4365234375       7.614466159535743       7.614466159535581
       4.486653645833334       7.705615055004664       7.705615055004499
       4.536783854166667       7.796812208745504       7.796812208745333
            4.5869140625       7.888052735961741       7.888052735961566
       4.637044270833334       7.979331659745783       7.979331659745602
       4.687174479166667       8.070643913262254       8.070643913262067
            4.7373046875       8.161984341970644       8.161984341970452
       4.787434895833334       8.253347705887528       8.253347705887332
       4.837565104166667       8.344728681888554       8.344728681888354
            4.8876953125       8.436121866050541       8.436121866050335
       4.937825520833334        8.52752177603395       8.527521776033741
       4.987955729166667       8.618922853506072       8.618922853505854
            5.0380859375       8.710319466605299       8.710319466605076
       5.088216145833334        8.80170591244681       8.801705912446582
       5.138346354166667       8.893076419669983        8.89307641966975
            5.1884765625       8.984425151027903       8.984425151027665
       5.238606770833334       9.075746206019238       9.075746206018991
       5.288736979166667       9.167033623562695       9.167033623562443
            5.3388671875       9.258281384714365       9.258281384714108
       5.388997395833334       9.349483415427992       9.349483415427727
       5.439127604166667       9.440633589358308       9.440633589358038
            5.4892578125       9.531725730707436        9.53172573070716
       5.539388020833334       9.622753617114231       9.622753617113952
       5.589518229166667       9.713710982586417       9.713710982586132
            5.6396484375       9.804591520475169       9.804591520474879
       5.689778645833334       9.895388886491791       9.895388886491492
       5.739908854166667       9.986096701765888       9.986096701765586
            5.7900390625        10.0767085559444        10.0767085559441
       5.840169270833334       10.16721801033067       10.16721801033036
       5.890299479166667       10.25761860106254       10.25761860106222
            5.9404296875       10.34790384232843       10.34790384232811
       5.990559895833334       10.43806722962009       10.43806722961977
       6.040690104166667       10.52810224302055       10.52810224302021
            6.0908203125       10.61800235052565       10.61800235052532
       6.140950520833334        10.7077610113975       10.70776101139716
       6.191080729166667       10.79737167954767       10.79737167954733
            6.2412109375       10.88682780694824        10.8868278069479
       6.291341145833334       10.97612284706818       10.97612284706783
       6.341471354166667       11.06525025833275       11.06525025833239
            6.3916015625       11.15420350760316        11.1542035076028
       6.441731770833334       11.24297607367374       11.24297607367338
       6.491861979166667       11.33156145078358       11.33156145078322
            6.5419921875       11.41995315213954       11.41995315213918
       6.592122395833334       11.50814471344733       11.50814471344696
       6.642252604166667       11.59612969644723       11.59612969644686
            6.6923828125       11.68390169245083       11.68390169245045
       6.742513020833334       11.77145432587517        11.7714543258748
       6.792643229166667       11.85878125777044       11.85878125777006
            6.8427734375       11.94587618933718        11.9458761893368
       6.892903645833334       12.03273286542926       12.03273286542888
       6.943033854166667       12.11934507803825       12.11934507803787
            6.9931640625       12.20570666975519        12.2057066697548
       7.043294270833334       12.29181153720548        12.2918115372051
       7.093424479166667       12.37765363445269        12.3776536344523
            7.1435546875       12.46322697636692       12.46322697636654
       7.193684895833334       12.54852564195355       12.54852564195317
       7.243815104166667       12.63354377763798       12.63354377763759
            7.2939453125       12.71827560050217       12.71827560050178
       7.344075520833334       12.80271540146882       12.80271540146843
       7.394205729166667       12.88685754842887       12.88685754842848
            7.4443359375       12.97069648930837       12.97069648930798
       7.494466145833334       13.05422675507066       13.05422675507027
       7.544596354166667       13.13744296264992       13.13744296264953
            7.5947265625        13.2203398178124       13.22033981781201
       7.644856770833334       13.30291211794147       13.30291211794109
       7.694986979166667       13.38515475474323       13.38515475474284
            7.7451171875       13.46706271686901       13.46706271686863
       7.795247395833334       13.54863109245184       13.54863109245146
       7.845377604166667       13.62985507155359       13.62985507155321
            7.8955078125       13.71072994852018        13.7107299485198
       7.945638020833334         13.791251124242       13.79125112424162
       7.995768229166667       13.87141410831725       13.87141410831687
            8.0458984375       13.95121452111584       13.95121452111546
       8.096028645833334       14.03064809574192       14.03064809574155
       8.146158854166668        14.1097106798932       14.10971067989284
            8.1962890625       14.18839823761547        14.1883982376151
       8.246419270833334       14.26670685095098       14.26670685095062
       8.296549479166668       14.34463272147959       14.34463272147923
            8.3466796875       14.42217217175177       14.42217217175141
       8.396809895833334       14.49932164661277       14.49932164661241
       8.446940104166668       14.57607771441756       14.57607771441721
            8.4970703125       14.65243706813635         14.652437068136
       8.547200520833334       14.72839652635064       14.72839652635029
       8.597330729166668       14.80395303414002       14.80395303413967
            8.6474609375       14.87910366386032       14.87910366385998
       8.697591145833334       14.95384561581352       14.95384561581318
       8.747721354166668       15.02817621881044        15.0281762188101
            8.7978515625       15.10209293062716       15.10209293062682
       8.847981770833334       15.17559333835649       15.17559333835616
       8.898111979166668       15.24867515865572        15.2486751586554
            8.9482421875       15.32133623789241       15.32133623789208
       8.998372395833334       15.39357455218972       15.39357455218939
       9.048502604166668       15.46538820737337       15.46538820737305
            9.0986328125       15.53677543882209       15.53677543882178
       9.148763020833334       15.60773461122368       15.60773461122336
       9.198893229166668       15.67826421823898       15.67826421823867
            9.2490234375       15.74836288207613       15.74836288207582
       9.299153645833334       15.81802935297744       15.81802935297714
       9.349283854166668       15.88726250862151        15.8872625086212
            9.3994140625       15.95606135344312       15.95606135344283
       9.449544270833334       16.02442501787371       16.02442501787341
       9.499674479166668       16.09235275750484       16.09235275750455
            9.5498046875       16.15984395217785       16.15984395217756
       9.599934895833334       16.22689810500203       16.22689810500174
       9.650065104166668       16.29351484130456       16.29351484130427
            9.7001953125       16.35969390751471       16.35969390751443
       9.750325520833334       16.42543516998538        16.4254351699851
       9.800455729166668       16.49073861375467        16.4907386137544
            9.8505859375        16.5556043412504       16.55560434125012
       9.900716145833334       16.62003257094037        16.6200325709401
       9.950846354166668        16.6840236359312       16.68402363593093
           10.0009765625       16.74757798251837       16.74757798251811
       10.05110677083333       16.81069616869047        16.8106961686902
       10.10123697916667       16.87337886259002       16.87337886258975
           10.1513671875       16.93562684093378       16.93562684093351
       10.20149739583333       16.99744098739501       16.99744098739475
       10.25162760416667       17.05882229095028       17.05882229095002
           10.3017578125       17.11977184419325       17.11977184419299
       10.35188802083333       17.18029084161793       17.18029084161767
       10.40201822916667       17.24038057787378       17.24038057787353
           10.4521484375       17.30004244599485        17.3000424459946
       10.50227864583333       17.35927793560532       17.35927793560507
       10.55240885416667       17.41808863110349       17.41808863110324
           10.6025390625       17.47647620982645        17.4764762098262
       10.65266927083333       17.53444244019734       17.53444244019709
       10.70279947916667       17.59198917985684       17.59198917985659
           10.7529296875       17.64911837378187       17.64911837378162
       10.80305989583333       17.70583205239445        17.7058320523942
       10.85319010416667       17.76213232964709       17.76213232964684
           10.9033203125       17.81802140111812       17.81802140111787
       10.95345052083333         17.873501542178       17.87350154217776
       11.00358072916667       17.92857510579563       17.92857510579538
           11.0537109375       17.98324452049697       17.98324452049673
       11.10384114583333       18.03751229095429       18.03751229095404
       11.15397135416667       18.09138099172896       18.09138099172871
           11.2041015625       18.14485325414388       18.14485325414364
       11.25423177083333       18.19793181757044       18.19793181757021
       11.30436197916667       18.25061951673012       18.25061951672988
           11.3544921875       18.30291892598036       18.30291892598012
       11.40462239583333       18.35483293305358       18.35483293305334
       11.45475260416667       18.40636618903607       18.40636618903584
           11.5048828125        18.4575200009065       18.45752000090626
       11.55501302083333       18.50828965261073       18.50828965261051
       11.60514322916667       18.55869607673557       18.55869607673534
           11.6552734375          18.60879380178       18.60879380177977
       11.70540364583333       18.65857634735755       18.65857634735733
       11.75553385416667       18.70803684128746       18.70803684128724
           11.8056640625       18.75751018165041       18.75751018165019
       11.85579427083333       18.80761959706943       18.80761959706921
       11.90592447916667       18.85876653394841       18.85876653394819
           11.9560546875       18.91107055170997       18.91107055170975
       12.00618489583333       18.96469890404532       18.96469890404511
       12.05631510416667       19.01995029165396       19.01995029165375
           12.1064453125       19.07711232136415       19.07711232136395
       12.15657552083333       19.13641843462856       19.13641843462836
       12.20670572916667       19.19814459389068       19.19814459389048
           12.2568359375       19.26267325073469       19.26267325073448
       12.30696614583333       19.33047892476464       19.33047892476444
       12.35709635416667       19.40210649059215       19.40210649059195
           12.4072265625       19.47825149898886       19.47825149898867
       12.45735677083333        19.5597119738718       19.55971197387161
       12.50748697916667       19.64776331353058       19.64776331353039
           12.5576171875       19.74386770260604       19.74386770260585
       12.60774739583333        19.8497587322719       19.84975873227172
       12.65787760416667       19.97077077395379       19.97077077395361
           12.7080078125       20.11433010042375       20.11433010042359
       12.75813802083333        20.2256413431807       20.22564134318046
       12.80826822916667       20.45919907344677       20.45919907344658
           12.8583984375       20.69208376746507       20.69208376746495
       12.90852864583333       20.87594181325124       20.87594181325113
       12.95865885416667        21.0106317398701       21.01063173987001
           13.0087890625                    -nan                    -nan
