# File created on Wed Jul  8 11:31:18 2026
# Data for Inflation GW initial data initial data at coord time 1.12447 and central proper time 1.12447
# Evolved with (264,10,9) gridpoints (including 4 ghosts)
# Evolution with geodesic slicing and constant shift shift condition 
# data for phi = 3.14159
#              r           theta              R_prop
#===============================================================
     0.025065104      0.78539816     0.04092608861418274
     0.025065104       2.3561945     0.04092608861418244

     0.075195312      0.78539816      0.1227806995058442
     0.075195312       2.3561945      0.1227806995058438

      0.12532552      0.78539816      0.2046425337115442
      0.12532552       2.3561945      0.2046425337115435

      0.17545573      0.78539816      0.2865164074444275
      0.17545573       2.3561945      0.2865164074444265

      0.22558594      0.78539816      0.3684071351460303
      0.22558594       2.3561945      0.3684071351460289

      0.27571615      0.78539816      0.4503195051981291
      0.27571615       2.3561945      0.4503195051981269

      0.32584635      0.78539816      0.5322582856078057
      0.32584635       2.3561945      0.5322582856078024

      0.37597656      0.78539816      0.6142282188669577
      0.37597656       2.3561945      0.6142282188669534

      0.42610677      0.78539816      0.6962340196683252
      0.42610677       2.3561945      0.6962340196683201

      0.47623698      0.78539816      0.7782803635243025
      0.47623698       2.3561945      0.7782803635242962

      0.52636719      0.78539816      0.8603718988762388
      0.52636719       2.3561945      0.8603718988762311

       0.5764974      0.78539816      0.9425132225349818
       0.5764974       2.3561945      0.9425132225349726

       0.6266276      0.78539816       1.024708901682147
       0.6266276       2.3561945       1.024708901682136

      0.67675781      0.78539816       1.106963463170069
      0.67675781       2.3561945       1.106963463170056

      0.72688802      0.78539816       1.189281372450404
      0.72688802       2.3561945        1.18928137245039

      0.77701823      0.78539816       1.271667123008176
      0.77701823       2.3561945        1.27166712300816

      0.82714844      0.78539816       1.354125112490248
      0.82714844       2.3561945        1.35412511249023

      0.87727865      0.78539816       1.436659787644562
      0.87727865       2.3561945       1.436659787644542

      0.92740885      0.78539816       1.519275934515907
      0.92740885       2.3561945       1.519275934515885

      0.97753906      0.78539816       1.601978234496223
      0.97753906       2.3561945       1.601978234496201

       1.0276693      0.78539816       1.684770692399907
       1.0276693       2.3561945       1.684770692399884

       1.0777995      0.78539816       1.767656751876299
       1.0777995       2.3561945       1.767656751876276

       1.1279297      0.78539816       1.850639649031579
       1.1279297       2.3561945       1.850639649031554

       1.1780599      0.78539816       1.933722532817754
       1.1780599       2.3561945       1.933722532817728

       1.2281901      0.78539816       2.016908464823675
       1.2281901       2.3561945       2.016908464823648

       1.2783203      0.78539816       2.100200429532385
       1.2783203       2.3561945       2.100200429532357

       1.3284505      0.78539816        2.18360134304081
       1.3284505       2.3561945       2.183601343040781

       1.3785807      0.78539816       2.267114050752887
       1.3785807       2.3561945       2.267114050752856

       1.4287109      0.78539816        2.35074132289985
       1.4287109       2.3561945       2.350741322899817

       1.4788411      0.78539816       2.434485850053253
       1.4788411       2.3561945       2.434485850053218

       1.5289714      0.78539816       2.518350238111366
       1.5289714       2.3561945        2.51835023811133

       1.5791016      0.78539816       2.602337003215174
       1.5791016       2.3561945       2.602337003215136

       1.6292318      0.78539816       2.686448566896679
       1.6292318       2.3561945       2.686448566896639

        1.679362      0.78539816       2.770687251502517
        1.679362       2.3561945       2.770687251502474

       1.7294922      0.78539816       2.855055275924992
       1.7294922       2.3561945       2.855055275924947

       1.7796224      0.78539816       2.939554751655931
       1.7796224       2.3561945       2.939554751655885

       1.8297526      0.78539816       3.024187679156553
       1.8297526       2.3561945       3.024187679156504

       1.8798828      0.78539816       3.108955944529578
       1.8798828       2.3561945       3.108955944529527

        1.930013      0.78539816       3.193861316477128
        1.930013       2.3561945       3.193861316477074

       1.9801432      0.78539816       3.278905443526705
       1.9801432       2.3561945       3.278905443526649

       2.0302734      0.78539816       3.364089851507893
       2.0302734       2.3561945       3.364089851507835

       2.0804036      0.78539816       3.449415941263383
       2.0804036       2.3561945       3.449415941263323

       2.1305339      0.78539816       3.534884986579176
       2.1305339       2.3561945       3.534884986579113

       2.1806641      0.78539816       3.620498132320177
       2.1806641       2.3561945       3.620498132320112

       2.2307943      0.78539816       3.706256392758694
       2.2307943       2.3561945       3.706256392758628

       2.2809245      0.78539816       3.792160650084581
       2.2809245       2.3561945       3.792160650084512

       2.3310547      0.78539816       3.878211653086858
       2.3310547       2.3561945       3.878211653086788

       2.3811849      0.78539816       3.964410015997648
       2.3811849       2.3561945       3.964410015997575

       2.4313151      0.78539816       4.050756217490098
       2.4313151       2.3561945       4.050756217490023

       2.4814453      0.78539816       4.137250599822735
       2.4814453       2.3561945       4.137250599822659

       2.5315755      0.78539816       4.223893368123326
       2.5315755       2.3561945       4.223893368123248

       2.5817057      0.78539816       4.310684589805893
       2.5817057       2.3561945       4.310684589805813

       2.6318359      0.78539816       4.397624194115014
       2.6318359       2.3561945       4.397624194114932

       2.6819661      0.78539816       4.484711971791944
       2.6819661       2.3561945       4.484711971791859

       2.7320964      0.78539816       4.571947574857473
       2.7320964       2.3561945       4.571947574857387

       2.7822266      0.78539816       4.659330516506742
       2.7822266       2.3561945       4.659330516506654

       2.8323568      0.78539816       4.746860171111498
       2.8323568       2.3561945       4.746860171111408

        2.882487      0.78539816       4.834535774325554
        2.882487       2.3561945       4.834535774325462

       2.9326172      0.78539816       4.922356423289385
       2.9326172       2.3561945       4.922356423289291

       2.9827474      0.78539816        5.01032107693002
       2.9827474       2.3561945       5.010321076929924

       3.0328776      0.78539816       5.098428556352543
       3.0328776       2.3561945       5.098428556352445

       3.0830078      0.78539816       5.186677545319688
       3.0830078       2.3561945       5.186677545319587

        3.133138      0.78539816       5.275066590816158
        3.133138       2.3561945       5.275066590816055

       3.1832682      0.78539816       5.363594103694443
       3.1832682       2.3561945       5.363594103694338

       3.2333984      0.78539816       5.452258359399029
       3.2333984       2.3561945       5.452258359398922

       3.2835286      0.78539816       5.541057498766037
       3.2835286       2.3561945       5.541057498765926

       3.3336589      0.78539816       5.629989528895438
       3.3336589       2.3561945       5.629989528895323

       3.3837891      0.78539816       5.719052324093124
       3.3837891       2.3561945       5.719052324093007

       3.4339193      0.78539816       5.808243626880224
       3.4339193       2.3561945       5.808243626880103

       3.4840495      0.78539816       5.897561049067169
       3.4840495       2.3561945       5.897561049067045

       3.5341797      0.78539816       5.987002072890151
       3.5341797       2.3561945       5.987002072890023

       3.5843099      0.78539816       6.076564052207702
       3.5843099       2.3561945        6.07656405220757

       3.6344401      0.78539816       6.166244213755267
       3.6344401       2.3561945        6.16624421375513

       3.6845703      0.78539816        6.25603965845574
       3.6845703       2.3561945       6.256039658455599

       3.7347005      0.78539816       6.345947362784073
       3.7347005       2.3561945       6.345947362783926

       3.7848307      0.78539816       6.435964180184154
       3.7848307       2.3561945       6.435964180184003

       3.8349609      0.78539816       6.526086842536317
       3.8349609       2.3561945        6.52608684253616

       3.8850911      0.78539816         6.6163119616739
       3.8850911       2.3561945       6.616311961673738

       3.9352214      0.78539816       6.706636030947458
       3.9352214       2.3561945        6.70663603094729

       3.9853516      0.78539816       6.797055426835281
       3.9853516       2.3561945       6.797055426835107

       4.0354818      0.78539816       6.887566410599064
       4.0354818       2.3561945       6.887566410598883

        4.085612      0.78539816       6.978165129983609
        4.085612       2.3561945       6.978165129983422

       4.1357422      0.78539816       7.068847620959634
       4.1357422       2.3561945        7.06884762095944

       4.1858724      0.78539816       7.159609809508808
       4.1858724       2.3561945       7.159609809508607

       4.2360026      0.78539816       7.250447513450295
       4.2360026       2.3561945       7.250447513450086

       4.2861328      0.78539816       7.341356444308153
       4.2861328       2.3561945       7.341356444307936

        4.336263      0.78539816       7.432332209219083
        4.336263       2.3561945       7.432332209218858

       4.3863932      0.78539816       7.523370312880084
       4.3863932       2.3561945       7.523370312879852

       4.4365234      0.78539816       7.614466159535701
       4.4365234       2.3561945       7.614466159535462

       4.4866536      0.78539816       7.705615055004621
       4.4866536       2.3561945       7.705615055004375

       4.5367839      0.78539816        7.79681220874546
       4.5367839       2.3561945       7.796812208745207

       4.5869141      0.78539816       7.888052735961696
       4.5869141       2.3561945       7.888052735961436

       4.6370443      0.78539816       7.979331659745736
       4.6370443       2.3561945       7.979331659745468

       4.6871745      0.78539816       8.070643913262206
       4.6871745       2.3561945       8.070643913261929

       4.7373047      0.78539816       8.161984341970596
       4.7373047       2.3561945       8.161984341970312

       4.7874349      0.78539816       8.253347705887478
       4.7874349       2.3561945       8.253347705887187

       4.8375651      0.78539816       8.344728681888503
       4.8375651       2.3561945       8.344728681888204

       4.8876953      0.78539816        8.43612186605049
       4.8876953       2.3561945       8.436121866050184

       4.9378255      0.78539816       8.527521776033897
       4.9378255       2.3561945       8.527521776033582

       4.9879557      0.78539816       8.618922853506016
       4.9879557       2.3561945       8.618922853505692

       5.0380859      0.78539816       8.710319466605242
       5.0380859       2.3561945       8.710319466604911

       5.0882161      0.78539816       8.801705912446751
       5.0882161       2.3561945       8.801705912446412

       5.1383464      0.78539816       8.893076419669923
       5.1383464       2.3561945       8.893076419669574

       5.1884766      0.78539816       8.984425151027843
       5.1884766       2.3561945       8.984425151027486

       5.2386068      0.78539816       9.075746206019174
       5.2386068       2.3561945       9.075746206018808

        5.288737      0.78539816       9.167033623562631
        5.288737       2.3561945       9.167033623562256

       5.3388672      0.78539816         9.2582813847143
       5.3388672       2.3561945       9.258281384713916

       5.3889974      0.78539816       9.349483415427924
       5.3889974       2.3561945       9.349483415427532

       5.4391276      0.78539816       9.440633589358239
       5.4391276       2.3561945       9.440633589357837

       5.4892578      0.78539816       9.531725730707365
       5.4892578       2.3561945       9.531725730706956

        5.539388      0.78539816        9.62275361711416
        5.539388       2.3561945       9.622753617113744

       5.5895182      0.78539816       9.713710982586344
       5.5895182       2.3561945       9.713710982585919

       5.6396484      0.78539816       9.804591520475094
       5.6396484       2.3561945       9.804591520474661

       5.6897786      0.78539816       9.895388886491714
       5.6897786       2.3561945       9.895388886491272

       5.7399089      0.78539816        9.98609670176581
       5.7399089       2.3561945        9.98609670176536

       5.7900391      0.78539816       10.07670855594433
       5.7900391       2.3561945       10.07670855594387

       5.8401693      0.78539816       10.16721801033059
       5.8401693       2.3561945       10.16721801033013

       5.8902995      0.78539816       10.25761860106246
       5.8902995       2.3561945       10.25761860106198

       5.9404297      0.78539816       10.34790384232835
       5.9404297       2.3561945       10.34790384232787

       5.9905599      0.78539816       10.43806722962001
       5.9905599       2.3561945       10.43806722961952

       6.0406901      0.78539816       10.52810224302046
       6.0406901       2.3561945       10.52810224301997

       6.0908203      0.78539816       10.61800235052556
       6.0908203       2.3561945       10.61800235052507

       6.1409505      0.78539816       10.70776101139741
       6.1409505       2.3561945       10.70776101139691

       6.1910807      0.78539816       10.79737167954759
       6.1910807       2.3561945       10.79737167954707

       6.2412109      0.78539816       10.88682780694815
       6.2412109       2.3561945       10.88682780694764

       6.2913411      0.78539816       10.97612284706809
       6.2913411       2.3561945       10.97612284706757

       6.3414714      0.78539816       11.06525025833266
       6.3414714       2.3561945       11.06525025833213

       6.3916016      0.78539816       11.15420350760307
       6.3916016       2.3561945       11.15420350760254

       6.4417318      0.78539816       11.24297607367365
       6.4417318       2.3561945       11.24297607367311

        6.491862      0.78539816       11.33156145078349
        6.491862       2.3561945       11.33156145078295

       6.5419922      0.78539816       11.41995315213945
       6.5419922       2.3561945        11.4199531521389

       6.5921224      0.78539816       11.50814471344724
       6.5921224       2.3561945       11.50814471344669

       6.6422526      0.78539816       11.59612969644713
       6.6422526       2.3561945       11.59612969644658

       6.6923828      0.78539816       11.68390169245073
       6.6923828       2.3561945       11.68390169245017

        6.742513      0.78539816       11.77145432587508
        6.742513       2.3561945       11.77145432587452

       6.7926432      0.78539816       11.85878125777034
       6.7926432       2.3561945       11.85878125776978

       6.8427734      0.78539816       11.94587618933708
       6.8427734       2.3561945       11.94587618933652

       6.8929036      0.78539816       12.03273286542916
       6.8929036       2.3561945       12.03273286542859

       6.9430339      0.78539816       12.11934507803815
       6.9430339       2.3561945       12.11934507803758

       6.9931641      0.78539816       12.20570666975509
       6.9931641       2.3561945       12.20570666975452

       7.0432943      0.78539816       12.29181153720538
       7.0432943       2.3561945       12.29181153720481

       7.0934245      0.78539816       12.37765363445259
       7.0934245       2.3561945       12.37765363445202

       7.1435547      0.78539816       12.46322697636682
       7.1435547       2.3561945       12.46322697636625

       7.1936849      0.78539816       12.54852564195346
       7.1936849       2.3561945       12.54852564195288

       7.2438151      0.78539816       12.63354377763788
       7.2438151       2.3561945        12.6335437776373

       7.2939453      0.78539816       12.71827560050207
       7.2939453       2.3561945       12.71827560050149

       7.3440755      0.78539816       12.80271540146872
       7.3440755       2.3561945       12.80271540146814

       7.3942057      0.78539816       12.88685754842877
       7.3942057       2.3561945       12.88685754842819

       7.4443359      0.78539816       12.97069648930827
       7.4443359       2.3561945       12.97069648930769

       7.4944661      0.78539816       13.05422675507056
       7.4944661       2.3561945       13.05422675506998

       7.5445964      0.78539816       13.13744296264982
       7.5445964       2.3561945       13.13744296264925

       7.5947266      0.78539816        13.2203398178123
       7.5947266       2.3561945       13.22033981781172

       7.6448568      0.78539816       13.30291211794137
       7.6448568       2.3561945        13.3029121179408

        7.694987      0.78539816       13.38515475474313
        7.694987       2.3561945       13.38515475474256

       7.7451172      0.78539816       13.46706271686891
       7.7451172       2.3561945       13.46706271686834

       7.7952474      0.78539816       13.54863109245174
       7.7952474       2.3561945       13.54863109245117

       7.8453776      0.78539816       13.62985507155349
       7.8453776       2.3561945       13.62985507155293

       7.8955078      0.78539816       13.71072994852008
       7.8955078       2.3561945       13.71072994851952

        7.945638      0.78539816        13.7912511242419
        7.945638       2.3561945       13.79125112424134

       7.9957682      0.78539816       13.87141410831715
       7.9957682       2.3561945       13.87141410831659

       8.0458984      0.78539816       13.95121452111574
       8.0458984       2.3561945       13.95121452111519

       8.0960286      0.78539816       14.03064809574182
       8.0960286       2.3561945       14.03064809574127

       8.1461589      0.78539816       14.10971067989311
       8.1461589       2.3561945       14.10971067989256

       8.1962891      0.78539816       14.18839823761538
       8.1962891       2.3561945       14.18839823761483

       8.2464193      0.78539816       14.26670685095089
       8.2464193       2.3561945       14.26670685095034

       8.2965495      0.78539816        14.3446327214795
       8.2965495       2.3561945       14.34463272147896

       8.3466797      0.78539816       14.42217217175168
       8.3466797       2.3561945       14.42217217175114

       8.3968099      0.78539816       14.49932164661268
       8.3968099       2.3561945       14.49932164661215

       8.4469401      0.78539816       14.57607771441747
       8.4469401       2.3561945       14.57607771441694

       8.4970703      0.78539816       14.65243706813626
       8.4970703       2.3561945       14.65243706813574

       8.5472005      0.78539816       14.72839652635055
       8.5472005       2.3561945       14.72839652635003

       8.5973307      0.78539816       14.80395303413993
       8.5973307       2.3561945       14.80395303413942

       8.6474609      0.78539816       14.87910366386023
       8.6474609       2.3561945       14.87910366385973

       8.6975911      0.78539816       14.95384561581344
       8.6975911       2.3561945       14.95384561581293

       8.7477214      0.78539816       15.02817621881035
       8.7477214       2.3561945       15.02817621880985

       8.7978516      0.78539816       15.10209293062707
       8.7978516       2.3561945       15.10209293062658

       8.8479818      0.78539816        15.1755933383564
       8.8479818       2.3561945       15.17559333835591

        8.898112      0.78539816       15.24867515865564
        8.898112       2.3561945       15.24867515865515

       8.9482422      0.78539816       15.32133623789233
       8.9482422       2.3561945       15.32133623789184

       8.9983724      0.78539816       15.39357455218963
       8.9983724       2.3561945       15.39357455218915

       9.0485026      0.78539816       15.46538820737329
       9.0485026       2.3561945       15.46538820737281

       9.0986328      0.78539816       15.53677543882201
       9.0986328       2.3561945       15.53677543882154

        9.148763      0.78539816        15.6077346112236
        9.148763       2.3561945       15.60773461122313

       9.1988932      0.78539816        15.6782642182389
       9.1988932       2.3561945       15.67826421823844

       9.2490234      0.78539816       15.74836288207605
       9.2490234       2.3561945        15.7483628820756

       9.2991536      0.78539816       15.81802935297736
       9.2991536       2.3561945       15.81802935297691

       9.3492839      0.78539816       15.88726250862143
       9.3492839       2.3561945       15.88726250862098

       9.3994141      0.78539816       15.95606135344305
       9.3994141       2.3561945        15.9560613534426

       9.4495443      0.78539816       16.02442501787363
       9.4495443       2.3561945       16.02442501787319

       9.4996745      0.78539816       16.09235275750477
       9.4996745       2.3561945       16.09235275750434

       9.5498047      0.78539816       16.15984395217777
       9.5498047       2.3561945       16.15984395217734

       9.5999349      0.78539816       16.22689810500195
       9.5999349       2.3561945       16.22689810500153

       9.6500651      0.78539816       16.29351484130448
       9.6500651       2.3561945       16.29351484130406

       9.7001953      0.78539816       16.35969390751464
       9.7001953       2.3561945       16.35969390751422

       9.7503255      0.78539816       16.42543516998531
       9.7503255       2.3561945       16.42543516998489

       9.8004557      0.78539816        16.4907386137546
       9.8004557       2.3561945       16.49073861375419

       9.8505859      0.78539816       16.55560434125033
       9.8505859       2.3561945       16.55560434124992

       9.9007161      0.78539816       16.62003257094031
       9.9007161       2.3561945        16.6200325709399

       9.9508464      0.78539816       16.68402363593113
       9.9508464       2.3561945       16.68402363593073

       10.000977      0.78539816        16.7475779825183
       10.000977       2.3561945       16.74757798251791

       10.051107      0.78539816        16.8106961686904
       10.051107       2.3561945          16.81069616869

       10.101237      0.78539816       16.87337886258995
       10.101237       2.3561945       16.87337886258955

       10.151367      0.78539816       16.93562684093371
       10.151367       2.3561945       16.93562684093332

       10.201497      0.78539816       16.99744098739495
       10.201497       2.3561945       16.99744098739455

       10.251628      0.78539816       17.05882229095021
       10.251628       2.3561945       17.05882229094983

       10.301758      0.78539816       17.11977184419318
       10.301758       2.3561945       17.11977184419279

       10.351888      0.78539816       17.18029084161786
       10.351888       2.3561945       17.18029084161748

       10.402018      0.78539816       17.24038057787372
       10.402018       2.3561945       17.24038057787333

       10.452148      0.78539816       17.30004244599479
       10.452148       2.3561945       17.30004244599441

       10.502279      0.78539816       17.35927793560526
       10.502279       2.3561945       17.35927793560488

       10.552409      0.78539816       17.41808863110343
       10.552409       2.3561945       17.41808863110305

       10.602539      0.78539816       17.47647620982638
       10.602539       2.3561945       17.47647620982601

       10.652669      0.78539816       17.53444244019727
       10.652669       2.3561945        17.5344424401969

       10.702799      0.78539816       17.59198917985677
       10.702799       2.3561945        17.5919891798564

        10.75293      0.78539816        17.6491183737818
        10.75293       2.3561945       17.64911837378143

        10.80306      0.78539816       17.70583205239439
        10.80306       2.3561945       17.70583205239402

        10.85319      0.78539816       17.76213232964702
        10.85319       2.3561945       17.76213232964665

        10.90332      0.78539816       17.81802140111806
        10.90332       2.3561945       17.81802140111769

       10.953451      0.78539816       17.87350154217794
       10.953451       2.3561945       17.87350154217757

       11.003581      0.78539816       17.92857510579556
       11.003581       2.3561945        17.9285751057952

       11.053711      0.78539816       17.98324452049691
       11.053711       2.3561945       17.98324452049654

       11.103841      0.78539816       18.03751229095422
       11.103841       2.3561945       18.03751229095386

       11.153971      0.78539816       18.09138099172889
       11.153971       2.3561945       18.09138099172853

       11.204102      0.78539816       18.14485325414381
       11.204102       2.3561945       18.14485325414346

       11.254232      0.78539816       18.19793181757038
       11.254232       2.3561945       18.19793181757003

       11.304362      0.78539816       18.25061951673005
       11.304362       2.3561945       18.25061951672971

       11.354492      0.78539816        18.3029189259803
       11.354492       2.3561945       18.30291892597995

       11.404622      0.78539816       18.35483293305352
       11.404622       2.3561945       18.35483293305317

       11.454753      0.78539816       18.40636618903601
       11.454753       2.3561945       18.40636618903566

       11.504883      0.78539816       18.45752000090643
       11.504883       2.3561945       18.45752000090609

       11.555013      0.78539816       18.50828965261067
       11.555013       2.3561945       18.50828965261033

       11.605143      0.78539816       18.55869607673552
       11.605143       2.3561945       18.55869607673518

       11.655273      0.78539816       18.60879380177994
       11.655273       2.3561945        18.6087938017796

       11.705404      0.78539816        18.6585763473575
       11.705404       2.3561945       18.65857634735717

       11.755534      0.78539816       18.70803684128741
       11.755534       2.3561945       18.70803684128708

       11.805664      0.78539816       18.75751018165036
       11.805664       2.3561945       18.75751018165003

       11.855794      0.78539816       18.80761959706938
       11.855794       2.3561945       18.80761959706905

       11.905924      0.78539816       18.85876653394836
       11.905924       2.3561945       18.85876653394803

       11.956055      0.78539816       18.91107055170991
       11.956055       2.3561945       18.91107055170959

       12.006185      0.78539816       18.96469890404527
       12.006185       2.3561945       18.96469890404495

       12.056315      0.78539816       19.01995029165391
       12.056315       2.3561945       19.01995029165359

       12.106445      0.78539816        19.0771123213641
       12.106445       2.3561945       19.07711232136379

       12.156576      0.78539816       19.13641843462851
       12.156576       2.3561945        19.1364184346282

       12.206706      0.78539816       19.19814459389062
       12.206706       2.3561945       19.19814459389032

       12.256836      0.78539816       19.26267325073463
       12.256836       2.3561945       19.26267325073433

       12.306966      0.78539816       19.33047892476459
       12.306966       2.3561945        19.3304789247643

       12.357096      0.78539816        19.4021064905921
       12.357096       2.3561945       19.40210649059181

       12.407227      0.78539816       19.47825149898881
       12.407227       2.3561945       19.47825149898852

       12.457357      0.78539816       19.55971197387175
       12.457357       2.3561945       19.55971197387147

       12.507487      0.78539816       19.64776331353053
       12.507487       2.3561945       19.64776331353025

       12.557617      0.78539816       19.74386770260599
       12.557617       2.3561945       19.74386770260572

       12.607747      0.78539816       19.84975873227186
       12.607747       2.3561945       19.84975873227159

       12.657878      0.78539816       19.97077077395375
       12.657878       2.3561945       19.97077077395348

       12.708008      0.78539816       20.11433010042371
       12.708008       2.3561945       20.11433010042347

       12.758138      0.78539816       20.22564134318064
       12.758138       2.3561945       20.22564134318028

       12.808268      0.78539816       20.45919907344672
       12.808268       2.3561945       20.45919907344645

       12.858398      0.78539816       20.69208376746504
       12.858398       2.3561945       20.69208376746485

       12.908529      0.78539816       20.87594181325121
       12.908529       2.3561945       20.87594181325106

       12.958659      0.78539816       21.01063173987008
       12.958659       2.3561945       21.01063173986994

       13.008789      0.78539816                    -nan
       13.008789       2.3561945                    -nan

