                0.078125      0.7853981633974483  -5.179842587834939e-07
                0.078125       2.356194490192345  -5.179842587834939e-07

                0.234375      0.7853981633974483   2.854779131446612e-08
                0.234375       2.356194490192345   2.854779131446612e-08

                0.390625      0.7853981633974483   1.956628735294845e-08
                0.390625       2.356194490192345   1.956628735294845e-08

                0.546875      0.7853981633974483   1.177823434222764e-08
                0.546875       2.356194490192345   1.177823434222764e-08

                0.703125      0.7853981633974483    6.37405768183174e-09
                0.703125       2.356194490192345    6.37405768183174e-09

                0.859375      0.7853981633974483   2.945119448009582e-09
                0.859375       2.356194490192345   2.945119448009582e-09

                1.015625      0.7853981633974483   1.203583950330374e-09
                1.015625       2.356194490192345   1.203583950330374e-09

                1.171875      0.7853981633974483     4.5421461880624e-10
                1.171875       2.356194490192345     4.5421461880624e-10

                1.328125      0.7853981633974483    1.61491092346475e-10
                1.328125       2.356194490192345    1.61491092346475e-10

                1.484375      0.7853981633974483   4.265281188280448e-11
                1.484375       2.356194490192345   4.265281188280448e-11

                1.640625      0.7853981633974483  -9.936562487042639e-12
                1.640625       2.356194490192345  -9.936562487042639e-12

                1.796875      0.7853981633974483  -3.050974951059079e-11
                1.796875       2.356194490192345  -3.050974951059079e-11

                1.953125      0.7853981633974483  -3.326831096399003e-11
                1.953125       2.356194490192345  -3.326831096399003e-11

                2.109375      0.7853981633974483  -2.805910542786418e-11
                2.109375       2.356194490192345  -2.805910542786418e-11

                2.265625      0.7853981633974483  -2.091395726358639e-11
                2.265625       2.356194490192345  -2.091395726358639e-11

                2.421875      0.7853981633974483  -1.469105387579271e-11
                2.421875       2.356194490192345  -1.469105387579271e-11

                2.578125      0.7853981633974483  -1.005564600903298e-11
                2.578125       2.356194490192345  -1.005564600903298e-11

                2.734375      0.7853981633974483  -6.868268758353806e-12
                2.734375       2.356194490192345  -6.868268758353806e-12

                2.890625      0.7853981633974483  -4.712648415821394e-12
                2.890625       2.356194490192345  -4.712648415821394e-12

                3.046875      0.7853981633974483  -3.251631020167115e-12
                3.046875       2.356194490192345  -3.251631020167115e-12

                3.203125      0.7853981633974483    -2.2952996290787e-12
                3.203125       2.356194490192345    -2.2952996290787e-12

                3.359375      0.7853981633974483   -1.66285382292489e-12
                3.359375       2.356194490192345   -1.66285382292489e-12

                3.515625      0.7853981633974483  -1.173540194144857e-12
                3.515625       2.356194490192345  -1.173540194144857e-12

                3.671875      0.7853981633974483  -8.880833225374777e-13
                3.671875       2.356194490192345  -8.880833225374777e-13

                3.828125      0.7853981633974483  -6.422170348540928e-13
                3.828125       2.356194490192345  -6.422170348540928e-13

                3.984375      0.7853981633974483  -4.837992080197301e-13
                3.984375       2.356194490192345  -4.837992080197301e-13

                4.140625      0.7853981633974483  -3.831097370318584e-13
                4.140625       2.356194490192345  -3.831097370318584e-13

                4.296875      0.7853981633974483  -2.986124341702285e-13
                4.296875       2.356194490192345  -2.986124341702285e-13

                4.453125      0.7853981633974483   -2.21034565379777e-13
                4.453125       2.356194490192345   -2.21034565379777e-13

                4.609375      0.7853981633974483  -1.953108674414641e-13
                4.609375       2.356194490192345  -1.953108674414641e-13

                4.765625      0.7853981633974483  -1.374494280249087e-13
                4.765625       2.356194490192345  -1.374494280249087e-13

                4.921875      0.7853981633974483  -8.173024391110423e-14
                4.921875       2.356194490192345  -8.173024391110423e-14

                5.078125      0.7853981633974483  -8.952282705344597e-14
                5.078125       2.356194490192345  -8.952282705344597e-14

                5.234375      0.7853981633974483  -7.590326903370364e-14
                5.234375       2.356194490192345  -7.590326903370364e-14

                5.390625      0.7853981633974483  -7.870110607640848e-14
                5.390625       2.356194490192345  -7.870110607640848e-14

                5.546875      0.7853981633974483  -4.976397959899441e-14
                5.546875       2.356194490192345  -4.976397959899441e-14

                5.703125      0.7853981633974483  -2.990139343001469e-14
                5.703125       2.356194490192345  -2.990139343001469e-14

                5.859375      0.7853981633974483  -4.199324712924319e-14
                5.859375       2.356194490192345  -4.199324712924319e-14

                6.015625      0.7853981633974483    -3.7303531730653e-14
                6.015625       2.356194490192345    -3.7303531730653e-14

                6.171875      0.7853981633974483  -2.677372096968101e-14
                6.171875       2.356194490192345  -2.677372096968101e-14

                6.328125      0.7853981633974483  -1.458613499182363e-15
                6.328125       2.356194490192345  -1.458613499182363e-15

                6.484375      0.7853981633974483   -3.44082595748182e-14
                6.484375       2.356194490192345   -3.44082595748182e-14

                6.640625      0.7853981633974483  -8.629414819947782e-15
                6.640625       2.356194490192345  -8.629414819947782e-15

                6.796875      0.7853981633974483  -1.364042928395443e-14
                6.796875       2.356194490192345  -1.364042928395443e-14

                6.953125      0.7853981633974483   3.437328733143152e-15
                6.953125       2.356194490192345   3.437328733143152e-15

                7.109375      0.7853981633974483    1.51779166316831e-14
                7.109375       2.356194490192345    1.51779166316831e-14

                7.265625      0.7853981633974483  -4.141856568169047e-14
                7.265625       2.356194490192345  -4.141856568169047e-14

                7.421875      0.7853981633974483    1.23040081433602e-14
                7.421875       2.356194490192345    1.23040081433602e-14

                7.578125      0.7853981633974483  -6.996588419408831e-15
                7.578125       2.356194490192345  -6.996588419408831e-15

                7.734375      0.7853981633974483    8.58617245126658e-15
                7.734375       2.356194490192345    8.58617245126658e-15

                7.890625      0.7853981633974483  -7.974766288863979e-15
                7.890625       2.356194490192345  -7.974766288863979e-15

                8.046875      0.7853981633974483  -2.382136077230947e-14
                8.046875       2.356194490192345  -2.382136077230947e-14

                8.203125      0.7853981633974483  -1.459657327316208e-14
                8.203125       2.356194490192345  -1.459657327316208e-14

                8.359375      0.7853981633974483  -4.523253442684312e-15
                8.359375       2.356194490192345  -4.523253442684312e-15

                8.515625      0.7853981633974483    1.72238456373093e-14
                8.515625       2.356194490192345    1.72238456373093e-14

                8.671875      0.7853981633974483  -5.451505782299241e-15
                8.671875       2.356194490192345  -5.451505782299241e-15

                8.828125      0.7853981633974483   6.847719409813673e-17
                8.828125       2.356194490192345   6.847719409813673e-17

                8.984375      0.7853981633974483  -2.190000033251856e-14
                8.984375       2.356194490192345  -2.190000033251856e-14

                9.140625      0.7853981633974483  -2.570423770906445e-15
                9.140625       2.356194490192345  -2.570423770906445e-15

                9.296875      0.7853981633974483  -5.707846559352697e-16
                9.296875       2.356194490192345  -5.707846559352697e-16

                9.453125      0.7853981633974483  -1.192400885324392e-14
                9.453125       2.356194490192345  -1.192400885324392e-14

                9.609375      0.7853981633974483  -1.391125447501211e-14
                9.609375       2.356194490192345  -1.391125447501211e-14

                9.765625      0.7853981633974483  -1.981081570384071e-14
                9.765625       2.356194490192345  -1.981081570384071e-14

                9.921875      0.7853981633974483   3.521456267392221e-15
                9.921875       2.356194490192345   3.521456267392221e-15

               10.078125      0.7853981633974483  -1.185196824447624e-14
               10.078125       2.356194490192345  -1.185196824447624e-14

               10.234375      0.7853981633974483    1.02790643746539e-14
               10.234375       2.356194490192345    1.02790643746539e-14

               10.390625      0.7853981633974483  -1.814495659542828e-14
               10.390625       2.356194490192345  -1.814495659542828e-14

               10.546875      0.7853981633974483   2.104157253148392e-15
               10.546875       2.356194490192345   2.104157253148392e-15

               10.703125      0.7853981633974483  -5.931262692599067e-15
               10.703125       2.356194490192345  -5.931262692599067e-15

               10.859375      0.7853981633974483  -1.161405104944794e-14
               10.859375       2.356194490192345  -1.161405104944794e-14

               11.015625      0.7853981633974483  -1.054841845636571e-14
               11.015625       2.356194490192345  -1.054841845636571e-14

               11.171875      0.7853981633974483  -1.446273333446962e-14
               11.171875       2.356194490192345  -1.446273333446962e-14

               11.328125      0.7853981633974483   -2.85705788308916e-14
               11.328125       2.356194490192345   -2.85705788308916e-14

               11.484375      0.7853981633974483   1.362009878531922e-14
               11.484375       2.356194490192345   1.362009878531922e-14

               11.640625      0.7853981633974483   1.880403185924592e-15
               11.640625       2.356194490192345   1.880403185924592e-15

               11.796875      0.7853981633974483  -9.913234113752547e-15
               11.796875       2.356194490192345  -9.913234113752547e-15

               11.953125      0.7853981633974483   4.925934267743832e-15
               11.953125       2.356194490192345   4.925934267743832e-15

               12.109375      0.7853981633974483  -1.607130599702315e-14
               12.109375       2.356194490192345  -1.607130599702315e-14

               12.265625      0.7853981633974483   2.427820292179392e-14
               12.265625       2.356194490192345   2.427820292179392e-14

               12.421875      0.7853981633974483   9.163315742177857e-15
               12.421875       2.356194490192345   9.163315742177857e-15

               12.578125      0.7853981633974483   7.541292671227153e-16
               12.578125       2.356194490192345   7.541292671227153e-16

               12.734375      0.7853981633974483  -1.612830324524638e-14
               12.734375       2.356194490192345  -1.612830324524638e-14

               12.890625      0.7853981633974483   6.118943862376984e-15
               12.890625       2.356194490192345   6.118943862376984e-15

               13.046875      0.7853981633974483   7.454467885277473e-15
               13.046875       2.356194490192345   7.454467885277473e-15

               13.203125      0.7853981633974483  -1.057967768616035e-14
               13.203125       2.356194490192345  -1.057967768616035e-14

               13.359375      0.7853981633974483  -8.417507939487055e-15
               13.359375       2.356194490192345  -8.417507939487055e-15

               13.515625      0.7853981633974483   7.511530010083435e-15
               13.515625       2.356194490192345   7.511530010083435e-15

               13.671875      0.7853981633974483   1.937326831969384e-14
               13.671875       2.356194490192345   1.937326831969384e-14

               13.828125      0.7853981633974483  -2.690163321357337e-14
               13.828125       2.356194490192345  -2.690163321357337e-14

               13.984375      0.7853981633974483  -1.099587724186211e-14
               13.984375       2.356194490192345  -1.099587724186211e-14

               14.140625      0.7853981633974483   1.022417844623428e-14
               14.140625       2.356194490192345   1.022417844623428e-14

               14.296875      0.7853981633974483   1.371862590980707e-14
               14.296875       2.356194490192345   1.371862590980707e-14

               14.453125      0.7853981633974483  -1.653103188529018e-14
               14.453125       2.356194490192345  -1.653103188529018e-14

               14.609375      0.7853981633974483  -1.352631153598212e-14
               14.609375       2.356194490192345  -1.352631153598212e-14

               14.765625      0.7853981633974483  -7.252584366834794e-16
               14.765625       2.356194490192345  -7.252584366834794e-16

               14.921875      0.7853981633974483  -1.680331709639183e-14
               14.921875       2.356194490192345  -1.680331709639183e-14

               15.078125      0.7853981633974483   1.939190219541059e-14
               15.078125       2.356194490192345   1.939190219541059e-14

               15.234375      0.7853981633974483   1.136515753219381e-15
               15.234375       2.356194490192345   1.136515753219381e-15

               15.390625      0.7853981633974483  -2.494958461356615e-14
               15.390625       2.356194490192345  -2.494958461356615e-14

               15.546875      0.7853981633974483  -4.778166111003706e-15
               15.546875       2.356194490192345  -4.778166111003706e-15

               15.703125      0.7853981633974483   6.294065322738784e-15
               15.703125       2.356194490192345   6.294065322738784e-15

               15.859375      0.7853981633974483   7.611835593794646e-15
               15.859375       2.356194490192345   7.611835593794646e-15

               16.015625      0.7853981633974483   1.016345364673963e-14
               16.015625       2.356194490192345   1.016345364673963e-14

               16.171875      0.7853981633974483   2.288375564033143e-14
               16.171875       2.356194490192345   2.288375564033143e-14

               16.328125      0.7853981633974483  -3.491217312835341e-14
               16.328125       2.356194490192345  -3.491217312835341e-14

               16.484375      0.7853981633974483   7.803263388821615e-15
               16.484375       2.356194490192345   7.803263388821615e-15

               16.640625      0.7853981633974483  -2.128375769243653e-15
               16.640625       2.356194490192345  -2.128375769243653e-15

               16.796875      0.7853981633974483   5.588690247346989e-15
               16.796875       2.356194490192345   5.588690247346989e-15

               16.953125      0.7853981633974483    1.08286484311941e-15
               16.953125       2.356194490192345    1.08286484311941e-15

               17.109375      0.7853981633974483   2.058080312812844e-15
               17.109375       2.356194490192345   2.058080312812844e-15

               17.265625      0.7853981633974483   9.670444265742217e-16
               17.265625       2.356194490192345   9.670444265742217e-16

               17.421875      0.7853981633974483  -1.952717299108162e-14
               17.421875       2.356194490192345  -1.952717299108162e-14

               17.578125      0.7853981633974483   2.719718179051155e-15
               17.578125       2.356194490192345   2.719718179051155e-15

               17.734375      0.7853981633974483  -1.182266796407418e-14
               17.734375       2.356194490192345  -1.182266796407418e-14

               17.890625      0.7853981633974483   1.178743462484947e-14
               17.890625       2.356194490192345   1.178743462484947e-14

               18.046875      0.7853981633974483   2.227596443889709e-14
               18.046875       2.356194490192345   2.227596443889709e-14

               18.203125      0.7853981633974483    2.04215297170755e-14
               18.203125       2.356194490192345    2.04215297170755e-14

               18.359375      0.7853981633974483   3.022090250346895e-14
               18.359375       2.356194490192345   3.022090250346895e-14

               18.515625      0.7853981633974483   9.527004477729738e-15
               18.515625       2.356194490192345   9.527004477729738e-15

               18.671875      0.7853981633974483   1.404984177640808e-14
               18.671875       2.356194490192345   1.404984177640808e-14

               18.828125      0.7853981633974483  -9.750935721397468e-15
               18.828125       2.356194490192345  -9.750935721397468e-15

               18.984375      0.7853981633974483   2.696915083417246e-14
               18.984375       2.356194490192345   2.696915083417246e-14

               19.140625      0.7853981633974483  -1.348320739538513e-14
               19.140625       2.356194490192345  -1.348320739538513e-14

               19.296875      0.7853981633974483  -7.806130896855404e-15
               19.296875       2.356194490192345  -7.806130896855404e-15

               19.453125      0.7853981633974483   5.539760224605726e-16
               19.453125       2.356194490192345   5.539760224605726e-16

               19.609375      0.7853981633974483    8.10378011706538e-15
               19.609375       2.356194490192345    8.10378011706538e-15

               19.765625      0.7853981633974483   7.283889088254396e-15
               19.765625       2.356194490192345   7.283889088254396e-15

               19.921875      0.7853981633974483   1.634831587375656e-14
               19.921875       2.356194490192345   1.634831587375656e-14

               20.078125      0.7853981633974483                       0
               20.078125       2.356194490192345                       0

               20.234375      0.7853981633974483                       0
               20.234375       2.356194490192345                       0

               20.390625      0.7853981633974483                       0
               20.390625       2.356194490192345                       0

               20.546875      0.7853981633974483                       0
               20.546875       2.356194490192345                       0

