             0.030078125      0.7853981633974483    -0.04016755119561921
             0.030078125       2.356194490192345    -0.04016755119561921

     0.09023437500000001      0.7853981633974483    0.001039293535971098
     0.09023437500000001       2.356194490192345    0.001039293535971098

             0.150390625      0.7853981633974483  -7.796206561039298e-05
             0.150390625       2.356194490192345  -7.796206561039298e-05

             0.210546875      0.7853981633974483   -0.000268239896408673
             0.210546875       2.356194490192345   -0.000268239896408673

             0.270703125      0.7853981633974483   -0.000216032336011196
             0.270703125       2.356194490192345   -0.000216032336011196

             0.330859375      0.7853981633974483  -6.192769549517863e-05
             0.330859375       2.356194490192345  -6.192769549517863e-05

             0.391015625      0.7853981633974483   3.721217540331168e-05
             0.391015625       2.356194490192345   3.721217540331168e-05

             0.451171875      0.7853981633974483   6.826474441723462e-05
             0.451171875       2.356194490192345   6.826474441723462e-05

             0.511328125      0.7853981633974483   6.221774013948078e-05
             0.511328125       2.356194490192345   6.221774013948078e-05

             0.571484375      0.7853981633974483    4.45275641240972e-05
             0.571484375       2.356194490192345    4.45275641240972e-05

      0.6316406250000001      0.7853981633974483   2.750600312473317e-05
      0.6316406250000001       2.356194490192345   2.750600312473317e-05

             0.691796875      0.7853981633974483   1.497589192700488e-05
             0.691796875       2.356194490192345   1.497589192700488e-05

             0.751953125      0.7853981633974483   6.973798337972514e-06
             0.751953125       2.356194490192345   6.973798337972514e-06

             0.812109375      0.7853981633974483   2.371438979797968e-06
             0.812109375       2.356194490192345   2.371438979797968e-06

             0.872265625      0.7853981633974483  -1.659431195233374e-08
             0.872265625       2.356194490192345  -1.659431195233374e-08

      0.9324218750000001      0.7853981633974483  -1.094155361799909e-06
      0.9324218750000001       2.356194490192345  -1.094155361799909e-06

             0.992578125      0.7853981633974483  -1.457956375988667e-06
             0.992578125       2.356194490192345  -1.457956375988667e-06

             1.052734375      0.7853981633974483  -1.467348348792308e-06
             1.052734375       2.356194490192345  -1.467348348792308e-06

             1.112890625      0.7853981633974483  -1.323235863281286e-06
             1.112890625       2.356194490192345  -1.323235863281286e-06

             1.173046875      0.7853981633974483  -1.129888301778376e-06
             1.173046875       2.356194490192345  -1.129888301778376e-06

             1.233203125      0.7853981633974483  -9.366602364488386e-07
             1.233203125       2.356194490192345  -9.366602364488386e-07

             1.293359375      0.7853981633974483  -7.637306583350295e-07
             1.293359375       2.356194490192345  -7.637306583350295e-07

             1.353515625      0.7853981633974483  -6.169141430370333e-07
             1.353515625       2.356194490192345  -6.169141430370333e-07

             1.413671875      0.7853981633974483  -4.956367452230506e-07
             1.413671875       2.356194490192345  -4.956367452230506e-07

             1.473828125      0.7853981633974483  -3.969393315391475e-07
             1.473828125       2.356194490192345  -3.969393315391475e-07

             1.533984375      0.7853981633974483  -3.173083899411376e-07
             1.533984375       2.356194490192345  -3.173083899411376e-07

             1.594140625      0.7853981633974483  -2.534216331532494e-07
             1.594140625       2.356194490192345  -2.534216331532494e-07

             1.654296875      0.7853981633974483  -2.023789126921256e-07
             1.654296875       2.356194490192345  -2.023789126921256e-07

             1.714453125      0.7853981633974483  -1.617346153263207e-07
             1.714453125       2.356194490192345  -1.617346153263207e-07

             1.774609375      0.7853981633974483  -1.294555570107258e-07
             1.774609375       2.356194490192345  -1.294555570107258e-07

             1.834765625      0.7853981633974483  -1.038665029009566e-07
             1.834765625       2.356194490192345  -1.038665029009566e-07

             1.894921875      0.7853981633974483  -8.359812812652758e-08
             1.894921875       2.356194490192345  -8.359812812652758e-08

             1.955078125      0.7853981633974483  -6.754025198037985e-08
             1.955078125       2.356194490192345  -6.754025198037985e-08

             2.015234375      0.7853981633974483  -5.480101251273208e-08
             2.015234375       2.356194490192345  -5.480101251273208e-08

             2.075390625      0.7853981633974483  -4.467034593972998e-08
             2.075390625       2.356194490192345  -4.467034593972998e-08

             2.135546875      0.7853981633974483  -3.658869789649157e-08
             2.135546875       2.356194490192345  -3.658869789649157e-08

             2.195703125      0.7853981633974483  -3.011564224998202e-08
             2.195703125       2.356194490192345  -3.011564224998202e-08

             2.255859375      0.7853981633974483  -2.490883824303345e-08
             2.255859375       2.356194490192345  -2.490883824303345e-08

             2.316015625      0.7853981633974483  -2.070074979590422e-08
             2.316015625       2.356194490192345  -2.070074979590422e-08

             2.376171875      0.7853981633974483  -1.728265294299942e-08
             2.376171875       2.356194490192345  -1.728265294299942e-08

             2.436328125      0.7853981633974483  -1.449405210419349e-08
             2.436328125       2.356194490192345  -1.449405210419349e-08

             2.496484375      0.7853981633974483  -1.220704961069876e-08
             2.496484375       2.356194490192345  -1.220704961069876e-08

             2.556640625      0.7853981633974483  -1.032292869499996e-08
             2.556640625       2.356194490192345  -1.032292869499996e-08

             2.616796875      0.7853981633974483  -8.763982053486945e-09
             2.616796875       2.356194490192345  -8.763982053486945e-09

             2.676953125      0.7853981633974483  -7.468235412992893e-09
             2.676953125       2.356194490192345  -7.468235412992893e-09

             2.737109375      0.7853981633974483  -6.386613034048232e-09
             2.737109375       2.356194490192345  -6.386613034048232e-09

             2.797265625      0.7853981633974483  -5.480530258001376e-09
             2.797265625       2.356194490192345  -5.480530258001376e-09

             2.857421875      0.7853981633974483  -4.718534014739695e-09
             2.857421875       2.356194490192345  -4.718534014739695e-09

             2.917578125      0.7853981633974483  -4.075115492360126e-09
             2.917578125       2.356194490192345  -4.075115492360126e-09

             2.977734375      0.7853981633974483  -3.530236258636089e-09
             2.977734375       2.356194490192345  -3.530236258636089e-09

             3.037890625      0.7853981633974483  -3.066827594817744e-09
             3.037890625       2.356194490192345  -3.066827594817744e-09

             3.098046875      0.7853981633974483  -2.671658213541407e-09
             3.098046875       2.356194490192345  -2.671658213541407e-09

             3.158203125      0.7853981633974483  -2.333638714461243e-09
             3.158203125       2.356194490192345  -2.333638714461243e-09

             3.218359375      0.7853981633974483  -2.043752385544951e-09
             3.218359375       2.356194490192345  -2.043752385544951e-09

             3.278515625      0.7853981633974483  -1.794059707065683e-09
             3.278515625       2.356194490192345  -1.794059707065683e-09

             3.338671875      0.7853981633974483  -1.578846518817419e-09
             3.338671875       2.356194490192345  -1.578846518817419e-09

             3.398828125      0.7853981633974483  -1.392434034666325e-09
             3.398828125       2.356194490192345  -1.392434034666325e-09

             3.458984375      0.7853981633974483  -1.230909478559158e-09
             3.458984375       2.356194490192345  -1.230909478559158e-09

             3.519140625      0.7853981633974483   -1.09049112546105e-09
             3.519140625       2.356194490192345   -1.09049112546105e-09

             3.579296875      0.7853981633974483  -9.678327374642095e-10
             3.579296875       2.356194490192345  -9.678327374642095e-10

             3.639453125      0.7853981633974483  -8.609085729391474e-10
             3.639453125       2.356194490192345  -8.609085729391474e-10

             3.699609375      0.7853981633974483  -7.672095077242428e-10
             3.699609375       2.356194490192345  -7.672095077242428e-10

             3.759765625      0.7853981633974483   -6.84978303243651e-10
             3.759765625       2.356194490192345   -6.84978303243651e-10

             3.819921875      0.7853981633974483  -6.127554162358047e-10
             3.819921875       2.356194490192345  -6.127554162358047e-10

             3.880078125      0.7853981633974483  -5.490441469523994e-10
             3.880078125       2.356194490192345  -5.490441469523994e-10

             3.940234375      0.7853981633974483  -4.926021812678882e-10
             3.940234375       2.356194490192345  -4.926021812678882e-10

       4.000390625000001      0.7853981633974483  -4.429557380614105e-10
       4.000390625000001       2.356194490192345  -4.429557380614105e-10

             4.060546875      0.7853981633974483  -3.986869968088078e-10
             4.060546875       2.356194490192345  -3.986869968088078e-10

             4.120703125      0.7853981633974483  -3.595869885980842e-10
             4.120703125       2.356194490192345  -3.595869885980842e-10

             4.180859375      0.7853981633974483  -3.247742477315326e-10
             4.180859375       2.356194490192345  -3.247742477315326e-10

             4.241015625      0.7853981633974483  -2.937296465083117e-10
             4.241015625       2.356194490192345  -2.937296465083117e-10

       4.301171875000001      0.7853981633974483  -2.660570504225135e-10
       4.301171875000001       2.356194490192345  -2.660570504225135e-10

             4.361328125      0.7853981633974483  -2.414808326095227e-10
             4.361328125       2.356194490192345  -2.414808326095227e-10

             4.421484375      0.7853981633974483  -2.190489820780295e-10
             4.421484375       2.356194490192345  -2.190489820780295e-10

             4.481640625      0.7853981633974483  -1.994367636347934e-10
             4.481640625       2.356194490192345  -1.994367636347934e-10

             4.541796875      0.7853981633974483   -1.81373874252877e-10
             4.541796875       2.356194490192345   -1.81373874252877e-10

       4.601953125000001      0.7853981633974483  -1.654678113277575e-10
       4.601953125000001       2.356194490192345  -1.654678113277575e-10

             4.662109375      0.7853981633974483  -1.509981202574284e-10
             4.662109375       2.356194490192345  -1.509981202574284e-10

             4.722265625      0.7853981633974483  -1.382177424270752e-10
             4.722265625       2.356194490192345  -1.382177424270752e-10

             4.782421875      0.7853981633974483  -1.264718584835971e-10
             4.782421875       2.356194490192345  -1.264718584835971e-10

             4.842578125      0.7853981633974483  -1.157637950852781e-10
             4.842578125       2.356194490192345  -1.157637950852781e-10

       4.902734375000001      0.7853981633974483  -1.061130541074595e-10
       4.902734375000001       2.356194490192345  -1.061130541074595e-10

             4.962890625      0.7853981633974483  -9.745828549834842e-11
             4.962890625       2.356194490192345  -9.745828549834842e-11

             5.023046875      0.7853981633974483  -8.955189281095732e-11
             5.023046875       2.356194490192345  -8.955189281095732e-11

             5.083203125      0.7853981633974483  -8.247028886757453e-11
             5.083203125       2.356194490192345  -8.247028886757453e-11

             5.143359375      0.7853981633974483   -7.56613978286029e-11
             5.143359375       2.356194490192345   -7.56613978286029e-11

       5.203515625000001      0.7853981633974483  -6.989915523843836e-11
       5.203515625000001       2.356194490192345  -6.989915523843836e-11

             5.263671875      0.7853981633974483  -6.438407099129684e-11
             5.263671875       2.356194490192345  -6.438407099129684e-11

             5.323828125      0.7853981633974483  -5.933583919343066e-11
             5.323828125       2.356194490192345  -5.933583919343066e-11

             5.383984375      0.7853981633974483  -5.514797315188602e-11
             5.383984375       2.356194490192345  -5.514797315188602e-11

             5.444140625      0.7853981633974483  -5.080597341284114e-11
             5.444140625       2.356194490192345  -5.080597341284114e-11

       5.504296875000001      0.7853981633974483  -4.713268701876401e-11
       5.504296875000001       2.356194490192345  -4.713268701876401e-11

             5.564453125      0.7853981633974483  -4.353879930196758e-11
             5.564453125       2.356194490192345  -4.353879930196758e-11

             5.624609375      0.7853981633974483  -4.057050181915933e-11
             5.624609375       2.356194490192345  -4.057050181915933e-11

             5.684765625      0.7853981633974483  -3.745814316852502e-11
             5.684765625       2.356194490192345  -3.745814316852502e-11

             5.744921875      0.7853981633974483  -3.487863123319279e-11
             5.744921875       2.356194490192345  -3.487863123319279e-11

       5.805078125000001      0.7853981633974483  -3.226726351390763e-11
       5.805078125000001       2.356194490192345  -3.226726351390763e-11

             5.865234375      0.7853981633974483  -3.010972027261971e-11
             5.865234375       2.356194490192345  -3.010972027261971e-11

             5.925390625      0.7853981633974483  -2.814783545408049e-11
             5.925390625       2.356194490192345  -2.814783545408049e-11

             5.985546875      0.7853981633974483  -2.586091930878442e-11
             5.985546875       2.356194490192345  -2.586091930878442e-11

             6.045703125      0.7853981633974483  -2.433188719952462e-11
             6.045703125       2.356194490192345  -2.433188719952462e-11

       6.105859375000001      0.7853981633974483  -2.283509492606584e-11
       6.105859375000001       2.356194490192345  -2.283509492606584e-11

             6.166015625      0.7853981633974483  -2.109858164914269e-11
             6.166015625       2.356194490192345  -2.109858164914269e-11

             6.226171875      0.7853981633974483  -1.974706422686046e-11
             6.226171875       2.356194490192345  -1.974706422686046e-11

             6.286328125      0.7853981633974483  -1.844775914716886e-11
             6.286328125       2.356194490192345  -1.844775914716886e-11

             6.346484375      0.7853981633974483  -1.750739874253893e-11
             6.346484375       2.356194490192345  -1.750739874253893e-11

       6.406640625000001      0.7853981633974483  -1.635786480978055e-11
       6.406640625000001       2.356194490192345  -1.635786480978055e-11

             6.466796875      0.7853981633974483  -1.511885148325343e-11
             6.466796875       2.356194490192345  -1.511885148325343e-11

             6.526953125      0.7853981633974483  -1.410219814187985e-11
             6.526953125       2.356194490192345  -1.410219814187985e-11

             6.587109375      0.7853981633974483  -1.331809402344009e-11
             6.587109375       2.356194490192345  -1.331809402344009e-11

             6.647265625      0.7853981633974483  -1.259339003168158e-11
             6.647265625       2.356194490192345  -1.259339003168158e-11

       6.707421875000001      0.7853981633974483  -1.175252061331064e-11
       6.707421875000001       2.356194490192345  -1.175252061331064e-11

             6.767578125      0.7853981633974483    -1.0914916382111e-11
             6.767578125       2.356194490192345    -1.0914916382111e-11

             6.827734375      0.7853981633974483  -1.039859040888325e-11
             6.827734375       2.356194490192345  -1.039859040888325e-11

             6.887890625      0.7853981633974483  -9.495860647653382e-12
             6.887890625       2.356194490192345  -9.495860647653382e-12

             6.948046875      0.7853981633974483  -9.184868577510885e-12
             6.948046875       2.356194490192345  -9.184868577510885e-12

       7.008203125000001      0.7853981633974483  -8.553973444129482e-12
       7.008203125000001       2.356194490192345  -8.553973444129482e-12

             7.068359375      0.7853981633974483  -8.061172281236053e-12
             7.068359375       2.356194490192345  -8.061172281236053e-12

             7.128515625      0.7853981633974483  -7.677069049916163e-12
             7.128515625       2.356194490192345  -7.677069049916163e-12

             7.188671875      0.7853981633974483  -7.441517020645438e-12
             7.188671875       2.356194490192345  -7.441517020645438e-12

             7.248828125      0.7853981633974483  -6.944446138446354e-12
             7.248828125       2.356194490192345  -6.944446138446354e-12

       7.308984375000001      0.7853981633974483  -6.334593873752459e-12
       7.308984375000001       2.356194490192345  -6.334593873752459e-12

             7.369140625      0.7853981633974483  -6.102564200499705e-12
             7.369140625       2.356194490192345  -6.102564200499705e-12

             7.429296875      0.7853981633974483  -5.562853563206849e-12
             7.429296875       2.356194490192345  -5.562853563206849e-12

             7.489453125      0.7853981633974483   -5.64523515302714e-12
             7.489453125       2.356194490192345   -5.64523515302714e-12

             7.549609375      0.7853981633974483   -5.03515678911145e-12
             7.549609375       2.356194490192345   -5.03515678911145e-12

       7.609765625000001      0.7853981633974483  -4.712629592118489e-12
       7.609765625000001       2.356194490192345  -4.712629592118489e-12

             7.669921875      0.7853981633974483   -4.58888244243838e-12
             7.669921875       2.356194490192345   -4.58888244243838e-12

             7.730078125      0.7853981633974483  -4.330978221692833e-12
             7.730078125       2.356194490192345  -4.330978221692833e-12

             7.790234375      0.7853981633974483  -4.271390316099022e-12
             7.790234375       2.356194490192345  -4.271390316099022e-12

             7.850390625      0.7853981633974483   -3.74122846417968e-12
             7.850390625       2.356194490192345   -3.74122846417968e-12

       7.910546875000001      0.7853981633974483  -3.706578880630085e-12
       7.910546875000001       2.356194490192345  -3.706578880630085e-12

             7.970703125      0.7853981633974483  -3.354609558886557e-12
             7.970703125       2.356194490192345  -3.354609558886557e-12

             8.030859375      0.7853981633974483  -3.482228060401724e-12
             8.030859375       2.356194490192345  -3.482228060401724e-12

       8.091015625000001      0.7853981633974483  -3.136644439014723e-12
       8.091015625000001       2.356194490192345  -3.136644439014723e-12

       8.151171875000001      0.7853981633974483  -3.007017161313352e-12
       8.151171875000001       2.356194490192345  -3.007017161313352e-12

             8.211328125      0.7853981633974483  -2.608008644114368e-12
             8.211328125       2.356194490192345  -2.608008644114368e-12

             8.271484375      0.7853981633974483  -2.920092522700077e-12
             8.271484375       2.356194490192345  -2.920092522700077e-12

             8.331640625      0.7853981633974483  -2.353986302235612e-12
             8.331640625       2.356194490192345  -2.353986302235612e-12

       8.391796875000001      0.7853981633974483  -2.286140803307301e-12
       8.391796875000001       2.356194490192345  -2.286140803307301e-12

       8.451953125000001      0.7853981633974483  -2.484458385548782e-12
       8.451953125000001       2.356194490192345  -2.484458385548782e-12

             8.512109375      0.7853981633974483  -2.196451421330395e-12
             8.512109375       2.356194490192345  -2.196451421330395e-12

             8.572265625      0.7853981633974483  -2.259755316896817e-12
             8.572265625       2.356194490192345  -2.259755316896817e-12

             8.632421875      0.7853981633974483  -1.880915779031711e-12
             8.632421875       2.356194490192345  -1.880915779031711e-12

       8.692578125000001      0.7853981633974483  -1.934859591848265e-12
       8.692578125000001       2.356194490192345  -1.934859591848265e-12

       8.752734375000001      0.7853981633974483  -1.890792860823054e-12
       8.752734375000001       2.356194490192345  -1.890792860823054e-12

             8.812890625      0.7853981633974483  -1.737457833855816e-12
             8.812890625       2.356194490192345  -1.737457833855816e-12

             8.873046875      0.7853981633974483  -1.441684011754818e-12
             8.873046875       2.356194490192345  -1.441684011754818e-12

             8.933203125      0.7853981633974483  -1.646447853728717e-12
             8.933203125       2.356194490192345  -1.646447853728717e-12

       8.993359375000001      0.7853981633974483  -1.462704814081386e-12
       8.993359375000001       2.356194490192345  -1.462704814081386e-12

       9.053515625000001      0.7853981633974483  -1.476229945576724e-12
       9.053515625000001       2.356194490192345  -1.476229945576724e-12

             9.113671875      0.7853981633974483  -1.555881942380544e-12
             9.113671875       2.356194490192345  -1.555881942380544e-12

             9.173828125      0.7853981633974483  -1.201919206522684e-12
             9.173828125       2.356194490192345  -1.201919206522684e-12

             9.233984375      0.7853981633974483  -1.426612951035966e-12
             9.233984375       2.356194490192345  -1.426612951035966e-12

       9.294140625000001      0.7853981633974483  -1.049946371164956e-12
       9.294140625000001       2.356194490192345  -1.049946371164956e-12

       9.354296875000001      0.7853981633974483  -1.178352988101539e-12
       9.354296875000001       2.356194490192345  -1.178352988101539e-12

             9.414453125      0.7853981633974483  -1.004621949865503e-12
             9.414453125       2.356194490192345  -1.004621949865503e-12

             9.474609375      0.7853981633974483  -9.823248985074695e-13
             9.474609375       2.356194490192345  -9.823248985074695e-13

             9.534765625      0.7853981633974483  -1.031629118084777e-12
             9.534765625       2.356194490192345  -1.031629118084777e-12

       9.594921875000001      0.7853981633974483  -1.058541638202633e-12
       9.594921875000001       2.356194490192345  -1.058541638202633e-12

       9.655078125000001      0.7853981633974483  -1.024827301180706e-12
       9.655078125000001       2.356194490192345  -1.024827301180706e-12

             9.715234375      0.7853981633974483  -5.899550596308312e-13
             9.715234375       2.356194490192345  -5.899550596308312e-13

             9.775390625      0.7853981633974483  -7.488246134279564e-13
             9.775390625       2.356194490192345  -7.488246134279564e-13

             9.835546875      0.7853981633974483  -9.176180865502759e-13
             9.835546875       2.356194490192345  -9.176180865502759e-13

       9.895703125000001      0.7853981633974483   -8.81014879106079e-13
       9.895703125000001       2.356194490192345   -8.81014879106079e-13

       9.955859375000001      0.7853981633974483  -7.591519643815325e-13
       9.955859375000001       2.356194490192345  -7.591519643815325e-13

            10.016015625      0.7853981633974483  -8.406032432692897e-13
            10.016015625       2.356194490192345  -8.406032432692897e-13

            10.076171875      0.7853981633974483  -8.226561792890053e-13
            10.076171875       2.356194490192345  -8.226561792890053e-13

            10.136328125      0.7853981633974483  -6.105042686666007e-13
            10.136328125       2.356194490192345  -6.105042686666007e-13

            10.196484375      0.7853981633974483   -7.35835115036707e-13
            10.196484375       2.356194490192345   -7.35835115036707e-13

            10.256640625      0.7853981633974483  -6.501690462054621e-13
            10.256640625       2.356194490192345  -6.501690462054621e-13

            10.316796875      0.7853981633974483  -6.480383368971075e-13
            10.316796875       2.356194490192345  -6.480383368971075e-13

            10.376953125      0.7853981633974483  -4.864640018053474e-13
            10.376953125       2.356194490192345  -4.864640018053474e-13

            10.437109375      0.7853981633974483  -5.629037817464488e-13
            10.437109375       2.356194490192345  -5.629037817464488e-13

            10.497265625      0.7853981633974483  -5.233788926626275e-13
            10.497265625       2.356194490192345  -5.233788926626275e-13

            10.557421875      0.7853981633974483  -6.552602314763963e-13
            10.557421875       2.356194490192345  -6.552602314763963e-13

            10.617578125      0.7853981633974483  -4.544535320977205e-13
            10.617578125       2.356194490192345  -4.544535320977205e-13

            10.677734375      0.7853981633974483  -5.138904709753311e-13
            10.677734375       2.356194490192345  -5.138904709753311e-13

            10.737890625      0.7853981633974483  -3.362005769266818e-13
            10.737890625       2.356194490192345  -3.362005769266818e-13

            10.798046875      0.7853981633974483  -4.155378298398293e-13
            10.798046875       2.356194490192345  -4.155378298398293e-13

            10.858203125      0.7853981633974483  -4.881950963278592e-13
            10.858203125       2.356194490192345  -4.881950963278592e-13

            10.918359375      0.7853981633974483  -3.115947514214936e-13
            10.918359375       2.356194490192345  -3.115947514214936e-13

            10.978515625      0.7853981633974483   -4.62891769185958e-13
            10.978515625       2.356194490192345   -4.62891769185958e-13

            11.038671875      0.7853981633974483  -2.343577805777319e-13
            11.038671875       2.356194490192345  -2.343577805777319e-13

            11.098828125      0.7853981633974483   -3.94237707578322e-13
            11.098828125       2.356194490192345   -3.94237707578322e-13

            11.158984375      0.7853981633974483  -4.214197350457805e-13
            11.158984375       2.356194490192345  -4.214197350457805e-13

            11.219140625      0.7853981633974483  -1.626744834311437e-13
            11.219140625       2.356194490192345  -1.626744834311437e-13

            11.279296875      0.7853981633974483  -4.233954766647008e-13
            11.279296875       2.356194490192345  -4.233954766647008e-13

            11.339453125      0.7853981633974483  -4.719342855062744e-13
            11.339453125       2.356194490192345  -4.719342855062744e-13

            11.399609375      0.7853981633974483  -2.252277140832315e-13
            11.399609375       2.356194490192345  -2.252277140832315e-13

            11.459765625      0.7853981633974483  -1.205333576004275e-13
            11.459765625       2.356194490192345  -1.205333576004275e-13

            11.519921875      0.7853981633974483  -1.595073899351984e-13
            11.519921875       2.356194490192345  -1.595073899351984e-13

            11.580078125      0.7853981633974483  -2.995839253755461e-13
            11.580078125       2.356194490192345  -2.995839253755461e-13

            11.640234375      0.7853981633974483   -1.92559726844288e-13
            11.640234375       2.356194490192345   -1.92559726844288e-13

            11.700390625      0.7853981633974483  -2.501234738885079e-13
            11.700390625       2.356194490192345  -2.501234738885079e-13

            11.760546875      0.7853981633974483  -3.369427133137481e-13
            11.760546875       2.356194490192345  -3.369427133137481e-13

            11.820703125      0.7853981633974483  -1.709944035324651e-13
            11.820703125       2.356194490192345  -1.709944035324651e-13

            11.880859375      0.7853981633974483  -2.225981985543024e-13
            11.880859375       2.356194490192345  -2.225981985543024e-13

            11.941015625      0.7853981633974483   -3.15073271292543e-13
            11.941015625       2.356194490192345   -3.15073271292543e-13

            12.001171875      0.7853981633974483   -9.82306285967288e-14
            12.001171875       2.356194490192345   -9.82306285967288e-14

            12.061328125      0.7853981633974483  -3.022790351359106e-13
            12.061328125       2.356194490192345  -3.022790351359106e-13

            12.121484375      0.7853981633974483  -2.655146068286651e-13
            12.121484375       2.356194490192345  -2.655146068286651e-13

            12.181640625      0.7853981633974483  -3.087556794435786e-13
            12.181640625       2.356194490192345  -3.087556794435786e-13

            12.241796875      0.7853981633974483  -7.611755193162595e-14
            12.241796875       2.356194490192345  -7.611755193162595e-14

            12.301953125      0.7853981633974483  -1.129267035784864e-13
            12.301953125       2.356194490192345  -1.129267035784864e-13

            12.362109375      0.7853981633974483  -9.159220690918568e-14
            12.362109375       2.356194490192345  -9.159220690918568e-14

            12.422265625      0.7853981633974483  -6.453209277709759e-14
            12.422265625       2.356194490192345  -6.453209277709759e-14

            12.482421875      0.7853981633974483  -2.501800849818991e-13
            12.482421875       2.356194490192345  -2.501800849818991e-13

            12.542578125      0.7853981633974483  -1.414167719558657e-13
            12.542578125       2.356194490192345  -1.414167719558657e-13

            12.602734375      0.7853981633974483  -1.264108175774714e-13
            12.602734375       2.356194490192345  -1.264108175774714e-13

            12.662890625      0.7853981633974483  -2.295398029636408e-13
            12.662890625       2.356194490192345  -2.295398029636408e-13

            12.723046875      0.7853981633974483   4.346593614548699e-14
            12.723046875       2.356194490192345   4.346593614548699e-14

            12.783203125      0.7853981633974483  -1.375664725374092e-13
            12.783203125       2.356194490192345  -1.375664725374092e-13

            12.843359375      0.7853981633974483  -8.228727799540775e-14
            12.843359375       2.356194490192345  -8.228727799540775e-14

            12.903515625      0.7853981633974483  -1.157411839980416e-13
            12.903515625       2.356194490192345  -1.157411839980416e-13

            12.963671875      0.7853981633974483   -1.42975336708201e-14
            12.963671875       2.356194490192345   -1.42975336708201e-14

            13.023828125      0.7853981633974483   -2.23971232185538e-14
            13.023828125       2.356194490192345   -2.23971232185538e-14

            13.083984375      0.7853981633974483  -1.591561626414217e-13
            13.083984375       2.356194490192345  -1.591561626414217e-13

            13.144140625      0.7853981633974483  -1.010407577918537e-13
            13.144140625       2.356194490192345  -1.010407577918537e-13

            13.204296875      0.7853981633974483  -1.395649262204639e-13
            13.204296875       2.356194490192345  -1.395649262204639e-13

            13.264453125      0.7853981633974483  -1.182724708101435e-13
            13.264453125       2.356194490192345  -1.182724708101435e-13

            13.324609375      0.7853981633974483   6.394581045232606e-14
            13.324609375       2.356194490192345   6.394581045232606e-14

            13.384765625      0.7853981633974483  -2.167365170336763e-13
            13.384765625       2.356194490192345  -2.167365170336763e-13

            13.444921875      0.7853981633974483  -1.537611726311339e-13
            13.444921875       2.356194490192345  -1.537611726311339e-13

            13.505078125      0.7853981633974483  -1.020027161693915e-13
            13.505078125       2.356194490192345  -1.020027161693915e-13

            13.565234375      0.7853981633974483   5.766925565559022e-14
            13.565234375       2.356194490192345   5.766925565559022e-14

            13.625390625      0.7853981633974483  -9.832887183970311e-14
            13.625390625       2.356194490192345  -9.832887183970311e-14

            13.685546875      0.7853981633974483    8.80960343736803e-14
            13.685546875       2.356194490192345    8.80960343736803e-14

            13.745703125      0.7853981633974483  -6.345428739742975e-14
            13.745703125       2.356194490192345  -6.345428739742975e-14

            13.805859375      0.7853981633974483  -1.561164934306414e-13
            13.805859375       2.356194490192345  -1.561164934306414e-13

            13.866015625      0.7853981633974483  -3.871479959532964e-14
            13.866015625       2.356194490192345  -3.871479959532964e-14

            13.926171875      0.7853981633974483  -1.796487173892618e-13
            13.926171875       2.356194490192345  -1.796487173892618e-13

            13.986328125      0.7853981633974483   1.107452888074456e-13
            13.986328125       2.356194490192345   1.107452888074456e-13

            14.046484375      0.7853981633974483   2.282218468027675e-14
            14.046484375       2.356194490192345   2.282218468027675e-14

            14.106640625      0.7853981633974483   1.357830709386615e-13
            14.106640625       2.356194490192345   1.357830709386615e-13

            14.166796875      0.7853981633974483   -2.20903289380372e-13
            14.166796875       2.356194490192345   -2.20903289380372e-13

            14.226953125      0.7853981633974483  -6.047061722885827e-14
            14.226953125       2.356194490192345  -6.047061722885827e-14

            14.287109375      0.7853981633974483  -2.499709965929353e-13
            14.287109375       2.356194490192345  -2.499709965929353e-13

            14.347265625      0.7853981633974483  -7.822198834842031e-14
            14.347265625       2.356194490192345  -7.822198834842031e-14

            14.407421875      0.7853981633974483  -4.013158078422507e-14
            14.407421875       2.356194490192345  -4.013158078422507e-14

            14.467578125      0.7853981633974483  -6.764001251463592e-14
            14.467578125       2.356194490192345  -6.764001251463592e-14

            14.527734375      0.7853981633974483   1.307455662832857e-14
            14.527734375       2.356194490192345   1.307455662832857e-14

            14.587890625      0.7853981633974483  -1.045072773979416e-13
            14.587890625       2.356194490192345  -1.045072773979416e-13

            14.648046875      0.7853981633974483   6.975507411272064e-14
            14.648046875       2.356194490192345   6.975507411272064e-14

            14.708203125      0.7853981633974483    -1.9792815390135e-14
            14.708203125       2.356194490192345    -1.9792815390135e-14

            14.768359375      0.7853981633974483  -1.543167178243154e-13
            14.768359375       2.356194490192345  -1.543167178243154e-13

            14.828515625      0.7853981633974483  -4.164663020255086e-14
            14.828515625       2.356194490192345  -4.164663020255086e-14

            14.888671875      0.7853981633974483  -3.914522785780639e-14
            14.888671875       2.356194490192345  -3.914522785780639e-14

            14.948828125      0.7853981633974483  -1.109813196203957e-13
            14.948828125       2.356194490192345  -1.109813196203957e-13

            15.008984375      0.7853981633974483   -3.82089108616479e-15
            15.008984375       2.356194490192345   -3.82089108616479e-15

            15.069140625      0.7853981633974483  -4.219319121520626e-14
            15.069140625       2.356194490192345  -4.219319121520626e-14

            15.129296875      0.7853981633974483   4.611171470700337e-14
            15.129296875       2.356194490192345   4.611171470700337e-14

            15.189453125      0.7853981633974483  -2.099119323928119e-13
            15.189453125       2.356194490192345  -2.099119323928119e-13

            15.249609375      0.7853981633974483   7.444587330341702e-15
            15.249609375       2.356194490192345   7.444587330341702e-15

            15.309765625      0.7853981633974483  -7.056285894133096e-14
            15.309765625       2.356194490192345  -7.056285894133096e-14

            15.369921875      0.7853981633974483  -1.009123882546314e-14
            15.369921875       2.356194490192345  -1.009123882546314e-14

            15.430078125      0.7853981633974483                       0
            15.430078125       2.356194490192345                       0

            15.490234375      0.7853981633974483                       0
            15.490234375       2.356194490192345                       0

            15.550390625      0.7853981633974483                       0
            15.550390625       2.356194490192345                       0

            15.610546875      0.7853981633974483                       0
            15.610546875       2.356194490192345                       0

