             0.030078125    -0.01961306210723594    -0.04707134905736626
     0.09023437500000001   0.0005074675468608875     0.00121792211246613
             0.150390625   -3.80674148488247e-05  -9.136179563717928e-05
             0.210546875  -0.0001309765119182973  -0.0003143436286039136
             0.270703125  -0.0001054845390679668  -0.0002531628937631203
             0.330859375  -3.023813256600519e-05  -7.257151815841245e-05
             0.391015625   1.817000752114828e-05   4.360801805075587e-05
             0.451171875   3.333239473497784e-05   7.999774736394683e-05
             0.511328125   3.037975592748085e-05   7.291141422595404e-05
             0.571484375   2.174197466996933e-05    5.21807392079264e-05
      0.6316406250000001   1.343066558824862e-05   3.223359741179668e-05
             0.691796875   7.312447229982852e-06   1.754987335195884e-05
             0.751953125   3.405174969713142e-06    8.17241992731154e-06
             0.812109375   1.157929189354477e-06   2.779030054450744e-06
             0.872265625  -8.102691382975459e-09   -1.94464593191411e-08
      0.9324218750000001  -5.342555477538618e-07  -1.282213314609268e-06
             0.992578125  -7.118927617132164e-07  -1.708542628111719e-06
             1.052734375   -7.16478685933744e-07  -1.719548846240986e-06
             1.112890625  -6.461112613678153e-07  -1.550667027282757e-06
             1.173046875  -5.517032723527225e-07  -1.324087853646534e-06
             1.233203125  -4.573536310785345e-07  -1.097648714588483e-06
             1.293359375  -3.729153605151511e-07  -8.949968652363627e-07
             1.353515625  -3.012276089048014e-07  -7.229462613715234e-07
             1.413671875  -2.420101295034427e-07  -5.808243108082624e-07
             1.473828125  -1.938180329780994e-07  -4.651632791474385e-07
             1.533984375  -1.549357372759461e-07  -3.718457694622707e-07
             1.594140625  -1.237410318131101e-07  -2.969784763514642e-07
             1.654296875  -9.881782846295194e-08  -2.371627883110846e-07
             1.714453125  -7.897198013980502e-08   -1.89532752335532e-07
             1.774609375  -6.321072119664345e-08  -1.517057308719443e-07
             1.834765625  -5.071606586960769e-08  -1.217185580870585e-07
             1.894921875  -4.081939849928105e-08  -9.796655639827451e-08
             1.955078125  -3.297863866229485e-08  -7.914873278950764e-08
             2.015234375  -2.675830689098246e-08   -6.42199365383579e-08
             2.075390625  -2.181169235338378e-08  -5.234806164812107e-08
             2.135546875  -1.786557514477127e-08  -4.287738034745106e-08
             2.195703125  -1.470490344237403e-08  -3.529176826169767e-08
             2.255859375  -1.216251867335618e-08  -2.919004481605482e-08
             2.316015625  -1.010778798628136e-08  -2.425869116707526e-08
             2.376171875  -8.438795382323936e-09  -2.025310891757745e-08
             2.436328125  -7.077173879000728e-09  -1.698521730960175e-08
             2.496484375  -5.960473442724002e-09  -1.430513626253761e-08
             2.556640625   -5.04049252685545e-09  -1.209718206445308e-08
             2.616796875  -4.279288112054173e-09  -1.027029146893001e-08
             2.676953125  -3.646599322750436e-09  -8.751838374601046e-09
             2.737109375  -3.118463395531363e-09  -7.484312149275271e-09
             2.797265625  -2.676040165039734e-09  -6.422496396095363e-09
             2.857421875  -2.303971686884617e-09  -5.529532048523081e-09
             2.917578125  -1.989802486503967e-09  -4.775525967609522e-09
             2.977734375  -1.723748173162153e-09  -4.136995615589166e-09
             3.037890625  -1.497474411532102e-09  -3.593938587677044e-09
             3.098046875  -1.304520612080765e-09  -3.130849468993836e-09
             3.158203125  -1.139472028545529e-09  -2.734732868509269e-09
             3.218359375  -9.979259695043709e-10   -2.39502232681049e-09
             3.278515625  -8.760057163406657e-10  -2.102413719217598e-09
             3.338671875  -7.709211517663178e-10  -1.850210764239163e-09
             3.398828125  -6.798994309894166e-10    -1.6317586343746e-09
             3.458984375  -6.010300188277137e-10  -1.442472045186513e-09
             3.519140625  -5.324663698540282e-10  -1.277919287649668e-09
             3.579296875  -4.725745788399461e-10  -1.134178989215871e-09
             3.639453125  -4.203655141304431e-10  -1.008877233913063e-09
             3.699609375  -3.746140174434779e-10  -8.990736418643471e-10
             3.759765625   -3.34462062130689e-10  -8.027089491136535e-10
             3.819921875  -2.991969805838891e-10  -7.180727534013337e-10
             3.880078125  -2.680879623791013e-10  -6.434111097098431e-10
             3.940234375  -2.405284088222111e-10  -5.772681811733065e-10
       4.000390625000001  -2.162869814752981e-10  -5.190887555407154e-10
             4.060546875  -1.946713851605507e-10  -4.672113243853217e-10
             4.120703125  -1.755795842764083e-10  -4.213910022633799e-10
             4.180859375  -1.585811756501624e-10  -3.805948215603898e-10
             4.241015625  -1.434226789591366e-10  -3.442144295019278e-10
       4.301171875000001  -1.299106691516179e-10   -3.11785605963883e-10
             4.361328125  -1.179105627976185e-10  -2.829853507142844e-10
             4.421484375  -1.069575107802878e-10  -2.566980258726908e-10
             4.481640625  -9.738123224355146e-11  -2.337149573845235e-10
             4.541796875  -8.856146203753759e-11  -2.125475088900902e-10
       4.601953125000001  -8.079482974988157e-11  -1.939075913997158e-10
             4.662109375  -7.372955090694747e-11  -1.769509221766739e-10
             4.722265625  -6.748913204447032e-11  -1.619739169067287e-10
             4.782421875  -6.175383715019392e-11  -1.482092091604654e-10
             4.842578125  -5.652529056898344e-11  -1.356606973655603e-10
       4.902734375000001  -5.181301470090797e-11  -1.243512352821791e-10
             4.962890625  -4.758705346599044e-11   -1.14208928318377e-10
             5.023046875  -4.372651016160026e-11  -1.049436243878406e-10
             5.083203125  -4.026869573612037e-11   -9.66448697666889e-11
             5.143359375   -3.69440419084975e-11  -8.866570058039402e-11
       5.203515625000001  -3.413044689376873e-11  -8.191307254504495e-11
             5.263671875  -3.143753466371916e-11  -7.545008319292598e-11
             5.323828125  -2.897257773116732e-11  -6.953418655480156e-11
             5.383984375  -2.692772126556934e-11  -6.462653103736642e-11
             5.444140625  -2.480760420548884e-11  -5.953825009317322e-11
       5.504296875000001  -2.301400733338086e-11  -5.523361760011407e-11
             5.564453125  -2.125917934666386e-11  -5.102203043199326e-11
             5.624609375  -1.980981534138639e-11  -4.754355681932734e-11
             5.684765625  -1.829010896900636e-11  -4.389626152561525e-11
             5.744921875  -1.703058165683242e-11   -4.08733959763978e-11
       5.805078125000001  -1.575549976265021e-11   -3.78131994303605e-11
             5.865234375  -1.470201185186509e-11  -3.528482844447622e-11
             5.925390625  -1.374406028031274e-11  -3.298574467275058e-11
             5.985546875   -1.26274020062424e-11  -3.030576481498175e-11
             6.045703125  -1.188080429664288e-11  -2.851393031194291e-11
       6.105859375000001  -1.114994869436808e-11   -2.67598768664834e-11
             6.166015625  -1.030204182087045e-11  -2.472490037008909e-11
             6.226171875  -9.642121204521707e-12   -2.31410908908521e-11
             6.286328125  -9.007694896078544e-12   -2.16184677505885e-11
             6.346484375  -8.548534542255335e-12   -2.05164829014128e-11
       6.406640625000001  -7.987238676650658e-12  -1.916937282396158e-11
             6.466796875  -7.382251700807337e-12  -1.771740408193761e-11
             6.526953125  -6.885838936464772e-12  -1.652601344751545e-11
             6.587109375  -6.502975597382855e-12  -1.560714143371885e-11
             6.647265625  -6.149116226407021e-12  -1.475787894337685e-11
       6.707421875000001  -5.738535455718088e-12  -1.377248509372341e-11
             6.767578125  -5.329549014702637e-12  -1.279091763528633e-11
             6.827734375  -5.077436723087522e-12  -1.218584813541005e-11
             6.887890625  -4.636650706862003e-12  -1.112796169646881e-11
             6.948046875  -4.484799110112737e-12  -1.076351786427057e-11
       7.008203125000001  -4.176744845766348e-12  -1.002418762983924e-11
             7.068359375  -3.936119277947291e-12  -9.446686267073501e-12
             7.128515625  -3.748568872029377e-12  -8.996565292870504e-12
             7.188671875   -3.63355323273703e-12  -8.720527758568873e-12
             7.248828125  -3.390842841038259e-12  -8.138022818491821e-12
       7.308984375000001  -3.093063414918192e-12  -7.423352195803663e-12
             7.369140625  -2.979767676025247e-12  -7.151442422460592e-12
             7.429296875  -2.716237091409594e-12  -6.518969019383026e-12
             7.489453125  -2.756462477064033e-12  -6.615509944953679e-12
             7.549609375  -2.458572650933326e-12   -5.90057436223998e-12
       7.609765625000001  -2.301088668026606e-12  -5.522612803263854e-12
             7.669921875  -2.240665255096865e-12  -5.377596612232477e-12
             7.730078125  -2.114735459810954e-12  -5.075365103546289e-12
             7.790234375  -2.085639802782726e-12  -5.005535526678541e-12
             7.850390625  -1.826771711025234e-12  -4.384252106460563e-12
       7.910546875000001  -1.809852969057659e-12  -4.343647125738381e-12
             7.970703125  -1.637992948675077e-12  -3.931183076820183e-12
             8.030859375  -1.700306670118029e-12   -4.08073600828327e-12
       8.091015625000001  -1.531564667487658e-12  -3.675755201970379e-12
       8.151171875000001  -1.468270098297535e-12  -3.523848235914085e-12
             8.211328125  -1.273441720758969e-12  -3.056260129821525e-12
             8.271484375  -1.425826427099647e-12  -3.421983425039153e-12
             8.331640625  -1.149407374138483e-12  -2.758577697932358e-12
       8.391796875000001  -1.116279689114893e-12  -2.679071253875743e-12
       8.451953125000001  -1.213114446068741e-12  -2.911474670564979e-12
             8.512109375  -1.072486045571482e-12  -2.573966509371557e-12
             8.572265625  -1.103396150828524e-12  -2.648150761988457e-12
             8.632421875  -9.184159077303277e-13  -2.204198178552786e-12
       8.692578125000001  -9.447556600821608e-13  -2.267413584197186e-12
       8.752734375000001  -9.232387015737568e-13  -2.215772883777016e-12
             8.812890625  -8.483680829374099e-13  -2.036083399049784e-12
             8.873046875  -7.039472713646572e-13  -1.689473451275177e-12
             8.933203125  -8.039296160784754e-13  -1.929431078588341e-12
       8.993359375000001   -7.14211335000677e-13  -1.714107204001625e-12
       9.053515625000001  -7.208154031136346e-13  -1.729956967472723e-12
             9.113671875  -7.597079796779999e-13    -1.8232991512272e-12
             9.173828125  -5.868746125599041e-13   -1.40849907014377e-12
             9.233984375  -6.965883549980303e-13  -1.671812051995273e-12
       9.294140625000001  -5.126691265453886e-13  -1.230405903708933e-12
       9.354296875000001  -5.753676699714544e-13  -1.380882407931491e-12
             9.414453125  -4.905380614577651e-13  -1.177291347498636e-12
             9.474609375  -4.796508293493503e-13  -1.151161990438441e-12
             9.534765625  -5.037251553148326e-13  -1.208940372755598e-12
       9.594921875000001  -5.168660342786295e-13   -1.24047848226871e-12
       9.655078125000001  -5.004039556546417e-13   -1.20096949357114e-12
             9.715234375  -2.880639939603668e-13  -6.913535855048803e-13
             9.775390625  -3.656370182753693e-13  -8.775288438608864e-13
             9.835546875  -4.480557063233769e-13  -1.075333695176105e-12
       9.895703125000001  -4.301830464385151e-13  -1.032439311452436e-12
       9.955859375000001  -3.706796701081702e-13  -8.896312082596084e-13
            10.016015625  -4.104508023775829e-13   -9.85081925706199e-13
            10.076171875  -4.016875875434595e-13   -9.64050210104303e-13
            10.136328125  -2.980977874348636e-13  -7.154346898436727e-13
            10.196484375  -3.592944897640172e-13   -8.62306775433641e-13
            10.256640625  -3.174653545925108e-13  -7.619168510220259e-13
            10.316796875  -3.164249691880408e-13  -7.594199260512979e-13
            10.376953125  -2.375312508815173e-13  -5.700750021156414e-13
            10.437109375  -2.748553621808832e-13  -6.596528692341197e-13
            10.497265625  -2.555560999329235e-13  -6.133346398390166e-13
            10.557421875  -3.199512849005841e-13  -7.678830837614018e-13
            10.617578125  -2.219011387195901e-13  -5.325627329270163e-13
            10.677734375  -2.509230815309234e-13  -6.022153956742162e-13
            10.737890625  -1.641604379524814e-13  -3.939850510859553e-13
            10.798046875  -2.028993309764792e-13    -4.8695839434355e-13
            10.858203125  -2.383765118788375e-13    -5.7210362850921e-13
            10.918359375  -1.521458747175262e-13  -3.651500993220629e-13
            10.978515625   -2.26021371672831e-13  -5.424512920147945e-13
            11.038671875  -1.144325100477207e-13  -2.746380241145296e-13
            11.098828125  -1.924988806534775e-13  -4.619973135683461e-13
            11.158984375  -2.057713550028225e-13   -4.93851252006774e-13
            11.219140625  -7.943090011286314e-14  -1.906341602708715e-13
            11.279296875  -2.067360725901859e-13  -4.961665742164462e-13
            11.339453125  -2.304366628448606e-13  -5.530479908276653e-13
            11.399609375  -1.099744697672029e-13  -2.639387274412869e-13
            11.459765625  -5.885417851583374e-14   -1.41250028438001e-13
            11.519921875   -7.78844677417961e-14  -1.869227225803106e-13
            11.580078125  -1.462812135622784e-13  -3.510749125494681e-13
            11.640234375  -9.402330412318748e-14    -2.2565592989565e-13
            11.700390625   -1.22130602484623e-13  -2.931134459630951e-13
            11.760546875  -1.645228092352286e-13  -3.948547421645486e-13
            11.820703125  -8.349336109983647e-14  -2.003840666396075e-13
            11.880859375   -1.08690526637843e-13  -2.608572639308231e-13
            11.941015625   -1.53844370748312e-13  -3.692264897959489e-13
            12.001171875  -4.796417411949648e-14  -1.151140178867916e-13
            12.061328125  -1.475971851249563e-13  -3.542332442998952e-13
            12.121484375  -1.296458041155591e-13  -3.111499298773419e-13
            12.181640625  -1.507596091033099e-13  -3.618230618479437e-13
            12.241796875  -3.716677340411423e-14  -8.920025616987416e-14
            12.301953125  -5.513999198168283e-14  -1.323359807560388e-13
            12.362109375  -4.472275727987582e-14   -1.07334617471702e-13
            12.422265625  -3.150981092631718e-14  -7.562354622316124e-14
            12.482421875  -1.221582446200679e-13  -2.931797870881631e-13
            12.542578125  -6.905115818157503e-14  -1.657227796357801e-13
            12.602734375  -6.172403202024971e-14  -1.481376768485993e-13
            12.662890625  -1.120799819158403e-13  -2.689919565980166e-13
            12.723046875   2.122360163353857e-14   5.093664392049257e-14
            12.783203125  -6.717112916865684e-14  -1.612107100047764e-13
            12.843359375   -4.01793349586952e-14  -9.643040390086846e-14
            12.903515625  -5.651424999904373e-14   -1.35634199997705e-13
            12.963671875  -6.981217612705125e-15   -1.67549222704923e-14
            13.023828125  -1.093609532155947e-14  -2.624662877174274e-14
            13.083984375  -7.771297003975671e-14  -1.865111280954161e-13
            13.144140625  -4.933630751555358e-14  -1.184071380373286e-13
            13.204296875   -6.81469366310859e-14  -1.635526479146061e-13
            13.264453125  -5.775022988776537e-14  -1.386005517306369e-13
            13.324609375   3.122354025992483e-14    7.49364966238196e-14
            13.384765625  -1.058283774578498e-13  -2.539881058988394e-13
            13.444921875  -7.507869757379583e-14    -1.8018887417711e-13
            13.505078125  -4.980601375458568e-14  -1.195344330110057e-13
            13.565234375   2.815881623808116e-14   6.758115897139479e-14
            13.625390625  -4.801214445298003e-14  -1.152291466871521e-13
            13.685546875   4.301564178402358e-14   1.032375402816566e-13
            13.745703125  -3.098353876827625e-14  -7.436049304386299e-14
            13.805859375  -7.622875655793036e-14  -1.829490157390329e-13
            13.866015625  -1.890371073990705e-14  -4.536890577577692e-14
            13.926171875  -8.771910028772549e-14  -2.105258406905412e-13
            13.986328125   5.407484805051056e-14   1.297796353212253e-13
            14.046484375   1.114364486341638e-14   2.674474767219931e-14
            14.106640625   6.630032760676831e-14   1.591207862562439e-13
            14.166796875  -1.078629342677598e-13  -2.588710422426235e-13
            14.226953125  -2.952666856877845e-14  -7.086400456506829e-14
            14.287109375  -1.220561506801442e-13  -2.929347616323461e-13
            14.347265625  -3.819433024825211e-14  -9.166639259580505e-14
            14.407421875   -1.95954984297974e-14  -4.702919623151376e-14
            14.467578125  -3.302734986066207e-14  -7.926563966558896e-14
            14.527734375    6.38406085367606e-15   1.532174604882254e-14
            14.587890625  -5.102894404196369e-14  -1.224694657007129e-13
            14.648046875   3.406009478160187e-14    8.17442274758445e-14
            14.708203125  -9.664460639714355e-15  -2.319470553531445e-14
            14.768359375  -7.534995987515402e-14  -1.808399037003697e-13
            14.828515625  -2.033526865358929e-14  -4.880464476861429e-14
            14.888671875  -1.911388078994452e-14  -4.587331389586686e-14
            14.948828125  -5.419009747089635e-14  -1.300562339301512e-13
            15.008984375  -1.865669475666402e-15  -4.477606741599364e-15
            15.069140625  -2.060214414804993e-14  -4.944514595531984e-14
            15.129296875   2.251548569677899e-14   5.403716567226957e-14
            15.189453125  -1.024960607386777e-13  -2.459905457728264e-13
            15.249609375   3.635052407393409e-15   8.724125777744183e-15
            15.309765625  -3.445452096744676e-14  -8.269085032187222e-14
            15.369921875  -4.927362707745676e-15  -1.182567049858962e-14
            15.430078125                       0                       0
            15.490234375                       0                       0
            15.550390625                       0                       0
            15.610546875                       0                       0
