                 0.03125  -4.284511759795689e-08  -8.569023519591377e-08
                 0.09375   7.227547224039144e-10   1.445509444807829e-09
                 0.15625   4.717649942912101e-10   9.435299885824202e-10
                 0.21875   3.408375726802798e-10   6.816751453605596e-10
                 0.28125   2.987374380564233e-10   5.974748761128465e-10
                 0.34375   2.571873654460557e-10   5.143747308921113e-10
                 0.40625   2.201357560898765e-10   4.402715121797529e-10
                 0.46875   1.848414547677314e-10   3.696829095354627e-10
                 0.53125   1.521396793506405e-10   3.042793587012811e-10
                 0.59375   1.219076313116148e-10   2.438152626232297e-10
                 0.65625   9.512326704788697e-11   1.902465340957739e-10
                 0.71875   7.226299855504455e-11   1.445259971100891e-10
                 0.78125   5.346929652748215e-11   1.069385930549643e-10
                 0.84375   3.836184341667509e-11   7.672368683335018e-11
                 0.90625   2.676614770888994e-11   5.353229541777988e-11
                 0.96875   1.807914626569162e-11   3.615829253138323e-11
                 1.03125   1.182490337981281e-11   2.364980675962562e-11
                 1.09375   7.541491478729663e-12   1.508298295745933e-11
                 1.15625   4.587371380976741e-12   9.174742761953482e-12
                 1.21875   2.716378874772327e-12   5.432757749544655e-12
                 1.28125   1.470578683630662e-12   2.941157367261323e-12
                 1.34375    9.18923304606172e-13   1.837846609212344e-12
                 1.40625   3.554324061016194e-13   7.108648122032389e-13
                 1.46875   1.539135393529057e-13   3.078270787058114e-13
                 1.53125   6.614430998379213e-15   1.322886199675843e-14
                 1.59375  -8.873818982391915e-14  -1.774763796478383e-13
                 1.65625   -1.80202766840934e-13  -3.604055336818679e-13
                 1.71875  -2.675675947554108e-13  -5.351351895108217e-13
                 1.78125  -2.913559662678725e-13   -5.82711932535745e-13
                 1.84375  -3.798296283508737e-13  -7.596592567017474e-13
                 1.90625  -3.737745177549784e-13  -7.475490355099568e-13
                 1.96875  -3.020295982795647e-13  -6.040591965591295e-13
                 2.03125  -3.324825205024813e-13  -6.649650410049627e-13
                 2.09375  -3.378965778282537e-13  -6.757931556565075e-13
                 2.15625  -3.666892666742045e-13   -7.33378533348409e-13
                 2.21875  -2.345559917792483e-13  -4.691119835584966e-13
                 2.28125  -3.012373724678476e-13  -6.024747449356952e-13
                 2.34375  -1.889798871745103e-13  -3.779597743490206e-13
                 2.40625  -2.228638321341629e-13  -4.457276642683258e-13
                 2.46875  -1.663025341045848e-13  -3.326050682091696e-13
                 2.53125  -1.364809368954154e-13  -2.729618737908307e-13
                 2.59375  -1.391565893608838e-13  -2.783131787217676e-13
                 2.65625  -1.012817537201963e-13  -2.025635074403926e-13
                 2.71875  -1.230364708506062e-13  -2.460729417012124e-13
                 2.78125   -1.26844250138129e-14   -2.53688500276258e-14
                 2.84375  -9.652722287570628e-14  -1.930544457514126e-13
                 2.90625  -9.214751394259405e-15  -1.842950278851881e-14
                 2.96875  -3.636834369570984e-14  -7.273668739141968e-14
                 3.03125  -8.862501969400104e-14  -1.772500393880021e-13
                 3.09375  -7.306140903585368e-14  -1.461228180717074e-13
                 3.15625   -6.47419974372884e-14  -1.294839948745768e-13
                 3.21875  -1.742363351283622e-14  -3.484726702567244e-14
                 3.28125   2.786008858745322e-14   5.572017717490644e-14
                 3.34375  -2.740393791697392e-14  -5.480787583394785e-14
                 3.40625  -4.344998502887718e-14  -8.689997005775437e-14
                 3.46875  -7.508649585897506e-14  -1.501729917179501e-13
                 3.53125  -6.874186605925814e-14  -1.374837321185163e-13
                 3.59375  -8.327058618800743e-14  -1.665411723760149e-13
                 3.65625  -3.022576511596253e-14  -6.045153023192506e-14
                 3.71875  -8.826598831436565e-14  -1.765319766287313e-13
                 3.78125  -8.060414816446043e-16  -1.612082963289209e-15
                 3.84375   1.674734649608069e-14   3.349469299216138e-14
                 3.90625  -4.712270543619679e-14  -9.424541087239357e-14
                 3.96875  -4.278217046468839e-14  -8.556434092937678e-14
                 4.03125  -7.722203679019572e-14  -1.544440735803914e-13
                 4.09375   3.739600390200495e-14    7.47920078040099e-14
                 4.15625   3.882034414644359e-14   7.764068829288718e-14
                 4.21875   2.604397397954668e-14   5.208794795909335e-14
                 4.28125    7.38519930543332e-14   1.477039861086664e-13
                 4.34375   -2.67314002726562e-14  -5.346280054531241e-14
                 4.40625  -5.842528190744015e-14  -1.168505638148803e-13
                 4.46875  -4.057057831076211e-14  -8.114115662152421e-14
                 4.53125  -1.135697319473494e-14  -2.271394638946989e-14
                 4.59375    5.01365399993892e-14   1.002730799987784e-13
                 4.65625  -2.751659898991459e-14  -5.503319797982917e-14
                 4.71875   9.338591545817271e-14   1.867718309163454e-13
                 4.78125  -3.200604701767837e-14  -6.401209403535674e-14
                 4.84375  -3.149497959103766e-14  -6.298995918207533e-14
                 4.90625   2.613211098933885e-14   5.226422197867771e-14
                 4.96875  -9.462837509445404e-15  -1.892567501889081e-14
                 5.03125  -1.576033055907732e-14  -3.152066111815465e-14
                 5.09375  -3.731992701948493e-15  -7.463985403896986e-15
                 5.15625    1.54412317456756e-14    3.08824634913512e-14
                 5.21875   1.114257435935491e-14   2.228514871870982e-14
                 5.28125  -4.365883088394205e-16  -8.731766176788408e-16
                 5.34375  -2.184982874047601e-14  -4.369965748095202e-14
                 5.40625  -8.461997454286324e-14  -1.692399490857265e-13
                 5.46875  -8.299164932384566e-14  -1.659832986476913e-13
                 5.53125  -6.727082945910132e-14  -1.345416589182026e-13
                 5.59375   1.770024520348251e-15   3.540049040696502e-15
                 5.65625   6.517078285673055e-15   1.303415657134611e-14
                 5.71875   6.664643104875003e-14   1.332928620975001e-13
                 5.78125   5.604283137041218e-14   1.120856627408244e-13
                 5.84375  -5.161455773348504e-14  -1.032291154669701e-13
                 5.90625  -2.605215950970403e-14  -5.210431901940806e-14
                 5.96875  -7.262380954688113e-15  -1.452476190937623e-14
                 6.03125  -2.868491237208775e-14   -5.73698247441755e-14
                 6.09375   4.521168677944464e-14   9.042337355888927e-14
                 6.15625   7.171586665891312e-14   1.434317333178262e-13
                 6.21875   1.341040118095885e-14   2.682080236191771e-14
                 6.28125   3.306102660024314e-14   6.612205320048629e-14
                 6.34375   1.625986683472943e-14   3.251973366945886e-14
                 6.40625   2.419487417129034e-14   4.838974834258069e-14
                 6.46875  -5.780715477007282e-14  -1.156143095401456e-13
                 6.53125  -5.186847189343923e-14  -1.037369437868785e-13
                 6.59375  -2.669733505591632e-14  -5.339467011183263e-14
                 6.65625   1.696279800404707e-14   3.392559600809414e-14
                 6.71875  -1.406753963896744e-14  -2.813507927793488e-14
                 6.78125  -3.217177010612451e-14  -6.434354021224902e-14
                 6.84375   7.996056060084171e-15   1.599211212016834e-14
                 6.90625   3.058880608223591e-14   6.117761216447182e-14
                 6.96875  -8.172338961500037e-14  -1.634467792300007e-13
                 7.03125  -4.886941012313231e-15  -9.773882024626462e-15
                 7.09375  -3.277847269457101e-14  -6.555694538914202e-14
                 7.15625  -7.009092597179453e-14  -1.401818519435891e-13
                 7.21875  -2.880722757257469e-14  -5.761445514514938e-14
                 7.28125  -1.751887914409113e-14  -3.503775828818226e-14
                 7.34375   -1.44298129048758e-14   -2.88596258097516e-14
                 7.40625   4.095078930134956e-15   8.190157860269911e-15
                 7.46875   5.589112165577216e-15   1.117822433115443e-14
                 7.53125  -7.692768169815885e-14  -1.538553633963177e-13
                 7.59375  -8.374629620225448e-14   -1.67492592404509e-13
                 7.65625   6.514822946300066e-14   1.302964589260013e-13
                 7.71875   4.145156823598509e-14   8.290313647197017e-14
                 7.78125  -5.741631008106566e-14  -1.148326201621313e-13
                 7.84375   1.899615536321374e-14   3.799231072642747e-14
                 7.90625  -1.122282030134669e-13  -2.244564060269339e-13
                 7.96875   6.458760489778453e-14   1.291752097955691e-13
                 8.03125                       0                       0
                 8.09375                       0                       0
                 8.15625                       0                       0
                 8.21875                       0                       0
