# File created on Wed Jul  8 11:31:11 2026
# Data for Inflation GW initial data initial data at coord time 0.0377973 and central proper time 0.0377973
# Evolved with (264,10,9) gridpoints (including 4 ghosts)
# Evolution with geodesic slicing and constant shift shift condition 
# data for phi = 3.14159
#              r           theta             rho_ADM
#===============================================================
     0.030078125      0.78539816      0.1194004052796093
     0.030078125       2.3561945      0.1194004052796093

     0.090234375      0.78539816      0.1193967162025412
     0.090234375       2.3561945      0.1193967162025412

      0.15039062      0.78539816      0.1193893337884771
      0.15039062       2.3561945       0.119389333788477

      0.21054687      0.78539816      0.1193782495252795
      0.21054687       2.3561945      0.1193782495252795

      0.27070312      0.78539816      0.1193634506640296
      0.27070312       2.3561945      0.1193634506640296

      0.33085938      0.78539816      0.1193449202421328
      0.33085938       2.3561945      0.1193449202421328

      0.39101563      0.78539816      0.1193226371140536
      0.39101563       2.3561945      0.1193226371140536

      0.45117188      0.78539816      0.1192965759896297
      0.45117188       2.3561945      0.1192965759896296

      0.51132813      0.78539816      0.1192667074798867
      0.51132813       2.3561945      0.1192667074798867

      0.57148438      0.78539816      0.1192329981502695
      0.57148438       2.3561945      0.1192329981502695

      0.63164063      0.78539816      0.1191954105811918
      0.63164063       2.3561945      0.1191954105811918

      0.69179687      0.78539816      0.1191539034357887
      0.69179687       2.3561945      0.1191539034357887

      0.75195312      0.78539816      0.1191084315347385
      0.75195312       2.3561945      0.1191084315347385

      0.81210938      0.78539816      0.1190589459380307
      0.81210938       2.3561945      0.1190589459380307

      0.87226563      0.78539816      0.1190053940335069
      0.87226563       2.3561945      0.1190053940335069

      0.93242188      0.78539816      0.1189477196320272
      0.93242188       2.3561945      0.1189477196320272

      0.99257812      0.78539816      0.1188858630690795
      0.99257812       2.3561945      0.1188858630690795

       1.0527344      0.78539816      0.1188197613126328
       1.0527344       2.3561945      0.1188197613126328

       1.1128906      0.78539816      0.1187493480770556
       1.1128906       2.3561945      0.1187493480770556

       1.1730469      0.78539816       0.118674553942883
       1.1730469       2.3561945      0.1186745539428829

       1.2332031      0.78539816      0.1185953064822013
       1.2332031       2.3561945      0.1185953064822013

       1.2933594      0.78539816      0.1185115303894345
       1.2933594       2.3561945      0.1185115303894345

       1.3535156      0.78539816      0.1184231476173035
       1.3535156       2.3561945      0.1184231476173035

       1.4136719      0.78539816       0.118330077517693
       1.4136719       2.3561945       0.118330077517693

       1.4738281      0.78539816      0.1182322369871766
       1.4738281       2.3561945      0.1182322369871766

       1.5339844      0.78539816      0.1181295406169657
       1.5339844       2.3561945      0.1181295406169657

       1.5941406      0.78539816      0.1180219008469843
       1.5941406       2.3561945      0.1180219008469843

       1.6542969      0.78539816      0.1179092281238093
       1.6542969       2.3561945      0.1179092281238093

       1.7144531      0.78539816      0.1177914310622011
       1.7144531       2.3561945      0.1177914310622011

       1.7746094      0.78539816      0.1176684166099569
       1.7746094       2.3561945      0.1176684166099569

       1.8347656      0.78539816      0.1175400902157653
       1.8347656       2.3561945      0.1175400902157653

       1.8949219      0.78539816      0.1174063559998095
       1.8949219       2.3561945      0.1174063559998095

       1.9550781      0.78539816      0.1172671169268116
       1.9550781       2.3561945      0.1172671169268116

       2.0152344      0.78539816      0.1171222749812105
       2.0152344       2.3561945      0.1171222749812105

       2.0753906      0.78539816      0.1169717313442231
       2.0753906       2.3561945      0.1169717313442232

       2.1355469      0.78539816       0.116815386572446
       2.1355469       2.3561945      0.1168153865724461

       2.1957031      0.78539816      0.1166531407777104
       2.1957031       2.3561945      0.1166531407777104

       2.2558594      0.78539816      0.1164848938079325
       2.2558594       2.3561945      0.1164848938079325

       2.3160156      0.78539816       0.116310545428616
       2.3160156       2.3561945      0.1163105454286161

       2.3761719      0.78539816      0.1161299955047461
       2.3761719       2.3561945      0.1161299955047461

       2.4363281      0.78539816      0.1159431441827661
       2.4363281       2.3561945      0.1159431441827661

       2.4964844      0.78539816      0.1157498920723571
       2.4964844       2.3561945      0.1157498920723572

       2.5566406      0.78539816      0.1155501404277507
       2.5566406       2.3561945      0.1155501404277508

       2.6167969      0.78539816       0.115343791328254
       2.6167969       2.3561945       0.115343791328254

       2.6769531      0.78539816      0.1151307478577469
       2.6769531       2.3561945      0.1151307478577469

       2.7371094      0.78539816       0.114910914282865
       2.7371094       2.3561945       0.114910914282865

       2.7972656      0.78539816      0.1146841962296047
       2.7972656       2.3561945      0.1146841962296047

       2.8574219      0.78539816      0.1144505008580827
       2.8574219       2.3561945      0.1144505008580827

       2.9175781      0.78539816      0.1142097370351842
       2.9175781       2.3561945      0.1142097370351842

       2.9777344      0.78539816      0.1139618155048908
       2.9777344       2.3561945      0.1139618155048908

       3.0378906      0.78539816      0.1137066490559961
       3.0378906       2.3561945      0.1137066490559961

       3.0980469      0.78539816      0.1134441526870002
       3.0980469       2.3561945      0.1134441526870002

       3.1582031      0.78539816      0.1131742437679424
       3.1582031       2.3561945      0.1131742437679424

       3.2183594      0.78539816      0.1128968421989654
       3.2183594       2.3561945      0.1128968421989654

       3.2785156      0.78539816      0.1126118705653847
       3.2785156       2.3561945      0.1126118705653847

       3.3386719      0.78539816      0.1123192542890562
       3.3386719       2.3561945      0.1123192542890562

       3.3988281      0.78539816      0.1120189217758568
       3.3988281       2.3561945      0.1120189217758568

       3.4589844      0.78539816      0.1117108045590746
       3.4589844       2.3561945      0.1117108045590746

       3.5191406      0.78539816      0.1113948374385468
       3.5191406       2.3561945      0.1113948374385468

       3.5792969      0.78539816      0.1110709586153487
       3.5792969       2.3561945      0.1110709586153488

       3.6394531      0.78539816       0.110739109821891
       3.6394531       2.3561945      0.1107391098218911

       3.6996094      0.78539816      0.1103992364472767
       3.6996094       2.3561945      0.1103992364472767

       3.7597656      0.78539816      0.1100512876577651
       3.7597656       2.3561945      0.1100512876577652

       3.8199219      0.78539816      0.1096952165121599
       3.8199219       2.3561945        0.10969521651216

       3.8800781      0.78539816      0.1093309800721035
       3.8800781       2.3561945      0.1093309800721037

       3.9402344      0.78539816      0.1089585395070791
       3.9402344       2.3561945      0.1089585395070793

       4.0003906      0.78539816      0.1085778601940027
       4.0003906       2.3561945      0.1085778601940029

       4.0605469      0.78539816      0.1081889118113661
       4.0605469       2.3561945      0.1081889118113663

       4.1207031      0.78539816      0.1077916684278039
       4.1207031       2.3561945      0.1077916684278041

       4.1808594      0.78539816      0.1073861085850288
       4.1808594       2.3561945      0.1073861085850291

       4.2410156      0.78539816      0.1069722153750064
       4.2410156       2.3561945      0.1069722153750066

       4.3011719      0.78539816      0.1065499765113959
       4.3011719       2.3561945      0.1065499765113961

       4.3613281      0.78539816      0.1061193843951385
       4.3613281       2.3561945      0.1061193843951388

       4.4214844      0.78539816      0.1056804361741674
       4.4214844       2.3561945      0.1056804361741677

       4.4816406      0.78539816      0.1052331337972202
       4.4816406       2.3561945      0.1052331337972206

       4.5417969      0.78539816      0.1047774840616882
       4.5417969       2.3561945      0.1047774840616886

       4.6019531      0.78539816      0.1043134986555369
       4.6019531       2.3561945      0.1043134986555373

       4.6621094      0.78539816      0.1038411941932601
       4.6621094       2.3561945      0.1038411941932605

       4.7222656      0.78539816      0.1033605922458563
       4.7222656       2.3561945      0.1033605922458567

       4.7824219      0.78539816      0.1028717193648472
       4.7824219       2.3561945      0.1028717193648476

       4.8425781      0.78539816      0.1023746071003574
       4.8425781       2.3561945      0.1023746071003578

       4.9027344      0.78539816      0.1018692920132924
       4.9027344       2.3561945      0.1018692920132929

       4.9628906      0.78539816      0.1013558156815887
       4.9628906       2.3561945      0.1013558156815892

       5.0230469      0.78539816      0.1008342247006445
       5.0230469       2.3561945      0.1008342247006449

       5.0832031      0.78539816      0.1003045706779201
       5.0832031       2.3561945      0.1003045706779205

       5.1433594      0.78539816      0.0997669102217993
       5.1433594       2.3561945     0.09976691022179962

       5.2035156      0.78539816     0.09922130492475578
       5.2035156       2.3561945     0.09922130492475603

       5.2636719      0.78539816     0.09866782134085474
       5.2636719       2.3561945     0.09866782134085506

       5.3238281      0.78539816     0.09810653095775015
       5.3238281       2.3561945      0.0981065309577505

       5.3839844      0.78539816     0.09753751016314888
       5.3839844       2.3561945      0.0975375101631492

       5.4441406      0.78539816     0.09696084020591442
       5.4441406       2.3561945     0.09696084020591478

       5.5042969      0.78539816     0.09637660715183799
       5.5042969       2.3561945     0.09637660715183835

       5.5644531      0.78539816     0.09578490183419475
       5.5644531       2.3561945     0.09578490183419507

       5.6246094      0.78539816     0.09518581979923164
       5.6246094       2.3561945     0.09518581979923191

       5.6847656      0.78539816      0.0945794612465833
       5.6847656       2.3561945     0.09457946124658359

       5.7449219      0.78539816     0.09396593096483735
       5.7449219       2.3561945     0.09396593096483774

       5.8050781      0.78539816     0.09334533826231901
       5.8050781       2.3561945     0.09334533826231942

       5.8652344      0.78539816     0.09271779689318721
       5.8652344       2.3561945      0.0927177968931876

       5.9253906      0.78539816     0.09208342497900998
       5.9253906       2.3561945     0.09208342497901043

       5.9855469      0.78539816     0.09144234492593817
       5.9855469       2.3561945     0.09144234492593858

       6.0457031      0.78539816     0.09079468333761169
       6.0457031       2.3561945     0.09079468333761218

       6.1058594      0.78539816     0.09014057092386688
       6.1058594       2.3561945     0.09014057092386737

       6.1660156      0.78539816      0.0894801424055158
       6.1660156       2.3561945     0.08948014240551619

       6.2261719      0.78539816     0.08881353641524267
       6.2261719       2.3561945     0.08881353641524301

       6.2863281      0.78539816     0.08814089539473685
       6.2863281       2.3561945     0.08814089539473716

       6.3464844      0.78539816     0.08746236548832326
       6.3464844       2.3561945     0.08746236548832365

       6.4066406      0.78539816     0.08677809643314702
       6.4066406       2.3561945     0.08677809643314736

       6.4667969      0.78539816     0.08608824144609863
       6.4667969       2.3561945     0.08608824144609895

       6.5269531      0.78539816     0.08539295710760865
       6.5269531       2.3561945     0.08539295710760898

       6.5871094      0.78539816     0.08469240324252678
       6.5871094       2.3561945     0.08469240324252711

       6.6472656      0.78539816     0.08398674279818123
       6.6472656       2.3561945     0.08398674279818147

       6.7074219      0.78539816     0.08327614171980308
       6.7074219       2.3561945     0.08327614171980324

       6.7675781      0.78539816     0.08256076882349338
       6.7675781       2.3561945      0.0825607688234935

       6.8277344      0.78539816     0.08184079566684933
       6.8277344       2.3561945     0.08184079566684942

       6.8878906      0.78539816     0.08111639641748633
       6.8878906       2.3561945      0.0811163964174865

       6.9480469      0.78539816     0.08038774771954102
       6.9480469       2.3561945     0.08038774771954121

       7.0082031      0.78539816     0.07965502855835468
       7.0082031       2.3561945     0.07965502855835491

       7.0683594      0.78539816      0.0789184201235289
       7.0683594       2.3561945     0.07891842012352895

       7.1285156      0.78539816     0.07817810567047594
       7.1285156       2.3561945     0.07817810567047589

       7.1886719      0.78539816     0.07743427038062931
       7.1886719       2.3561945     0.07743427038062924

       7.2488281      0.78539816     0.07668710122052552
       7.2488281       2.3561945     0.07668710122052541

       7.3089844      0.78539816     0.07593678679987256
       7.3089844       2.3561945     0.07593678679987248

       7.3691406      0.78539816     0.07518351722878512
       7.3691406       2.3561945     0.07518351722878502

       7.4292969      0.78539816     0.07442748397436497
       7.4292969       2.3561945     0.07442748397436488

       7.4894531      0.78539816      0.0736688797167626
       7.4894531       2.3561945     0.07366887971676248

       7.5496094      0.78539816     0.07290789820489885
       7.5496094       2.3561945     0.07290789820489862

       7.6097656      0.78539816     0.07214473411201394
       7.6097656       2.3561945     0.07214473411201371

       7.6699219      0.78539816     0.07137958289116068
       7.6699219       2.3561945     0.07137958289116048

       7.7300781      0.78539816     0.07061264063085682
       7.7300781       2.3561945     0.07061264063085664

       7.7902344      0.78539816     0.06984410391102548
       7.7902344       2.3561945     0.06984410391102525

       7.8503906      0.78539816     0.06907416965933652
       7.8503906       2.3561945     0.06907416965933633

       7.9105469      0.78539816     0.06830303500818433
       7.9105469       2.3561945     0.06830303500818422

       7.9707031      0.78539816     0.06753089715237945
       7.9707031       2.3561945     0.06753089715237923

       8.0308594      0.78539816     0.06675795320773323
       8.0308594       2.3561945     0.06675795320773301

       8.0910156      0.78539816     0.06598440007066803
       8.0910156       2.3561945     0.06598440007066787

       8.1511719      0.78539816     0.06521043427899965
       8.1511719       2.3561945     0.06521043427899959

       8.2113281      0.78539816      0.0644362518740515
       8.2113281       2.3561945     0.06443625187405153

       8.2714844      0.78539816     0.06366204826417231
       8.2714844       2.3561945     0.06366204826417236

       8.3316406      0.78539816     0.06288801808987018
       8.3316406       2.3561945     0.06288801808987016

       8.3917969      0.78539816     0.06211435509064402
       8.3917969       2.3561945     0.06211435509064397

       8.4519531      0.78539816     0.06134125197364369
       8.4519531       2.3561945     0.06134125197364356

       8.5121094      0.78539816     0.06056890028429409
       8.5121094       2.3561945     0.06056890028429389

       8.5722656      0.78539816     0.05979749027899785
       8.5722656       2.3561945      0.0597974902789976

       8.6324219      0.78539816     0.05902721080002199
       8.6324219       2.3561945     0.05902721080002163

       8.6925781      0.78539816     0.05825824915269863
       8.6925781       2.3561945     0.05825824915269833

       8.7527344      0.78539816     0.05749079098504537
       8.7527344       2.3561945     0.05749079098504514

       8.8128906      0.78539816     0.05672502016987886
       8.8128906       2.3561945      0.0567250201698786

       8.8730469      0.78539816     0.05596111868956681
       8.8730469       2.3561945     0.05596111868956652

       8.9332031      0.78539816      0.0551992665234942
       8.9332031       2.3561945     0.05519926652349396

       8.9933594      0.78539816     0.05443964153831853
       8.9933594       2.3561945      0.0544396415383183

       9.0535156      0.78539816     0.05368241938112898
       9.0535156       2.3561945     0.05368241938112883

       9.1136719      0.78539816     0.05292777337559808
       9.1136719       2.3561945     0.05292777337559804

       9.1738281      0.78539816     0.05217587442114203
       9.1738281       2.3561945      0.0521758744211419

       9.2339844      0.78539816       0.051426890895264
       9.2339844       2.3561945     0.05142689089526371

       9.2941406      0.78539816     0.05068098855906625
       9.2941406       2.3561945     0.05068098855906589

       9.3542969      0.78539816     0.04993833046603165
       9.3542969       2.3561945     0.04993833046603131

       9.4144531      0.78539816     0.04919907687413984
       9.4144531       2.3561945     0.04919907687413949

       9.4746094      0.78539816     0.04846338516135341
       9.4746094       2.3561945     0.04846338516135316

       9.5347656      0.78539816     0.04773140974454648
       9.5347656       2.3561945     0.04773140974454624

       9.5949219      0.78539816     0.04700330200190619
       9.5949219       2.3561945     0.04700330200190594

       9.6550781      0.78539816     0.04627921019887375
       9.6550781       2.3561945     0.04627921019887356

       9.7152344      0.78539816     0.04555927941761524
       9.7152344       2.3561945     0.04555927941761504

       9.7753906      0.78539816     0.04484365149011593
       9.7753906       2.3561945     0.04484365149011569

       9.8355469      0.78539816     0.04413246493487089
       9.8355469       2.3561945     0.04413246493487064

       9.8957031      0.78539816     0.04342585489724421
       9.8957031       2.3561945     0.04342585489724399

       9.9558594      0.78539816     0.04272395309346556
       9.9558594       2.3561945     0.04272395309346534

       10.016016      0.78539816     0.04202688775831495
       10.016016       2.3561945     0.04202688775831473

       10.076172      0.78539816     0.04133478359650732
       10.076172       2.3561945     0.04133478359650707

       10.136328      0.78539816     0.04064776173774514
       10.136328       2.3561945     0.04064776173774481

       10.196484      0.78539816     0.03996593969546944
       10.196484       2.3561945     0.03996593969546916

       10.256641      0.78539816     0.03928943132931517
       10.256641       2.3561945     0.03928943132931498

       10.316797      0.78539816     0.03861834681123075
       10.316797       2.3561945      0.0386183468112306

       10.376953      0.78539816     0.03795279259524977
       10.376953       2.3561945     0.03795279259524967

       10.437109      0.78539816      0.0372928713909465
       10.437109       2.3561945     0.03729287139094646

       10.497266      0.78539816     0.03663868214049504
       10.497266       2.3561945       0.036638682140495

       10.557422      0.78539816     0.03599031999933484
       10.557422       2.3561945     0.03599031999933485

       10.617578      0.78539816     0.03534787632041791
       10.617578       2.3561945     0.03534787632041798

       10.677734      0.78539816     0.03471143864197807
       10.677734       2.3561945     0.03471143864197815

       10.737891      0.78539816     0.03408109067881803
       10.737891       2.3561945     0.03408109067881809

       10.798047      0.78539816      0.0334569123170553
       10.798047       2.3561945     0.03345691231705528

       10.858203      0.78539816      0.0328389796122753
       10.858203       2.3561945     0.03283897961227528

       10.918359      0.78539816     0.03222736479106128
       10.918359       2.3561945     0.03222736479106129

       10.978516      0.78539816      0.0316221362558368
       10.978516       2.3561945     0.03162213625583683

       11.038672      0.78539816      0.0310233585929655
       11.038672       2.3561945     0.03102335859296557

       11.098828      0.78539816     0.03043109258406002
       11.098828       2.3561945     0.03043109258406008

       11.158984      0.78539816     0.02984539522043034
       11.158984       2.3561945     0.02984539522043039

       11.219141      0.78539816     0.02926631972060581
       11.219141       2.3561945     0.02926631972060582

       11.279297      0.78539816      0.0286939155508692
       11.279297       2.3561945     0.02869391555086918

       11.339453      0.78539816       0.028128228448731
       11.339453       2.3561945     0.02812822844873097

       11.399609      0.78539816     0.02756930044927171
       11.399609       2.3561945     0.02756930044927168

       11.459766      0.78539816     0.02701716991427842
       11.459766       2.3561945     0.02701716991427837

       11.519922      0.78539816     0.02647187156409262
       11.519922       2.3561945      0.0264718715640926

       11.580078      0.78539816     0.02593343651209952
       11.580078       2.3561945     0.02593343651209953

       11.640234      0.78539816     0.02540189230177283
       11.640234       2.3561945     0.02540189230177288

       11.700391      0.78539816     0.02487726294618698
       11.700391       2.3561945     0.02487726294618691

       11.760547      0.78539816     0.02435956896993161
       11.760547       2.3561945     0.02435956896993146

       11.820703      0.78539816     0.02384882745331188
       11.820703       2.3561945     0.02384882745331177

       11.880859      0.78539816     0.02334505207876932
       11.880859       2.3561945     0.02334505207876919

       11.941016      0.78539816     0.02284825317943787
       11.941016       2.3561945     0.02284825317943767

       12.001172      0.78539816      0.0223584377897271
       12.001172       2.3561945     0.02235843778972691

       12.061328      0.78539816     0.02187560969784821
       12.061328       2.3561945     0.02187560969784806

       12.121484      0.78539816      0.0213997695002058
       12.121484       2.3561945     0.02139976950020559

       12.181641      0.78539816     0.02093091465754278
       12.181641       2.3561945     0.02093091465754262

       12.241797      0.78539816       0.020469039552756
       12.241797       2.3561945     0.02046903955275586

       12.301953      0.78539816     0.02001413555029305
       12.301953       2.3561945     0.02001413555029292

       12.362109      0.78539816     0.01956619105702752
       12.362109       2.3561945     0.01956619105702741

       12.422266      0.78539816     0.01912519158452557
       12.422266       2.3561945     0.01912519158452546

       12.482422      0.78539816      0.0186911198126115
       12.482422       2.3561945     0.01869111981261136

       12.542578      0.78539816     0.01826395565413353
       12.542578       2.3561945      0.0182639556541334

       12.602734      0.78539816     0.01784367632084254
       12.602734       2.3561945     0.01784367632084245

       12.662891      0.78539816     0.01743025639029267
       12.662891       2.3561945     0.01743025639029258

       12.723047      0.78539816      0.0170236678736633
       12.723047       2.3561945     0.01702366787366318

       12.783203      0.78539816     0.01662388028442273
       12.783203       2.3561945     0.01662388028442261

       12.843359      0.78539816     0.01623086070773327
       12.843359       2.3561945     0.01623086070773319

       12.903516      0.78539816     0.01584457387051631
       12.903516       2.3561945     0.01584457387051624

       12.963672      0.78539816     0.01546498221208838
       12.963672       2.3561945     0.01546498221208834

       13.023828      0.78539816     0.01509204595527349
       13.023828       2.3561945     0.01509204595527346

       13.083984      0.78539816     0.01472572317791597
       13.083984       2.3561945     0.01472572317791593

       13.144141      0.78539816      0.0143659698847037
       13.144141       2.3561945     0.01436596988470367

       13.204297      0.78539816     0.01401274007921868
       13.204297       2.3561945      0.0140127400792187

       13.264453      0.78539816     0.01366598583613991
       13.264453       2.3561945      0.0136659858361399

       13.324609      0.78539816     0.01332565737350977
       13.324609       2.3561945     0.01332565737350974

       13.384766      0.78539816     0.01299170312499023
       13.384766       2.3561945     0.01299170312499023

       13.444922      0.78539816     0.01266406981203436
       13.444922       2.3561945      0.0126640698120343

       13.505078      0.78539816     0.01234270251589677
       13.505078       2.3561945     0.01234270251589668

       13.565234      0.78539816     0.01202754474941151
       13.565234       2.3561945     0.01202754474941147

       13.625391      0.78539816     0.01171853852846381
       13.625391       2.3561945      0.0117185385284638

       13.685547      0.78539816     0.01141562444309158
       13.685547       2.3561945     0.01141562444309154

       13.745703      0.78539816     0.01111874172814612
       13.745703       2.3561945     0.01111874172814605

       13.805859      0.78539816     0.01082782833345744
       13.805859       2.3561945      0.0108278283334574

       13.866016      0.78539816     0.01054282099341632
       13.866016       2.3561945      0.0105428209934163

       13.926172      0.78539816     0.01026365529597694
       13.926172       2.3561945     0.01026365529597692

       13.986328      0.78539816    0.009990265750864619
       13.986328       2.3561945    0.009990265750864598

       14.046484      0.78539816      0.0097225858573355
       14.046484       2.3561945    0.009722585857335441

       14.106641      0.78539816    0.009460548170404036
       14.106641       2.3561945    0.009460548170403964

       14.166797      0.78539816    0.009204084368121543
       14.166797       2.3561945    0.009204084368121505

       14.226953      0.78539816    0.008953125313171828
       14.226953       2.3561945    0.008953125313171837

       14.287109      0.78539816    0.008707601125647852
       14.287109       2.3561945    0.008707601125647847

       14.347266      0.78539816    0.008467441224309018
       14.347266       2.3561945    0.008467441224308991

       14.407422      0.78539816    0.008232574443577475
       14.407422       2.3561945    0.008232574443577473

       14.467578      0.78539816    0.008002928957057863
       14.467578       2.3561945    0.008002928957057894

       14.527734      0.78539816    0.007778432681869767
       14.527734       2.3561945    0.007778432681869807

       14.587891      0.78539816    0.007559012472718659
       14.587891       2.3561945    0.007559012472718677

       14.648047      0.78539816     0.00734459632833025
       14.648047       2.3561945    0.007344596328330252

       14.708203      0.78539816    0.007135108731886722
       14.708203       2.3561945    0.007135108731886718

       14.768359      0.78539816    0.006930475029444949
       14.768359       2.3561945    0.006930475029444934

       14.828516      0.78539816    0.006730652510857859
       14.828516       2.3561945    0.006730652510857829

       14.888672      0.78539816    0.006535606561234815
       14.888672       2.3561945    0.006535606561234798

       14.948828      0.78539816    0.006342356260182147
       14.948828       2.3561945     0.00634235626018212

       15.008984      0.78539816    0.006176867133153755
       15.008984       2.3561945    0.006176867133153716

       15.069141      0.78539816    0.005935125998544195
       15.069141       2.3561945    0.005935125998544184

       15.129297      0.78539816    0.005261828725329747
       15.129297       2.3561945    0.005261828725329746

       15.189453      0.78539816     0.01089145552584761
       15.189453       2.3561945     0.01089145552584754

       15.249609      0.78539816    0.002532260499437579
       15.249609       2.3561945    0.002532260499437551

       15.309766      0.78539816     0.02255696004633902
       15.309766       2.3561945     0.02255696004633876

       15.369922      0.78539816       8.842945819959517
       15.369922       2.3561945       8.842945819959485

       15.430078      0.78539816                       0
       15.430078       2.3561945                       0

       15.490234      0.78539816                       0
       15.490234       2.3561945                       0

       15.550391      0.78539816                       0
       15.550391       2.3561945                       0

       15.610547      0.78539816                       0
       15.610547       2.3561945                       0

