                0.390625      0.7853981633974483       0.119024415433736
                0.390625       2.356194490192345       0.119024415433736

                1.171875      0.7853981633974483      0.1163257033919259
                1.171875       2.356194490192345      0.1163257033919259

                1.953125      0.7853981633974483      0.1111097326744424
                1.953125       2.356194490192345      0.1111097326744424

                2.734375      0.7853981633974483      0.1037193187961816
                2.734375       2.356194490192345      0.1037193187961816

                3.515625      0.7853981633974483     0.09462153262120467
                3.515625       2.356194490192345     0.09462153262120467

                4.296875      0.7853981633974483     0.08435913181994913
                4.296875       2.356194490192345     0.08435913181994913

                5.078125      0.7853981633974483     0.07349750763207738
                5.078125       2.356194490192345     0.07349750763207738

                5.859375      0.7853981633974483     0.06257427625130338
                5.859375       2.356194490192345     0.06257427625130338

                6.640625      0.7853981633974483     0.05205758843544155
                6.640625       2.356194490192345     0.05205758843544155

                7.421875      0.7853981633974483     0.04231727516811186
                7.421875       2.356194490192345     0.04231727516811186

                8.203125      0.7853981633974483     0.03361055289542344
                8.203125       2.356194490192345     0.03361055289542344

                8.984375      0.7853981633974483     0.02608167447456786
                8.984375       2.356194490192345     0.02608167447456786

                9.765625      0.7853981633974483     0.01977304694208335
                9.765625       2.356194490192345     0.01977304694208335

               10.546875      0.7853981633974483      0.0146442005767084
               10.546875       2.356194490192345      0.0146442005767084

               11.328125      0.7853981633974483     0.01059465266994356
               11.328125       2.356194490192345     0.01059465266994356

               12.109375      0.7853981633974483    0.007487062185498454
               12.109375       2.356194490192345    0.007487062185498454

               12.890625      0.7853981633974483    0.005167902951880247
               12.890625       2.356194490192345    0.005167902951880247

               13.671875      0.7853981633974483     0.00348393490226809
               13.671875       2.356194490192345     0.00348393490226809

               14.453125      0.7853981633974483    0.002293788099495081
               14.453125       2.356194490192345    0.002293788099495081

               15.234375      0.7853981633974483    0.001474821076819996
               15.234375       2.356194490192345    0.001474821076819996

               16.015625      0.7853981633974483   0.0009259848309483917
               16.015625       2.356194490192345   0.0009259848309483917

               16.796875      0.7853981633974483   0.0005677057177842137
               16.796875       2.356194490192345   0.0005677057177842137

               17.578125      0.7853981633974483   0.0003398401037664925
               17.578125       2.356194490192345   0.0003398401037664925

               18.359375      0.7853981633974483   0.0001986258989152585
               18.359375       2.356194490192345   0.0001986258989152585

               19.140625      0.7853981633974483   0.0001133406819994483
               19.140625       2.356194490192345   0.0001133406819994483

               19.921875      0.7853981633974483   6.313994578638423e-05
               19.921875       2.356194490192345   6.313994578638423e-05

               20.703125      0.7853981633974483   3.433774145912261e-05
               20.703125       2.356194490192345   3.433774145912261e-05

               21.484375      0.7853981633974483   1.822930322142741e-05
               21.484375       2.356194490192345   1.822930322142741e-05

               22.265625      0.7853981633974483   9.446738705248861e-06
               22.265625       2.356194490192345   9.446738705248861e-06

               23.046875      0.7853981633974483   4.778492239788608e-06
               23.046875       2.356194490192345   4.778492239788608e-06

               23.828125      0.7853981633974483   2.359291734992442e-06
               23.828125       2.356194490192345   2.359291734992442e-06

               24.609375      0.7853981633974483   1.136945834490443e-06
               24.609375       2.356194490192345   1.136945834490443e-06

               25.390625      0.7853981633974483    5.34751229522714e-07
               25.390625       2.356194490192345    5.34751229522714e-07

               26.171875      0.7853981633974483   2.454737869826173e-07
               26.171875       2.356194490192345   2.454737869826173e-07

               26.953125      0.7853981633974483   1.099735045759112e-07
               26.953125       2.356194490192345   1.099735045759112e-07

               27.734375      0.7853981633974483   4.808280050721265e-08
               27.734375       2.356194490192345   4.808280050721265e-08

               28.515625      0.7853981633974483   2.051635128997992e-08
               28.515625       2.356194490192345   2.051635128997992e-08

               29.296875      0.7853981633974483   8.542989643895913e-09
               29.296875       2.356194490192345   8.542989643895913e-09

               30.078125      0.7853981633974483   3.471446181723918e-09
               30.078125       2.356194490192345   3.471446181723918e-09

               30.859375      0.7853981633974483   1.376556066579435e-09
               30.859375       2.356194490192345   1.376556066579435e-09

               31.640625      0.7853981633974483   5.326636224711509e-10
               31.640625       2.356194490192345   5.326636224711509e-10

               32.421875      0.7853981633974483   2.011320131239401e-10
               32.421875       2.356194490192345   2.011320131239401e-10

               33.203125      0.7853981633974483    7.41092343456109e-11
               33.203125       2.356194490192345    7.41092343456109e-11

               33.984375      0.7853981633974483   2.664531673589942e-11
               33.984375       2.356194490192345   2.664531673589942e-11

               34.765625      0.7853981633974483   9.348067830597974e-12
               34.765625       2.356194490192345   9.348067830597974e-12

               35.546875      0.7853981633974483   3.200152470878347e-12
               35.546875       2.356194490192345   3.200152470878347e-12

               36.328125      0.7853981633974483   1.068964324224037e-12
               36.328125       2.356194490192345   1.068964324224037e-12

               37.109375      0.7853981633974483   3.484141301617138e-13
               37.109375       2.356194490192345   3.484141301617138e-13

               37.890625      0.7853981633974483   1.108064336251276e-13
               37.890625       2.356194490192345   1.108064336251276e-13

               38.671875      0.7853981633974483   3.438490858691477e-14
               38.671875       2.356194490192345   3.438490858691477e-14

               39.453125      0.7853981633974483    1.04112239072763e-14
               39.453125       2.356194490192345    1.04112239072763e-14

               40.234375      0.7853981633974483   3.075844324914493e-15
               40.234375       2.356194490192345   3.075844324914493e-15

               41.015625      0.7853981633974483    8.86652579223475e-16
               41.015625       2.356194490192345    8.86652579223475e-16

               41.796875      0.7853981633974483    2.49383289699612e-16
               41.796875       2.356194490192345    2.49383289699612e-16

               42.578125      0.7853981633974483   6.843911144295348e-17
               42.578125       2.356194490192345   6.843911144295348e-17

               43.359375      0.7853981633974483   1.832580859523461e-17
               43.359375       2.356194490192345   1.832580859523461e-17

               44.140625      0.7853981633974483   4.787871963821481e-18
               44.140625       2.356194490192345   4.787871963821481e-18

               44.921875      0.7853981633974483   1.220510498884391e-18
               44.921875       2.356194490192345   1.220510498884391e-18

               45.703125      0.7853981633974483   3.035703155996478e-19
               45.703125       2.356194490192345   3.035703155996478e-19

               46.484375      0.7853981633974483   7.367077063231426e-20
               46.484375       2.356194490192345   7.367077063231426e-20

               47.265625      0.7853981633974483   1.744410657953518e-20
               47.265625       2.356194490192345   1.744410657953518e-20

               48.046875      0.7853981633974483   4.030133833784428e-21
               48.046875       2.356194490192345   4.030133833784428e-21

               48.828125      0.7853981633974483   9.084628119713386e-22
               48.828125       2.356194490192345   9.084628119713386e-22

               49.609375      0.7853981633974483    1.99807427014643e-22
               49.609375       2.356194490192345    1.99807427014643e-22

               50.390625      0.7853981633974483   4.287783283563833e-23
               50.390625       2.356194490192345   4.287783283563833e-23

               51.171875      0.7853981633974483    8.97781768937205e-24
               51.171875       2.356194490192345    8.97781768937205e-24

               51.953125      0.7853981633974483   1.834110955076012e-24
               51.953125       2.356194490192345   1.834110955076012e-24

               52.734375      0.7853981633974483   3.655926721231671e-25
               52.734375       2.356194490192345   3.655926721231671e-25

               53.515625      0.7853981633974483   7.110279432515039e-26
               53.515625       2.356194490192345   7.110279432515039e-26

               54.296875      0.7853981633974483   1.349253274355033e-26
               54.296875       2.356194490192345   1.349253274355033e-26

               55.078125      0.7853981633974483   2.498148722726333e-27
               55.078125       2.356194490192345   2.498148722726333e-27

               55.859375      0.7853981633974483   4.512960347354467e-28
               55.859375       2.356194490192345   4.512960347354467e-28

               56.640625      0.7853981633974483   7.954696805977098e-29
               56.640625       2.356194490192345   7.954696805977098e-29

               57.421875      0.7853981633974483   1.368059975291984e-29
               57.421875       2.356194490192345   1.368059975291984e-29

               58.203125      0.7853981633974483   2.295654775321515e-30
               58.203125       2.356194490192345   2.295654775321515e-30

               58.984375      0.7853981633974483    3.75862095540424e-31
               58.984375       2.356194490192345    3.75862095540424e-31

               59.765625      0.7853981633974483   6.004427383012465e-32
               59.765625       2.356194490192345   6.004427383012465e-32

               60.546875      0.7853981633974483   9.359149952091803e-33
               60.546875       2.356194490192345   9.359149952091803e-33

               61.328125      0.7853981633974483   1.423389007205636e-33
               61.328125       2.356194490192345   1.423389007205636e-33

               62.109375      0.7853981633974483    2.11219432904073e-34
               62.109375       2.356194490192345    2.11219432904073e-34

               62.890625      0.7853981633974483    3.05821410068018e-35
               62.890625       2.356194490192345    3.05821410068018e-35

               63.671875      0.7853981633974483   4.320423807019613e-36
               63.671875       2.356194490192345   4.320423807019613e-36

               64.453125      0.7853981633974483   5.955386846215687e-37
               64.453125       2.356194490192345   5.955386846215687e-37

               65.234375      0.7853981633974483   8.009759749389089e-38
               65.234375       2.356194490192345   8.009759749389089e-38

               66.015625      0.7853981633974483   1.051128033261962e-38
               66.015625       2.356194490192345   1.051128033261962e-38

               66.796875      0.7853981633974483   1.345919551953549e-39
               66.796875       2.356194490192345   1.345919551953549e-39

               67.578125      0.7853981633974483   1.681553474013649e-40
               67.578125       2.356194490192345   1.681553474013649e-40

               68.359375      0.7853981633974483   2.049892595587046e-41
               68.359375       2.356194490192345   2.049892595587046e-41

               69.140625      0.7853981633974483    2.43826622845841e-42
               69.140625       2.356194490192345    2.43826622845841e-42

               69.921875      0.7853981633974483   2.829837405906025e-43
               69.921875       2.356194490192345   2.829837405906025e-43

               70.703125      0.7853981633974483   3.204593413527743e-44
               70.703125       2.356194490192345   3.204593413527743e-44

               71.484375      0.7853981633974483    3.54092095115562e-45
               71.484375       2.356194490192345    3.54092095115562e-45

               72.265625      0.7853981633974483   3.817614912511813e-46
               72.265625       2.356194490192345   3.817614912511813e-46

               73.046875      0.7853981633974483   4.016070632555899e-47
               73.046875       2.356194490192345   4.016070632555899e-47

               73.828125      0.7853981633974483   4.122347949805725e-48
               73.828125       2.356194490192345   4.122347949805725e-48

               74.609375      0.7853981633974483   4.128789753125526e-49
               74.609375       2.356194490192345   4.128789753125526e-49

               75.390625      0.7853981633974483    4.03493408043716e-50
               75.390625       2.356194490192345    4.03493408043716e-50

               76.171875      0.7853981633974483   3.847568876885938e-51
               76.171875       2.356194490192345   3.847568876885938e-51

               76.953125      0.7853981633974483   3.579920400244379e-52
               76.953125       2.356194490192345   3.579920400244379e-52

               77.734375      0.7853981633974483   3.250110033008839e-53
               77.734375       2.356194490192345   3.250110033008839e-53

               78.515625      0.7853981633974483    2.87912949376287e-54
               78.515625       2.356194490192345    2.87912949376287e-54

               79.296875      0.7853981633974483    2.48864803287883e-55
               79.296875       2.356194490192345    2.48864803287883e-55

               80.078125      0.7853981633974483   2.098966978387408e-56
               80.078125       2.356194490192345   2.098966978387408e-56

               80.859375      0.7853981633974483   1.727381534346522e-57
               80.859375       2.356194490192345   1.727381534346522e-57

               81.640625      0.7853981633974483   1.387114030214077e-58
               81.640625       2.356194490192345   1.387114030214077e-58

               82.421875      0.7853981633974483    1.08687089771905e-59
               82.421875       2.356194490192345    1.08687089771905e-59

               83.203125      0.7853981633974483   8.309718860010017e-61
               83.203125       2.356194490192345   8.309718860010017e-61

               83.984375      0.7853981633974483   6.199232711782451e-62
               83.984375       2.356194490192345   6.199232711782451e-62

               84.765625      0.7853981633974483   4.512668613813252e-63
               84.765625       2.356194490192345   4.512668613813252e-63

               85.546875      0.7853981633974483   3.205335453409224e-64
               85.546875       2.356194490192345   3.205335453409224e-64

               86.328125      0.7853981633974483   2.221563409870081e-65
               86.328125       2.356194490192345   2.221563409870081e-65

               87.109375      0.7853981633974483   1.502414457838115e-66
               87.109375       2.356194490192345   1.502414457838115e-66

               87.890625      0.7853981633974483   9.914418165101342e-68
               87.890625       2.356194490192345   9.914418165101342e-68

               88.671875      0.7853981633974483    6.38398362484115e-69
               88.671875       2.356194490192345    6.38398362484115e-69

               89.453125      0.7853981633974483   4.011104327465626e-70
               89.453125       2.356194490192345   4.011104327465626e-70

               90.234375      0.7853981633974483   2.459146563147897e-71
               90.234375       2.356194490192345   2.459146563147897e-71

               91.015625      0.7853981633974483   1.471139043204702e-72
               91.015625       2.356194490192345   1.471139043204702e-72

               91.796875      0.7853981633974483   8.587613047168628e-74
               91.796875       2.356194490192345   8.587613047168628e-74

               92.578125      0.7853981633974483   4.891490626895484e-75
               92.578125       2.356194490192345   4.891490626895484e-75

               93.359375      0.7853981633974483   2.718695478797715e-76
               93.359375       2.356194490192345   2.718695478797715e-76

               94.140625      0.7853981633974483   1.474453378762566e-77
               94.140625       2.356194490192345   1.474453378762566e-77

               94.921875      0.7853981633974483   7.802849274568161e-79
               94.921875       2.356194490192345   7.802849274568161e-79

               95.703125      0.7853981633974483   4.029281666927655e-80
               95.703125       2.356194490192345   4.029281666927655e-80

               96.484375      0.7853981633974483   2.030274740424283e-81
               96.484375       2.356194490192345   2.030274740424283e-81

               97.265625      0.7853981633974483   9.982407567232514e-83
               97.265625       2.356194490192345   9.982407567232514e-83

               98.046875      0.7853981633974483   4.789273152417243e-84
               98.046875       2.356194490192345   4.789273152417243e-84

               98.828125      0.7853981633974483   2.242116913433626e-85
               98.828125       2.356194490192345   2.242116913433626e-85

               99.609375      0.7853981633974483   1.024240031891128e-86
               99.609375       2.356194490192345   1.024240031891128e-86

              100.390625      0.7853981633974483   4.565628598777792e-88
              100.390625       2.356194490192345   4.565628598777792e-88

              101.171875      0.7853981633974483   1.985890271245029e-89
              101.171875       2.356194490192345   1.985890271245029e-89

              101.953125      0.7853981633974483   8.428809439553552e-91
              101.953125       2.356194490192345   8.428809439553552e-91

              102.734375      0.7853981633974483    3.49087275325646e-92
              102.734375       2.356194490192345    3.49087275325646e-92

              103.515625      0.7853981633974483   1.410779265480594e-93
              103.515625       2.356194490192345   1.410779265480594e-93

              104.296875      0.7853981633974483   5.563420000965676e-95
              104.296875       2.356194490192345   5.563420000965676e-95

              105.078125      0.7853981633974483   2.140833111296597e-96
              105.078125       2.356194490192345   2.140833111296597e-96

              105.859375      0.7853981633974483   8.038636948176844e-98
              105.859375       2.356194490192345   8.038636948176844e-98

              106.640625      0.7853981633974483   2.945378387988395e-99
              106.640625       2.356194490192345   2.945378387988395e-99

              107.421875      0.7853981633974483  1.053074975033569e-100
              107.421875       2.356194490192345  1.053074975033569e-100

              108.203125      0.7853981633974483  3.673985473860375e-102
              108.203125       2.356194490192345  3.673985473860375e-102

              108.984375      0.7853981633974483  1.250765653335598e-103
              108.984375       2.356194490192345  1.250765653335598e-103

              109.765625      0.7853981633974483  4.155040349967388e-105
              109.765625       2.356194490192345  4.155040349967388e-105

              110.546875      0.7853981633974483  1.346901208454049e-106
              110.546875       2.356194490192345  1.346901208454049e-106

              111.328125      0.7853981633974483  4.260473249133942e-108
              111.328125       2.356194490192345  4.260473249133942e-108

              112.109375      0.7853981633974483  1.315049030293826e-109
              112.109375       2.356194490192345  1.315049030293826e-109

              112.890625      0.7853981633974483  3.960850436194702e-111
              112.890625       2.356194490192345  3.960850436194702e-111

              113.671875      0.7853981633974483  1.164119930333589e-112
              113.671875       2.356194490192345  1.164119930333589e-112

              114.453125      0.7853981633974483  3.338644443709274e-114
              114.453125       2.356194490192345  3.338644443709274e-114

              115.234375      0.7853981633974483  9.343426137409993e-116
              115.234375       2.356194490192345  9.343426137409993e-116

              116.015625      0.7853981633974483  2.551561579843193e-117
              116.015625       2.356194490192345  2.551561579843193e-117

              116.796875      0.7853981633974483  6.799394312266668e-119
              116.796875       2.356194490192345  6.799394312266668e-119

              117.578125      0.7853981633974483  1.768068296419407e-120
              117.578125       2.356194490192345  1.768068296419407e-120

              118.359375      0.7853981633974483  4.486346737605036e-122
              118.359375       2.356194490192345  4.486346737605036e-122

              119.140625      0.7853981633974483  1.110841188208647e-123
              119.140625       2.356194490192345  1.110841188208647e-123

              119.921875      0.7853981633974483  2.683964676392724e-125
              119.921875       2.356194490192345  2.683964676392724e-125

              120.703125      0.7853981633974483  6.328017031677176e-127
              120.703125       2.356194490192345  6.328017031677176e-127

              121.484375      0.7853981633974483  1.455877516303615e-128
              121.484375       2.356194490192345  1.455877516303615e-128

              122.265625      0.7853981633974483   3.26850176712471e-130
              122.265625       2.356194490192345   3.26850176712471e-130

              123.046875      0.7853981633974483  7.160438495738528e-132
              123.046875       2.356194490192345  7.160438495738528e-132

              123.828125      0.7853981633974483  1.530727352478012e-133
              123.828125       2.356194490192345  1.530727352478012e-133

              124.609375      0.7853981633974483  3.193182282115669e-135
              124.609375       2.356194490192345  3.193182282115669e-135

              125.390625      0.7853981633974483  6.500062518942406e-137
              125.390625       2.356194490192345  6.500062518942406e-137

              126.171875      0.7853981633974483  1.291158674835835e-138
              126.171875       2.356194490192345  1.291158674835835e-138

              126.953125      0.7853981633974483  2.502708469928273e-140
              126.953125       2.356194490192345  2.502708469928273e-140

              127.734375      0.7853981633974483  4.733798512675438e-142
              127.734375       2.356194490192345  4.733798512675438e-142

              128.515625      0.7853981633974483  8.737323722028735e-144
              128.515625       2.356194490192345  8.737323722028735e-144

              129.296875      0.7853981633974483  1.573680364880418e-145
              129.296875       2.356194490192345  1.573680364880418e-145

              130.078125      0.7853981633974483  2.765822792848718e-147
              130.078125       2.356194490192345  2.765822792848718e-147

              130.859375      0.7853981633974483  4.743535805016915e-149
              130.859375       2.356194490192345  4.743535805016915e-149

              131.640625      0.7853981633974483   7.93871659050001e-151
              131.640625       2.356194490192345   7.93871659050001e-151

              132.421875      0.7853981633974483  1.296489395924244e-152
              132.421875       2.356194490192345  1.296489395924244e-152

              133.203125      0.7853981633974483  2.066133906312555e-154
              133.203125       2.356194490192345  2.066133906312555e-154

              133.984375      0.7853981633974483  3.213061589795632e-156
              133.984375       2.356194490192345  3.213061589795632e-156

              134.765625      0.7853981633974483  4.875857306892466e-158
              134.765625       2.356194490192345  4.875857306892466e-158

              135.546875      0.7853981633974483  7.220288207691817e-160
              135.546875       2.356194490192345  7.220288207691817e-160

              136.328125      0.7853981633974483  1.043349812825046e-161
              136.328125       2.356194490192345  1.043349812825046e-161

              137.109375      0.7853981633974483  1.471219475384252e-163
              137.109375       2.356194490192345  1.471219475384252e-163

              137.890625      0.7853981633974483   2.02440475578422e-165
              137.890625       2.356194490192345   2.02440475578422e-165

              138.671875      0.7853981633974483  2.718252755898758e-167
              138.671875       2.356194490192345  2.718252755898758e-167

              139.453125      0.7853981633974483  3.561682233747497e-169
              139.453125       2.356194490192345  3.561682233747497e-169

              140.234375      0.7853981633974483  4.554005856158092e-171
              140.234375       2.356194490192345  4.554005856158092e-171

              141.015625      0.7853981633974483  5.682053455685112e-173
              141.015625       2.356194490192345  5.682053455685112e-173

              141.796875      0.7853981633974483  6.918159837759477e-175
              141.796875       2.356194490192345  6.918159837759477e-175

              142.578125      0.7853981633974483  8.219580288738151e-177
              142.578125       2.356194490192345  8.219580288738151e-177

              143.359375      0.7853981633974483  9.529775948361134e-179
              143.359375       2.356194490192345  9.529775948361134e-179

              144.140625      0.7853981633974483  1.078176738249904e-180
              144.140625       2.356194490192345  1.078176738249904e-180

              144.921875      0.7853981633974483  1.190341740144565e-182
              144.921875       2.356194490192345  1.190341740144565e-182

              145.703125      0.7853981633974483  1.282413321334446e-184
              145.703125       2.356194490192345  1.282413321334446e-184

              146.484375      0.7853981633974483  1.348215277580391e-186
              146.484375       2.356194490192345  1.348215277580391e-186

              147.265625      0.7853981633974483  1.383138093804438e-188
              147.265625       2.356194490192345  1.383138093804438e-188

              148.046875      0.7853981633974483  1.384672678564708e-190
              148.046875       2.356194490192345  1.384672678564708e-190

              148.828125      0.7853981633974483  1.352708408209134e-192
              148.828125       2.356194490192345  1.352708408209134e-192

              149.609375      0.7853981633974483  1.289546310970438e-194
              149.609375       2.356194490192345  1.289546310970438e-194

              150.390625      0.7853981633974483  1.199625208803729e-196
              150.390625       2.356194490192345  1.199625208803729e-196

              151.171875      0.7853981633974483  1.089006083001858e-198
              151.171875       2.356194490192345  1.089006083001858e-198

              151.953125      0.7853981633974483  9.646978346202402e-201
              151.953125       2.356194490192345  9.646978346202402e-201

              152.734375      0.7853981633974483  8.339284081672922e-203
              152.734375       2.356194490192345  8.339284081672922e-203

              153.515625      0.7853981633974483  7.034656384249935e-205
              153.515625       2.356194490192345  7.034656384249935e-205

              154.296875      0.7853981633974483  5.790737124450352e-207
              154.296875       2.356194490192345  5.790737124450352e-207

              155.078125      0.7853981633974483  4.651594375891262e-209
              155.078125       2.356194490192345  4.651594375891262e-209

              155.859375      0.7853981633974483  3.646254932399272e-211
              155.859375       2.356194490192345  3.646254932399272e-211

              156.640625      0.7853981633974483  2.789135463612077e-213
              156.640625       2.356194490192345  2.789135463612077e-213

              157.421875      0.7853981633974483  2.081947375113458e-215
              157.421875       2.356194490192345  2.081947375113458e-215

              158.203125      0.7853981633974483  1.516518190783071e-217
              158.203125       2.356194490192345  1.516518190783071e-217

              158.984375      0.7853981633974483  1.077961894216576e-219
              158.984375       2.356194490192345  1.077961894216576e-219

              159.765625      0.7853981633974483  7.477170297976307e-222
              159.765625       2.356194490192345  7.477170297976307e-222

              160.546875      0.7853981633974483  5.061152013147452e-224
              160.546875       2.356194490192345  5.061152013147452e-224

              161.328125      0.7853981633974483  3.343027146230393e-226
              161.328125       2.356194490192345  3.343027146230393e-226

              162.109375      0.7853981633974483  2.154810089248572e-228
              162.109375       2.356194490192345  2.154810089248572e-228

              162.890625      0.7853981633974483  1.355366773064142e-230
              162.890625       2.356194490192345  1.355366773064142e-230

              163.671875      0.7853981633974483  8.319238321974813e-233
              163.671875       2.356194490192345  8.319238321974813e-233

              164.453125      0.7853981633974483  4.982982376003111e-235
              164.453125       2.356194490192345  4.982982376003111e-235

              165.234375      0.7853981633974483  2.912556416655381e-237
              165.234375       2.356194490192345  2.912556416655381e-237

              166.015625      0.7853981633974483  1.661264196959364e-239
              166.015625       2.356194490192345  1.661264196959364e-239

              166.796875      0.7853981633974483  9.246610834893952e-242
              166.796875       2.356194490192345  9.246610834893952e-242

              167.578125      0.7853981633974483   5.02234010794486e-244
              167.578125       2.356194490192345   5.02234010794486e-244

              168.359375      0.7853981633974483  2.662008711758311e-246
              168.359375       2.356194490192345  2.662008711758311e-246

              169.140625      0.7853981633974483   1.37686951738965e-248
              169.140625       2.356194490192345   1.37686951738965e-248

              169.921875      0.7853981633974483  6.949542290152311e-251
              169.921875       2.356194490192345  6.949542290152311e-251

              170.703125      0.7853981633974483  3.422944566487292e-253
              170.703125       2.356194490192345  3.422944566487292e-253

              171.484375      0.7853981633974483  1.645219762787426e-255
              171.484375       2.356194490192345  1.645219762787426e-255

              172.265625      0.7853981633974483  7.716644565395368e-258
              172.265625       2.356194490192345  7.716644565395368e-258

              173.046875      0.7853981633974483  3.531943443993011e-260
              173.046875       2.356194490192345  3.531943443993011e-260

              173.828125      0.7853981633974483  1.577537840840515e-262
              173.828125       2.356194490192345  1.577537840840515e-262

              174.609375      0.7853981633974483  6.875855888678538e-265
              174.609375       2.356194490192345  6.875855888678538e-265

              175.390625      0.7853981633974483  2.924521469122495e-267
              175.390625       2.356194490192345  2.924521469122495e-267

              176.171875      0.7853981633974483  1.213847313106862e-269
              176.171875       2.356194490192345  1.213847313106862e-269

              176.953125      0.7853981633974483  4.916484085074327e-272
              176.953125       2.356194490192345  4.916484085074327e-272

              177.734375      0.7853981633974483  1.943241027075683e-274
              177.734375       2.356194490192345  1.943241027075683e-274

              178.515625      0.7853981633974483  7.495149296702391e-277
              178.515625       2.356194490192345  7.495149296702391e-277

              179.296875      0.7853981633974483  2.821081375761578e-279
              179.296875       2.356194490192345  2.821081375761578e-279

              180.078125      0.7853981633974483  1.036174194283439e-281
              180.078125       2.356194490192345  1.036174194283439e-281

              180.859375      0.7853981633974483  3.713914359950385e-284
              180.859375       2.356194490192345  3.713914359950385e-284

              181.640625      0.7853981633974483  1.299011732248936e-286
              181.640625       2.356194490192345  1.299011732248936e-286

              182.421875      0.7853981633974483  4.433803653687173e-289
              182.421875       2.356194490192345  4.433803653687173e-289

              183.203125      0.7853981633974483  1.476801597184591e-291
              183.203125       2.356194490192345  1.476801597184591e-291

              183.984375      0.7853981633974483   4.80009993870121e-294
              183.984375       2.356194490192345   4.80009993870121e-294

              184.765625      0.7853981633974483  1.522512793941566e-296
              184.765625       2.356194490192345  1.522512793941566e-296

              185.546875      0.7853981633974483  4.712531662290637e-299
              185.546875       2.356194490192345  4.712531662290637e-299

              186.328125      0.7853981633974483  1.423411215297129e-301
              186.328125       2.356194490192345  1.423411215297129e-301

              187.109375      0.7853981633974483  4.195554519989043e-304
              187.109375       2.356194490192345  4.195554519989043e-304

              187.890625      0.7853981633974483  1.206789014718774e-306
              187.890625       2.356194490192345  1.206789014718774e-306

              188.671875      0.7853981633974483  3.387321587713745e-309
              188.671875       2.356194490192345  3.387321587713745e-309

              189.453125      0.7853981633974483   9.27822119516972e-312
              189.453125       2.356194490192345   9.27822119516972e-312

              190.234375      0.7853981633974483  2.480026555523873e-314
              190.234375       2.356194490192345  2.480026555523873e-314

              191.015625      0.7853981633974483   6.46891563016363e-317
              191.015625       2.356194490192345   6.46891563016363e-317

              191.796875      0.7853981633974483  1.646720797588875e-319
              191.796875       2.356194490192345  1.646720797588875e-319

              192.578125      0.7853981633974483  4.150151425066471e-322
              192.578125       2.356194490192345  4.150151425066471e-322

              193.359375      0.7853981633974483                       0
              193.359375       2.356194490192345                       0

              194.140625      0.7853981633974483                       0
              194.140625       2.356194490192345                       0

              194.921875      0.7853981633974483                       0
              194.921875       2.356194490192345                       0

              195.703125      0.7853981633974483                       0
              195.703125       2.356194490192345                       0

              196.484375      0.7853981633974483                       0
              196.484375       2.356194490192345                       0

              197.265625      0.7853981633974483                       0
              197.265625       2.356194490192345                       0

              198.046875      0.7853981633974483                       0
              198.046875       2.356194490192345                       0

              198.828125      0.7853981633974483                       0
              198.828125       2.356194490192345                       0

              199.609375      0.7853981633974483                       0
              199.609375       2.356194490192345                       0

              200.390625      0.7853981633974483                       0
              200.390625       2.356194490192345                       0

              201.171875      0.7853981633974483                       0
              201.171875       2.356194490192345                       0

              201.953125      0.7853981633974483                       0
              201.953125       2.356194490192345                       0

              202.734375      0.7853981633974483                       0
              202.734375       2.356194490192345                       0

