# File created on Wed Jul  8 11:31:18 2026
# Data for Inflation GW initial data initial data at coord time 1.12447 and central proper time 1.12447
# Evolved with (264,10,9) gridpoints (including 4 ghosts)
# Evolution with geodesic slicing and constant shift shift condition 
# data for phi = 3.14159
#              r           theta             rho_ADM
#===============================================================
     0.025065104      0.78539816      0.1164437602001189
     0.025065104       2.3561945      0.1164437602001177

     0.075195312      0.78539816      0.1164351042544488
     0.075195312       2.3561945      0.1164351042544506

      0.12532552      0.78539816      0.1164177927488304
      0.12532552       2.3561945      0.1164177927488335

      0.17545573      0.78539816      0.1163918264627447
      0.17545573       2.3561945      0.1163918264627383

      0.22558594      0.78539816      0.1163572065501054
      0.22558594       2.3561945      0.1163572065501072

      0.27571615      0.78539816      0.1163139346264726
      0.27571615       2.3561945       0.116313934626476

      0.32584635      0.78539816      0.1162620126855419
      0.32584635       2.3561945      0.1162620126855387

      0.37597656      0.78539816      0.1162014432499627
      0.37597656       2.3561945      0.1162014432499634

      0.42610677      0.78539816      0.1161322292517188
      0.42610677       2.3561945      0.1161322292517199

      0.47623698      0.78539816      0.1160543742639387
      0.47623698       2.3561945      0.1160543742639356

      0.52636719      0.78539816      0.1159678822394051
      0.52636719       2.3561945       0.115967882239406

       0.5764974      0.78539816      0.1158727579942674
       0.5764974       2.3561945      0.1158727579942664

       0.6266276      0.78539816      0.1157690066076903
       0.6266276       2.3561945      0.1157690066076931

      0.67675781      0.78539816      0.1156566341836104
      0.67675781       2.3561945      0.1156566341836114

      0.72688802      0.78539816      0.1155356473354335
      0.72688802       2.3561945      0.1155356473354317

      0.77701823      0.78539816      0.1154060527934454
      0.77701823       2.3561945      0.1154060527934476

      0.82714844      0.78539816       0.115267859356082
      0.82714844       2.3561945      0.1152678593560817

      0.87727865      0.78539816      0.1151210736717809
      0.87727865       2.3561945      0.1151210736717792

      0.92740885      0.78539816      0.1149657005128832
      0.92740885       2.3561945      0.1149657005128828

      0.97753906      0.78539816      0.1148017522824373
      0.97753906       2.3561945      0.1148017522824368

       1.0276693      0.78539816      0.1146292492680611
       1.0276693       2.3561945      0.1146292492680619

       1.0777995      0.78539816      0.1144482118630093
       1.0777995       2.3561945      0.1144482118630061

       1.1279297      0.78539816      0.1142586588704396
       1.1279297       2.3561945      0.1142586588704419

       1.1780599      0.78539816      0.1140606100005041
       1.1780599       2.3561945      0.1140606100005063

       1.2281901      0.78539816      0.1138540865931399
       1.2281901       2.3561945       0.113854086593136

       1.2783203      0.78539816      0.1136391113903285
       1.2783203       2.3561945      0.1136391113903298

       1.3284505      0.78539816      0.1134157086955813
       1.3284505       2.3561945       0.113415708695583

       1.3785807      0.78539816      0.1131839045686143
       1.3785807       2.3561945      0.1131839045686116

       1.4287109      0.78539816      0.1129437269061359
       1.4287109       2.3561945      0.1129437269061349

       1.4788411      0.78539816      0.1126952055241691
       1.4788411       2.3561945      0.1126952055241702

       1.5289714      0.78539816      0.1124383722468607
       1.5289714       2.3561945      0.1124383722468623

       1.5791016      0.78539816      0.1121732609848896
       1.5791016       2.3561945      0.1121732609848869

       1.6292318      0.78539816      0.1118999078085589
       1.6292318       2.3561945      0.1118999078085632

        1.679362      0.78539816      0.1116183510175669
        1.679362       2.3561945      0.1116183510175671

       1.7294922      0.78539816      0.1113286312063216
       1.7294922       2.3561945      0.1113286312063189

       1.7796224      0.78539816       0.111030791325287
       1.7796224       2.3561945      0.1110307913252861

       1.8297526      0.78539816      0.1107248767381905
       1.8297526       2.3561945      0.1107248767381924

       1.8798828      0.78539816       0.110410935274988
       1.8798828       2.3561945       0.110410935274992

        1.930013      0.78539816      0.1100890172806152
        1.930013       2.3561945      0.1100890172806152

       1.9801432      0.78539816      0.1097591756592672
       1.9801432       2.3561945      0.1097591756592657

       2.0302734      0.78539816      0.1094214659141509
       2.0302734       2.3561945      0.1094214659141488

       2.0804036      0.78539816      0.1090759461825523
       2.0804036       2.3561945      0.1090759461825579

       2.1305339      0.78539816      0.1087226772663116
       2.1305339       2.3561945      0.1087226772663112

       2.1806641      0.78539816      0.1083617226573481
       2.1806641       2.3561945      0.1083617226573422

       2.2307943      0.78539816      0.1079931485584225
       2.2307943       2.3561945      0.1079931485584218

       2.2809245      0.78539816       0.107617023899005
       2.2809245       2.3561945       0.107617023899006

       2.3310547      0.78539816      0.1072334203461269
       2.3310547       2.3561945      0.1072334203461276

       2.3811849      0.78539816        0.10684241231028
       2.3811849       2.3561945      0.1068424123102803

       2.4313151      0.78539816       0.106444076946498
       2.4313151       2.3561945       0.106444076946499

       2.4814453      0.78539816      0.1060384941504267
       2.4814453       2.3561945      0.1060384941504249

       2.5315755      0.78539816      0.1056257465495433
       2.5315755       2.3561945      0.1056257465495433

       2.5817057      0.78539816      0.1052059194896611
       2.5817057       2.3561945       0.105205919489664

       2.6318359      0.78539816      0.1047791010166345
       2.6318359       2.3561945      0.1047791010166342

       2.6819661      0.78539816      0.1043453818533873
       2.6819661       2.3561945      0.1043453818533863

       2.7320964      0.78539816      0.1039048553725462
       2.7320964       2.3561945      0.1039048553725441

       2.7822266      0.78539816      0.1034576175645795
       2.7822266       2.3561945      0.1034576175645818

       2.8323568      0.78539816      0.1030037670016857
       2.8323568       2.3561945      0.1030037670016889

        2.882487      0.78539816       0.102543404797635
        2.882487       2.3561945      0.1025434047976367

       2.9326172      0.78539816      0.1020766345634809
       2.9326172       2.3561945      0.1020766345634802

       2.9827474      0.78539816      0.1016035623595862
       2.9827474       2.3561945      0.1016035623595845

       3.0328776      0.78539816      0.1011242966439952
       3.0328776       2.3561945      0.1011242966439947

       3.0830078      0.78539816      0.1006389482173086
       3.0830078       2.3561945      0.1006389482173081

        3.133138      0.78539816      0.1001476301642928
        3.133138       2.3561945      0.1001476301642931

       3.1832682      0.78539816      0.0996504577924328
       3.1832682       2.3561945     0.09965045779243076

       3.2333984      0.78539816     0.09914754856753995
       3.2333984       2.3561945     0.09914754856754393

       3.2835286      0.78539816     0.09863902204666689
       3.2835286       2.3561945     0.09863902204666464

       3.3336589      0.78539816      0.0981249998085441
       3.3336589       2.3561945     0.09812499980854647

       3.3837891      0.78539816     0.09760560538164678
       3.3837891       2.3561945     0.09760560538164356

       3.4339193      0.78539816      0.0970809641702043
       3.4339193       2.3561945     0.09708096417020295

       3.4840495      0.78539816     0.09655120337826606
       3.4840495       2.3561945     0.09655120337826842

       3.5341797      0.78539816     0.09601645193201623
       3.5341797       2.3561945     0.09601645193201674

       3.5843099      0.78539816     0.09547684040056888
       3.5843099       2.3561945     0.09547684040057124

       3.6344401      0.78539816     0.09493250091544908
       3.6344401       2.3561945     0.09493250091544717

       3.6845703      0.78539816     0.09438356708883698
       3.6845703       2.3561945     0.09438356708883781

       3.7347005      0.78539816     0.09383017393091676
       3.7347005       2.3561945     0.09383017393091841

       3.7848307      0.78539816     0.09327245776634976
       3.7848307       2.3561945     0.09327245776635225

       3.8349609      0.78539816     0.09271055615016369
       3.8349609       2.3561945     0.09271055615016238

       3.8850911      0.78539816     0.09214460778310395
       3.8850911       2.3561945     0.09214460778310489

       3.9352214      0.78539816     0.09157475242678326
       3.9352214       2.3561945     0.09157475242678494

       3.9853516      0.78539816     0.09100113081856875
       3.9853516       2.3561945     0.09100113081856395

       4.0354818      0.78539816     0.09042388458654539
       4.0354818       2.3561945     0.09042388458654284

        4.085612      0.78539816     0.08984315616456037
        4.085612       2.3561945     0.08984315616456343

       4.1357422      0.78539816     0.08925908870755181
       4.1357422       2.3561945     0.08925908870755282

       4.1858724      0.78539816     0.08867182600727706
       4.1858724       2.3561945      0.0886718260072769

       4.2360026      0.78539816     0.08808151240856382
       4.2360026       2.3561945      0.0880815124085625

       4.2861328      0.78539816     0.08748829272619318
       4.2861328       2.3561945     0.08748829272619742

        4.336263      0.78539816     0.08689231216253064
        4.336263       2.3561945     0.08689231216252537

       4.3863932      0.78539816     0.08629371622591167
       4.3863932       2.3561945     0.08629371622591649

       4.4365234      0.78539816     0.08569265065008698
       4.4365234       2.3561945     0.08569265065008784

       4.4866536      0.78539816     0.08508926131457288
       4.4866536       2.3561945     0.08508926131457424

       4.5367839      0.78539816     0.08448369416615625
       4.5367839       2.3561945     0.08448369416615628

       4.5869141      0.78539816     0.08387609514156566
       4.5869141       2.3561945     0.08387609514156505

       4.6370443      0.78539816     0.08326661009132376
       4.6370443       2.3561945     0.08326661009132973

       4.6871745      0.78539816     0.08265538470490572
       4.6871745       2.3561945     0.08265538470490606

       4.7373047      0.78539816     0.08204256443721877
       4.7373047       2.3561945     0.08204256443721901

       4.7874349      0.78539816     0.08142829443650108
       4.7874349       2.3561945     0.08142829443650118

       4.8375651      0.78539816     0.08081271947361106
       4.8375651       2.3561945     0.08081271947361218

       4.8876953      0.78539816     0.08019598387279009
       4.8876953       2.3561945     0.08019598387279023

       4.9378255      0.78539816     0.07957823144385977
       4.9378255       2.3561945     0.07957823144386324

       4.9879557      0.78539816     0.07895960541588613
       4.9879557       2.3561945     0.07895960541588706

       5.0380859      0.78539816     0.07834024837238523
       5.0380859       2.3561945     0.07834024837238533

       5.0882161      0.78539816     0.07772030218810891
       5.0882161       2.3561945     0.07772030218811207

       5.1383464      0.78539816     0.07709990796722982
       5.1383464       2.3561945     0.07709990796723427

       5.1884766      0.78539816     0.07647920598310874
       5.1884766       2.3561945     0.07647920598311093

       5.2386068      0.78539816     0.07585833561952654
       5.2386068       2.3561945     0.07585833561952576

        5.288737      0.78539816     0.07523743531339315
        5.288737       2.3561945     0.07523743531339429

       5.3388672      0.78539816     0.07461664249894151
       5.3388672       2.3561945     0.07461664249894194

       5.3889974      0.78539816     0.07399609355343476
       5.3889974       2.3561945     0.07399609355343521

       5.4391276      0.78539816     0.07337592374420249
       5.4391276       2.3561945     0.07337592374420192

       5.4892578      0.78539816     0.07275626717714981
       5.4892578       2.3561945     0.07275626717715282

        5.539388      0.78539816     0.07213725674657065
        5.539388       2.3561945     0.07213725674657211

       5.5895182      0.78539816     0.07151902408622826
       5.5895182       2.3561945     0.07151902408622848

       5.6396484      0.78539816     0.07090169952185264
       5.6396484       2.3561945     0.07090169952185094

       5.6897786      0.78539816     0.07028541202481772
       5.6897786       2.3561945     0.07028541202482744

       5.7399089      0.78539816     0.06967028916706036
       5.7399089       2.3561945     0.06967028916706236

       5.7900391      0.78539816     0.06905645707706357
       5.7900391       2.3561945     0.06905645707705776

       5.8401693      0.78539816     0.06844404039705827
       5.8401693       2.3561945     0.06844404039706252

       5.8902995      0.78539816     0.06783316224111365
       5.8902995       2.3561945     0.06783316224111768

       5.9404297      0.78539816     0.06722394415442334
       5.9404297       2.3561945     0.06722394415442452

       5.9905599      0.78539816     0.06661650607352773
       5.9905599       2.3561945     0.06661650607352751

       6.0406901      0.78539816     0.06601096628733735
       6.0406901       2.3561945     0.06601096628733599

       6.0908203      0.78539816     0.06540744139918833
       6.0908203       2.3561945     0.06540744139919312

       6.1409505      0.78539816     0.06480604628956205
       6.1409505       2.3561945     0.06480604628956617

       6.1910807      0.78539816      0.0642068940795662
       6.1910807       2.3561945     0.06420689407956226

       6.2412109      0.78539816     0.06361009609531455
       6.2412109       2.3561945     0.06361009609531862

       6.2913411      0.78539816     0.06301576183291636
       6.2913411       2.3561945     0.06301576183292114

       6.3414714      0.78539816     0.06242399892403874
       6.3414714       2.3561945     0.06242399892403707

       6.3916016      0.78539816     0.06183491310225109
       6.3916016       2.3561945     0.06183491310225079

       6.4417318      0.78539816     0.06124860816973826
       6.4417318       2.3561945     0.06124860816974395

        6.491862      0.78539816     0.06066518596459861
        6.491862       2.3561945     0.06066518596459743

       6.5419922      0.78539816     0.06008474632883498
       6.5419922       2.3561945      0.0600847463288342

       6.5921224      0.78539816     0.05950738707671706
       6.5921224       2.3561945     0.05950738707671933

       6.6422526      0.78539816     0.05893320396363153
       6.6422526       2.3561945     0.05893320396363312

       6.6923828      0.78539816     0.05836229065546635
       6.6923828       2.3561945     0.05836229065546588

        6.742513      0.78539816     0.05779473869825344
        6.742513       2.3561945     0.05779473869825224

       6.7926432      0.78539816     0.05723063748840106
       6.7926432       2.3561945     0.05723063748840369

       6.8427734      0.78539816     0.05667007424345646
       6.8427734       2.3561945     0.05667007424345822

       6.8929036      0.78539816     0.05611313397317881
       6.8929036       2.3561945     0.05611313397317926

       6.9430339      0.78539816     0.05555989945116975
       6.9430339       2.3561945     0.05555989945117084

       6.9931641      0.78539816     0.05501045118696728
       6.9931641       2.3561945     0.05501045118697108

       7.0432943      0.78539816     0.05446486739845097
       7.0432943       2.3561945     0.05446486739844942

       7.0934245      0.78539816     0.05392322398494201
       7.0934245       2.3561945     0.05392322398494205

       7.1435547      0.78539816     0.05338559450093658
       7.1435547       2.3561945     0.05338559450093894

       7.1936849      0.78539816     0.05285205013018111
       7.1936849       2.3561945     0.05285205013018195

       7.2438151      0.78539816     0.05232265966056947
       7.2438151       2.3561945     0.05232265966056616

       7.2939453      0.78539816      0.0517974894596055
       7.2939453       2.3561945     0.05179748945960481

       7.3440755      0.78539816     0.05127660345035479
       7.3440755       2.3561945     0.05127660345035578

       7.3942057      0.78539816     0.05076006308843514
       7.3942057       2.3561945     0.05076006308843442

       7.4443359      0.78539816     0.05024792733975758
       7.4443359       2.3561945     0.05024792733975487

       7.4944661      0.78539816     0.04974025265891736
       7.4944661       2.3561945     0.04974025265891586

       7.5445964      0.78539816     0.04923709296872924
       7.5445964       2.3561945     0.04923709296872972

       7.5947266      0.78539816     0.04873849964053526
       7.5947266       2.3561945     0.04873849964053539

       7.6448568      0.78539816     0.04824452147537361
       7.6448568       2.3561945     0.04824452147537409

        7.694987      0.78539816     0.04775520468655159
        7.694987       2.3561945     0.04775520468655178

       7.7451172      0.78539816      0.0472705928831875
       7.7451172       2.3561945     0.04727059288318824

       7.7952474      0.78539816     0.04679072705481276
       7.7952474       2.3561945     0.04679072705481079

       7.8453776      0.78539816     0.04631564555745658
       7.8453776       2.3561945      0.0463156455574563

       7.8955078      0.78539816     0.04584538410077285
       7.8955078       2.3561945     0.04584538410077153

        7.945638      0.78539816     0.04537997573647287
        7.945638       2.3561945     0.04537997573647214

       7.9957682      0.78539816     0.04491945084845382
       7.9957682       2.3561945       0.044919450848458

       8.0458984      0.78539816     0.04446383714416351
       8.0458984       2.3561945     0.04446383714415979

       8.0960286      0.78539816     0.04401315964744033
       8.0960286       2.3561945     0.04401315964743954

       8.1461589      0.78539816      0.0435674406930921
       8.1461589       2.3561945     0.04356744069309327

       8.1962891      0.78539816     0.04312669992274936
       8.1962891       2.3561945     0.04312669992275072

       8.2464193      0.78539816     0.04269095428251962
       8.2464193       2.3561945     0.04269095428251656

       8.2965495      0.78539816     0.04226021802236897
       8.2965495       2.3561945     0.04226021802236425

       8.3466797      0.78539816     0.04183450269707364
       8.3466797       2.3561945     0.04183450269707149

       8.3968099      0.78539816     0.04141381716898274
       8.3968099       2.3561945     0.04141381716898474

       8.4469401      0.78539816     0.04099816761249987
       8.4469401       2.3561945     0.04099816761250068

       8.4970703      0.78539816     0.04058755752019182
       8.4970703       2.3561945     0.04058755752018707

       8.5472005      0.78539816     0.04018198771091062
       8.5472005       2.3561945     0.04018198771090945

       8.5973307      0.78539816     0.03978145633965496
       8.5973307       2.3561945     0.03978145633965813

       8.6474609      0.78539816     0.03938595890915561
       8.6474609       2.3561945     0.03938595890915657

       8.6975911      0.78539816     0.03899548828342569
       8.6975911       2.3561945     0.03899548828342463

       8.7477214      0.78539816     0.03861003470300276
       8.7477214       2.3561945     0.03861003470299865

       8.7978516      0.78539816     0.03822958580198543
       8.7978516       2.3561945     0.03822958580198833

       8.8479818      0.78539816     0.03785412662714784
       8.8479818       2.3561945     0.03785412662714691

        8.898112      0.78539816     0.03748363965861889
        8.898112       2.3561945     0.03748363965861657

       8.9482422      0.78539816     0.03711810483243241
       8.9482422       2.3561945     0.03711810483243005

       8.9983724      0.78539816     0.03675749956502064
       8.9983724       2.3561945     0.03675749956501891

       9.0485026      0.78539816     0.03640179877919748
       9.0485026       2.3561945     0.03640179877919245

       9.0986328      0.78539816     0.03605097493206451
       9.0986328       2.3561945     0.03605097493206364

        9.148763      0.78539816      0.0357049980449021
        9.148763       2.3561945     0.03570499804490113

       9.1988932      0.78539816     0.03536383573439027
       9.1988932       2.3561945     0.03536383573438455

       9.2490234      0.78539816     0.03502745324572691
       9.2490234       2.3561945     0.03502745324572618

       9.2991536      0.78539816     0.03469581348753243
       9.2991536       2.3561945     0.03469581348753167

       9.3492839      0.78539816     0.03436887706807998
       9.3492839       2.3561945     0.03436887706807883

       9.3994141      0.78539816     0.03404660233346998
       9.3994141       2.3561945     0.03404660233346794

       9.4495443      0.78539816     0.03372894540746087
       9.4495443       2.3561945     0.03372894540745679

       9.4996745      0.78539816     0.03341586023263659
       9.4996745       2.3561945     0.03341586023263544

       9.5498047      0.78539816     0.03310729861329389
       9.5498047       2.3561945      0.0331072986132875

       9.5999349      0.78539816     0.03280321025978126
       9.5999349       2.3561945     0.03280321025978347

       9.6500651      0.78539816     0.03250354283433299
       9.6500651       2.3561945     0.03250354283433184

       9.7001953      0.78539816     0.03220824199851459
       9.7001953       2.3561945     0.03220824199851041

       9.7503255      0.78539816     0.03191725146211165
       9.7503255       2.3561945     0.03191725146211645

       9.8004557      0.78539816      0.0316305130334005
       9.8004557       2.3561945     0.03163051303339193

       9.8505859      0.78539816     0.03134796667079642
       9.8505859       2.3561945     0.03134796667079146

       9.9007161      0.78539816     0.03106955053589158
       9.9007161       2.3561945     0.03106955053589572

       9.9508464      0.78539816     0.03079520104791179
       9.9508464       2.3561945     0.03079520104791406

       10.000977      0.78539816     0.03052485293955851
       10.000977       2.3561945      0.0305248529395574

       10.051107      0.78539816     0.03025843931411097
       10.051107       2.3561945     0.03025843931410899

       10.101237      0.78539816     0.02999589170393757
       10.101237       2.3561945      0.0299958917039337

       10.151367      0.78539816     0.02973714013015417
       10.151367       2.3561945     0.02973714013014965

       10.201497      0.78539816     0.02948211316346251
       10.201497       2.3561945     0.02948211316346262

       10.251628      0.78539816     0.02923073798649009
       10.251628       2.3561945     0.02923073798648957

       10.301758      0.78539816     0.02898294045725303
       10.301758       2.3561945     0.02898294045725316

       10.351888      0.78539816       0.028738645173722
       10.351888       2.3561945     0.02873864517372149

       10.402018      0.78539816     0.02849777553978933
       10.402018       2.3561945     0.02849777553978794

       10.452148      0.78539816     0.02826025383220352
       10.452148       2.3561945     0.02826025383220263

       10.502279      0.78539816     0.02802600126854865
       10.502279       2.3561945     0.02802600126854687

       10.552409      0.78539816     0.02779493807665745
       10.552409       2.3561945     0.02779493807665687

       10.602539      0.78539816     0.02756698356491123
       10.602539       2.3561945     0.02756698356491288

       10.652669      0.78539816     0.02734205619369646
       10.652669       2.3561945     0.02734205619369456

       10.702799      0.78539816     0.02712007364815495
       10.702799       2.3561945     0.02712007364814901

        10.75293      0.78539816     0.02690095290923969
        10.75293       2.3561945     0.02690095290924087

        10.80306      0.78539816     0.02668461033346473
        10.80306       2.3561945     0.02668461033346717

        10.85319      0.78539816     0.02647096174063545
        10.85319       2.3561945     0.02647096174063202

        10.90332      0.78539816     0.02625992238624891
        10.90332       2.3561945     0.02625992238624824

       10.953451      0.78539816     0.02605140721131806
       10.953451       2.3561945     0.02605140721131927

       11.003581      0.78539816     0.02584533159853383
       11.003581       2.3561945     0.02584533159853269

       11.053711      0.78539816     0.02564160762048102
       11.053711       2.3561945      0.0256416076204798

       11.103841      0.78539816     0.02544014729589362
       11.103841       2.3561945     0.02544014729589185

       11.153971      0.78539816     0.02524089363210995
       11.153971       2.3561945     0.02524089363210661

       11.204102      0.78539816     0.02504371393554337
       11.204102       2.3561945     0.02504371393554063

       11.254232      0.78539816     0.02484835594287883
       11.254232       2.3561945     0.02484835594287703

       11.304362      0.78539816     0.02465549600367682
       11.304362       2.3561945     0.02465549600367719

       11.354492      0.78539816      0.0244650594601609
       11.354492       2.3561945     0.02446505946016116

       11.404622      0.78539816     0.02427092203065066
       11.404622       2.3561945     0.02427092203065116

       11.454753      0.78539816     0.02408170118271765
       11.454753       2.3561945     0.02408170118271643

       11.504883      0.78539816     0.02392708475056289
       11.504883       2.3561945      0.0239270847505594

       11.555013      0.78539816     0.02370908484474684
       11.555013       2.3561945     0.02370908484474502

       11.605143      0.78539816     0.02326252900755132
       11.605143       2.3561945      0.0232625290075515

       11.655273      0.78539816     0.02300664048419614
       11.655273       2.3561945     0.02300664048419517

       11.705404      0.78539816     0.02360599970123466
       11.705404       2.3561945       0.023605999701232

       11.755534      0.78539816     0.02428689322872746
       11.755534       2.3561945     0.02428689322872718

       11.805664      0.78539816     0.02372784886024756
       11.805664       2.3561945     0.02372784886024608

       11.855794      0.78539816      0.0227111320892516
       11.855794       2.3561945     0.02271113208924694

       11.905924      0.78539816     0.02223787692153244
       11.905924       2.3561945     0.02223787692153281

       11.956055      0.78539816     0.02191378479174942
       11.956055       2.3561945     0.02191378479174851

       12.006185      0.78539816     0.02133072225348031
       12.006185       2.3561945     0.02133072225347976

       12.056315      0.78539816     0.02074902003129604
       12.056315       2.3561945     0.02074902003129693

       12.106445      0.78539816     0.02042099585806964
       12.106445       2.3561945     0.02042099585806971

       12.156576      0.78539816     0.02023146675874133
       12.156576       2.3561945     0.02023146675873858

       12.206706      0.78539816     0.02000936289321581
       12.206706       2.3561945     0.02000936289321466

       12.256836      0.78539816      0.0198217492986149
       12.256836       2.3561945     0.01982174929861607

       12.306966      0.78539816     0.01987218907135422
       12.306966       2.3561945     0.01987218907134997

       12.357096      0.78539816     0.02024596661628585
       12.357096       2.3561945     0.02024596661628356

       12.407227      0.78539816     0.02086585262596654
       12.407227       2.3561945     0.02086585262596486

       12.457357      0.78539816     0.02169195035729994
       12.457357       2.3561945     0.02169195035729526

       12.507487      0.78539816     0.02284920805749886
       12.507487       2.3561945     0.02284920805750066

       12.557617      0.78539816      0.0246757804476456
       12.557617       2.3561945     0.02467578044764648

       12.607747      0.78539816     0.02655744172501327
       12.607747       2.3561945     0.02655744172501135

       12.657878      0.78539816     0.02531509229007652
       12.657878       2.3561945     0.02531509229008091

       12.708008      0.78539816      0.0196378123575093
       12.708008       2.3561945     0.01963781235751211

       12.758138      0.78539816    0.009137096532112249
       12.758138       2.3561945    0.009137096532126517

       12.808268      0.78539816       13.04523073785526
       12.808268       2.3561945        13.0452307380922

       12.858398      0.78539816                       0
       12.858398       2.3561945                       0

       12.908529      0.78539816                       0
       12.908529       2.3561945                       0

       12.958659      0.78539816                       0
       12.958659       2.3561945                       0

       13.008789      0.78539816                       0
       13.008789       2.3561945                       0

