# File created on Wed Jul  8 11:31:12 2026
# Data for Inflation GW initial data initial data at coord time 0.0377973 and central proper time 0.0377973
# Evolved with (264,10,9) gridpoints (including 4 ghosts)
# Evolution with geodesic slicing and constant shift shift condition 
# data for phi = 3.14159
#              r           theta             rho_ADM
#===============================================================
     0.025065104      0.78539816      0.1194004052796093
     0.025065104       2.3561945      0.1194004052796093

     0.075195312      0.78539816      0.1193967162025412
     0.075195312       2.3561945      0.1193967162025412

      0.12532552      0.78539816      0.1193893337884771
      0.12532552       2.3561945       0.119389333788477

      0.17545573      0.78539816      0.1193782495252795
      0.17545573       2.3561945      0.1193782495252795

      0.22558594      0.78539816      0.1193634506640296
      0.22558594       2.3561945      0.1193634506640296

      0.27571615      0.78539816      0.1193449202421328
      0.27571615       2.3561945      0.1193449202421328

      0.32584635      0.78539816      0.1193226371140536
      0.32584635       2.3561945      0.1193226371140536

      0.37597656      0.78539816      0.1192965759896297
      0.37597656       2.3561945      0.1192965759896296

      0.42610677      0.78539816      0.1192667074798867
      0.42610677       2.3561945      0.1192667074798867

      0.47623698      0.78539816      0.1192329981502695
      0.47623698       2.3561945      0.1192329981502695

      0.52636719      0.78539816      0.1191954105811918
      0.52636719       2.3561945      0.1191954105811918

       0.5764974      0.78539816      0.1191539034357887
       0.5764974       2.3561945      0.1191539034357887

       0.6266276      0.78539816      0.1191084315347385
       0.6266276       2.3561945      0.1191084315347385

      0.67675781      0.78539816      0.1190589459380307
      0.67675781       2.3561945      0.1190589459380307

      0.72688802      0.78539816      0.1190053940335069
      0.72688802       2.3561945      0.1190053940335069

      0.77701823      0.78539816      0.1189477196320272
      0.77701823       2.3561945      0.1189477196320272

      0.82714844      0.78539816      0.1188858630690795
      0.82714844       2.3561945      0.1188858630690795

      0.87727865      0.78539816      0.1188197613126328
      0.87727865       2.3561945      0.1188197613126328

      0.92740885      0.78539816      0.1187493480770556
      0.92740885       2.3561945      0.1187493480770556

      0.97753906      0.78539816       0.118674553942883
      0.97753906       2.3561945      0.1186745539428829

       1.0276693      0.78539816      0.1185953064822013
       1.0276693       2.3561945      0.1185953064822013

       1.0777995      0.78539816      0.1185115303894345
       1.0777995       2.3561945      0.1185115303894345

       1.1279297      0.78539816      0.1184231476173035
       1.1279297       2.3561945      0.1184231476173035

       1.1780599      0.78539816       0.118330077517693
       1.1780599       2.3561945       0.118330077517693

       1.2281901      0.78539816      0.1182322369871766
       1.2281901       2.3561945      0.1182322369871766

       1.2783203      0.78539816      0.1181295406169657
       1.2783203       2.3561945      0.1181295406169657

       1.3284505      0.78539816      0.1180219008469843
       1.3284505       2.3561945      0.1180219008469843

       1.3785807      0.78539816      0.1179092281238093
       1.3785807       2.3561945      0.1179092281238093

       1.4287109      0.78539816      0.1177914310622011
       1.4287109       2.3561945      0.1177914310622011

       1.4788411      0.78539816      0.1176684166099569
       1.4788411       2.3561945      0.1176684166099569

       1.5289714      0.78539816      0.1175400902157653
       1.5289714       2.3561945      0.1175400902157653

       1.5791016      0.78539816      0.1174063559998095
       1.5791016       2.3561945      0.1174063559998095

       1.6292318      0.78539816      0.1172671169268116
       1.6292318       2.3561945      0.1172671169268116

        1.679362      0.78539816      0.1171222749812105
        1.679362       2.3561945      0.1171222749812105

       1.7294922      0.78539816      0.1169717313442231
       1.7294922       2.3561945      0.1169717313442232

       1.7796224      0.78539816       0.116815386572446
       1.7796224       2.3561945      0.1168153865724461

       1.8297526      0.78539816      0.1166531407777104
       1.8297526       2.3561945      0.1166531407777104

       1.8798828      0.78539816      0.1164848938079325
       1.8798828       2.3561945      0.1164848938079325

        1.930013      0.78539816       0.116310545428616
        1.930013       2.3561945      0.1163105454286161

       1.9801432      0.78539816      0.1161299955047461
       1.9801432       2.3561945      0.1161299955047461

       2.0302734      0.78539816      0.1159431441827661
       2.0302734       2.3561945      0.1159431441827661

       2.0804036      0.78539816      0.1157498920723571
       2.0804036       2.3561945      0.1157498920723572

       2.1305339      0.78539816      0.1155501404277507
       2.1305339       2.3561945      0.1155501404277508

       2.1806641      0.78539816       0.115343791328254
       2.1806641       2.3561945       0.115343791328254

       2.2307943      0.78539816      0.1151307478577469
       2.2307943       2.3561945      0.1151307478577469

       2.2809245      0.78539816       0.114910914282865
       2.2809245       2.3561945       0.114910914282865

       2.3310547      0.78539816      0.1146841962296047
       2.3310547       2.3561945      0.1146841962296047

       2.3811849      0.78539816      0.1144505008580827
       2.3811849       2.3561945      0.1144505008580827

       2.4313151      0.78539816      0.1142097370351842
       2.4313151       2.3561945      0.1142097370351842

       2.4814453      0.78539816      0.1139618155048908
       2.4814453       2.3561945      0.1139618155048908

       2.5315755      0.78539816      0.1137066490559961
       2.5315755       2.3561945      0.1137066490559961

       2.5817057      0.78539816      0.1134441526870002
       2.5817057       2.3561945      0.1134441526870002

       2.6318359      0.78539816      0.1131742437679424
       2.6318359       2.3561945      0.1131742437679424

       2.6819661      0.78539816      0.1128968421989654
       2.6819661       2.3561945      0.1128968421989654

       2.7320964      0.78539816      0.1126118705653847
       2.7320964       2.3561945      0.1126118705653847

       2.7822266      0.78539816      0.1123192542890562
       2.7822266       2.3561945      0.1123192542890562

       2.8323568      0.78539816      0.1120189217758568
       2.8323568       2.3561945      0.1120189217758568

        2.882487      0.78539816      0.1117108045590746
        2.882487       2.3561945      0.1117108045590746

       2.9326172      0.78539816      0.1113948374385468
       2.9326172       2.3561945      0.1113948374385468

       2.9827474      0.78539816      0.1110709586153487
       2.9827474       2.3561945      0.1110709586153488

       3.0328776      0.78539816       0.110739109821891
       3.0328776       2.3561945      0.1107391098218911

       3.0830078      0.78539816      0.1103992364472767
       3.0830078       2.3561945      0.1103992364472767

        3.133138      0.78539816      0.1100512876577651
        3.133138       2.3561945      0.1100512876577652

       3.1832682      0.78539816      0.1096952165121599
       3.1832682       2.3561945        0.10969521651216

       3.2333984      0.78539816      0.1093309800721035
       3.2333984       2.3561945      0.1093309800721037

       3.2835286      0.78539816      0.1089585395070791
       3.2835286       2.3561945      0.1089585395070793

       3.3336589      0.78539816      0.1085778601940027
       3.3336589       2.3561945      0.1085778601940029

       3.3837891      0.78539816      0.1081889118113661
       3.3837891       2.3561945      0.1081889118113663

       3.4339193      0.78539816      0.1077916684278039
       3.4339193       2.3561945      0.1077916684278041

       3.4840495      0.78539816      0.1073861085850288
       3.4840495       2.3561945      0.1073861085850291

       3.5341797      0.78539816      0.1069722153750064
       3.5341797       2.3561945      0.1069722153750066

       3.5843099      0.78539816      0.1065499765113959
       3.5843099       2.3561945      0.1065499765113961

       3.6344401      0.78539816      0.1061193843951385
       3.6344401       2.3561945      0.1061193843951388

       3.6845703      0.78539816      0.1056804361741674
       3.6845703       2.3561945      0.1056804361741677

       3.7347005      0.78539816      0.1052331337972202
       3.7347005       2.3561945      0.1052331337972206

       3.7848307      0.78539816      0.1047774840616882
       3.7848307       2.3561945      0.1047774840616886

       3.8349609      0.78539816      0.1043134986555369
       3.8349609       2.3561945      0.1043134986555373

       3.8850911      0.78539816      0.1038411941932601
       3.8850911       2.3561945      0.1038411941932605

       3.9352214      0.78539816      0.1033605922458563
       3.9352214       2.3561945      0.1033605922458567

       3.9853516      0.78539816      0.1028717193648472
       3.9853516       2.3561945      0.1028717193648476

       4.0354818      0.78539816      0.1023746071003574
       4.0354818       2.3561945      0.1023746071003578

        4.085612      0.78539816      0.1018692920132924
        4.085612       2.3561945      0.1018692920132929

       4.1357422      0.78539816      0.1013558156815887
       4.1357422       2.3561945      0.1013558156815892

       4.1858724      0.78539816      0.1008342247006445
       4.1858724       2.3561945      0.1008342247006449

       4.2360026      0.78539816      0.1003045706779201
       4.2360026       2.3561945      0.1003045706779205

       4.2861328      0.78539816      0.0997669102217993
       4.2861328       2.3561945     0.09976691022179962

        4.336263      0.78539816     0.09922130492475578
        4.336263       2.3561945     0.09922130492475603

       4.3863932      0.78539816     0.09866782134085474
       4.3863932       2.3561945     0.09866782134085506

       4.4365234      0.78539816     0.09810653095775015
       4.4365234       2.3561945      0.0981065309577505

       4.4866536      0.78539816     0.09753751016314888
       4.4866536       2.3561945      0.0975375101631492

       4.5367839      0.78539816     0.09696084020591442
       4.5367839       2.3561945     0.09696084020591478

       4.5869141      0.78539816     0.09637660715183799
       4.5869141       2.3561945     0.09637660715183835

       4.6370443      0.78539816     0.09578490183419475
       4.6370443       2.3561945     0.09578490183419507

       4.6871745      0.78539816     0.09518581979923164
       4.6871745       2.3561945     0.09518581979923191

       4.7373047      0.78539816      0.0945794612465833
       4.7373047       2.3561945     0.09457946124658359

       4.7874349      0.78539816     0.09396593096483735
       4.7874349       2.3561945     0.09396593096483774

       4.8375651      0.78539816     0.09334533826231901
       4.8375651       2.3561945     0.09334533826231942

       4.8876953      0.78539816     0.09271779689318721
       4.8876953       2.3561945      0.0927177968931876

       4.9378255      0.78539816     0.09208342497900998
       4.9378255       2.3561945     0.09208342497901043

       4.9879557      0.78539816     0.09144234492593817
       4.9879557       2.3561945     0.09144234492593858

       5.0380859      0.78539816     0.09079468333761169
       5.0380859       2.3561945     0.09079468333761218

       5.0882161      0.78539816     0.09014057092386688
       5.0882161       2.3561945     0.09014057092386737

       5.1383464      0.78539816      0.0894801424055158
       5.1383464       2.3561945     0.08948014240551619

       5.1884766      0.78539816     0.08881353641524267
       5.1884766       2.3561945     0.08881353641524301

       5.2386068      0.78539816     0.08814089539473685
       5.2386068       2.3561945     0.08814089539473716

        5.288737      0.78539816     0.08746236548832326
        5.288737       2.3561945     0.08746236548832365

       5.3388672      0.78539816     0.08677809643314702
       5.3388672       2.3561945     0.08677809643314736

       5.3889974      0.78539816     0.08608824144609863
       5.3889974       2.3561945     0.08608824144609895

       5.4391276      0.78539816     0.08539295710760865
       5.4391276       2.3561945     0.08539295710760898

       5.4892578      0.78539816     0.08469240324252678
       5.4892578       2.3561945     0.08469240324252711

        5.539388      0.78539816     0.08398674279818123
        5.539388       2.3561945     0.08398674279818147

       5.5895182      0.78539816     0.08327614171980308
       5.5895182       2.3561945     0.08327614171980324

       5.6396484      0.78539816     0.08256076882349338
       5.6396484       2.3561945      0.0825607688234935

       5.6897786      0.78539816     0.08184079566684933
       5.6897786       2.3561945     0.08184079566684942

       5.7399089      0.78539816     0.08111639641748633
       5.7399089       2.3561945      0.0811163964174865

       5.7900391      0.78539816     0.08038774771954102
       5.7900391       2.3561945     0.08038774771954121

       5.8401693      0.78539816     0.07965502855835468
       5.8401693       2.3561945     0.07965502855835491

       5.8902995      0.78539816      0.0789184201235289
       5.8902995       2.3561945     0.07891842012352895

       5.9404297      0.78539816     0.07817810567047594
       5.9404297       2.3561945     0.07817810567047589

       5.9905599      0.78539816     0.07743427038062931
       5.9905599       2.3561945     0.07743427038062924

       6.0406901      0.78539816     0.07668710122052552
       6.0406901       2.3561945     0.07668710122052541

       6.0908203      0.78539816     0.07593678679987256
       6.0908203       2.3561945     0.07593678679987248

       6.1409505      0.78539816     0.07518351722878512
       6.1409505       2.3561945     0.07518351722878502

       6.1910807      0.78539816     0.07442748397436497
       6.1910807       2.3561945     0.07442748397436488

       6.2412109      0.78539816      0.0736688797167626
       6.2412109       2.3561945     0.07366887971676248

       6.2913411      0.78539816     0.07290789820489885
       6.2913411       2.3561945     0.07290789820489862

       6.3414714      0.78539816     0.07214473411201394
       6.3414714       2.3561945     0.07214473411201371

       6.3916016      0.78539816     0.07137958289116068
       6.3916016       2.3561945     0.07137958289116048

       6.4417318      0.78539816     0.07061264063085682
       6.4417318       2.3561945     0.07061264063085664

        6.491862      0.78539816     0.06984410391102548
        6.491862       2.3561945     0.06984410391102525

       6.5419922      0.78539816     0.06907416965933652
       6.5419922       2.3561945     0.06907416965933633

       6.5921224      0.78539816     0.06830303500818433
       6.5921224       2.3561945     0.06830303500818422

       6.6422526      0.78539816     0.06753089715237945
       6.6422526       2.3561945     0.06753089715237923

       6.6923828      0.78539816     0.06675795320773323
       6.6923828       2.3561945     0.06675795320773301

        6.742513      0.78539816     0.06598440007066803
        6.742513       2.3561945     0.06598440007066787

       6.7926432      0.78539816     0.06521043427899965
       6.7926432       2.3561945     0.06521043427899959

       6.8427734      0.78539816      0.0644362518740515
       6.8427734       2.3561945     0.06443625187405153

       6.8929036      0.78539816     0.06366204826417231
       6.8929036       2.3561945     0.06366204826417236

       6.9430339      0.78539816     0.06288801808987018
       6.9430339       2.3561945     0.06288801808987016

       6.9931641      0.78539816     0.06211435509064402
       6.9931641       2.3561945     0.06211435509064397

       7.0432943      0.78539816     0.06134125197364369
       7.0432943       2.3561945     0.06134125197364356

       7.0934245      0.78539816     0.06056890028429409
       7.0934245       2.3561945     0.06056890028429389

       7.1435547      0.78539816     0.05979749027899785
       7.1435547       2.3561945      0.0597974902789976

       7.1936849      0.78539816     0.05902721080002199
       7.1936849       2.3561945     0.05902721080002163

       7.2438151      0.78539816     0.05825824915269863
       7.2438151       2.3561945     0.05825824915269833

       7.2939453      0.78539816     0.05749079098504537
       7.2939453       2.3561945     0.05749079098504514

       7.3440755      0.78539816     0.05672502016987886
       7.3440755       2.3561945      0.0567250201698786

       7.3942057      0.78539816     0.05596111868956681
       7.3942057       2.3561945     0.05596111868956652

       7.4443359      0.78539816      0.0551992665234942
       7.4443359       2.3561945     0.05519926652349396

       7.4944661      0.78539816     0.05443964153831853
       7.4944661       2.3561945      0.0544396415383183

       7.5445964      0.78539816     0.05368241938112898
       7.5445964       2.3561945     0.05368241938112883

       7.5947266      0.78539816     0.05292777337559808
       7.5947266       2.3561945     0.05292777337559804

       7.6448568      0.78539816     0.05217587442114203
       7.6448568       2.3561945      0.0521758744211419

        7.694987      0.78539816       0.051426890895264
        7.694987       2.3561945     0.05142689089526371

       7.7451172      0.78539816     0.05068098855906625
       7.7451172       2.3561945     0.05068098855906589

       7.7952474      0.78539816     0.04993833046603165
       7.7952474       2.3561945     0.04993833046603131

       7.8453776      0.78539816     0.04919907687413984
       7.8453776       2.3561945     0.04919907687413949

       7.8955078      0.78539816     0.04846338516135341
       7.8955078       2.3561945     0.04846338516135316

        7.945638      0.78539816     0.04773140974454648
        7.945638       2.3561945     0.04773140974454624

       7.9957682      0.78539816     0.04700330200190619
       7.9957682       2.3561945     0.04700330200190594

       8.0458984      0.78539816     0.04627921019887375
       8.0458984       2.3561945     0.04627921019887356

       8.0960286      0.78539816     0.04555927941761524
       8.0960286       2.3561945     0.04555927941761504

       8.1461589      0.78539816     0.04484365149011593
       8.1461589       2.3561945     0.04484365149011569

       8.1962891      0.78539816     0.04413246493487089
       8.1962891       2.3561945     0.04413246493487064

       8.2464193      0.78539816     0.04342585489724421
       8.2464193       2.3561945     0.04342585489724399

       8.2965495      0.78539816     0.04272395309346556
       8.2965495       2.3561945     0.04272395309346534

       8.3466797      0.78539816     0.04202688775831495
       8.3466797       2.3561945     0.04202688775831473

       8.3968099      0.78539816     0.04133478359650732
       8.3968099       2.3561945     0.04133478359650707

       8.4469401      0.78539816     0.04064776173774514
       8.4469401       2.3561945     0.04064776173774481

       8.4970703      0.78539816     0.03996593969546944
       8.4970703       2.3561945     0.03996593969546916

       8.5472005      0.78539816     0.03928943132931517
       8.5472005       2.3561945     0.03928943132931498

       8.5973307      0.78539816     0.03861834681123075
       8.5973307       2.3561945      0.0386183468112306

       8.6474609      0.78539816     0.03795279259524977
       8.6474609       2.3561945     0.03795279259524967

       8.6975911      0.78539816      0.0372928713909465
       8.6975911       2.3561945     0.03729287139094646

       8.7477214      0.78539816     0.03663868214049504
       8.7477214       2.3561945       0.036638682140495

       8.7978516      0.78539816     0.03599031999933484
       8.7978516       2.3561945     0.03599031999933485

       8.8479818      0.78539816     0.03534787632041791
       8.8479818       2.3561945     0.03534787632041798

        8.898112      0.78539816     0.03471143864197807
        8.898112       2.3561945     0.03471143864197815

       8.9482422      0.78539816     0.03408109067881803
       8.9482422       2.3561945     0.03408109067881809

       8.9983724      0.78539816      0.0334569123170553
       8.9983724       2.3561945     0.03345691231705528

       9.0485026      0.78539816      0.0328389796122753
       9.0485026       2.3561945     0.03283897961227528

       9.0986328      0.78539816     0.03222736479106128
       9.0986328       2.3561945     0.03222736479106129

        9.148763      0.78539816      0.0316221362558368
        9.148763       2.3561945     0.03162213625583683

       9.1988932      0.78539816      0.0310233585929655
       9.1988932       2.3561945     0.03102335859296557

       9.2490234      0.78539816     0.03043109258406002
       9.2490234       2.3561945     0.03043109258406008

       9.2991536      0.78539816     0.02984539522043034
       9.2991536       2.3561945     0.02984539522043039

       9.3492839      0.78539816     0.02926631972060581
       9.3492839       2.3561945     0.02926631972060582

       9.3994141      0.78539816      0.0286939155508692
       9.3994141       2.3561945     0.02869391555086918

       9.4495443      0.78539816       0.028128228448731
       9.4495443       2.3561945     0.02812822844873097

       9.4996745      0.78539816     0.02756930044927171
       9.4996745       2.3561945     0.02756930044927168

       9.5498047      0.78539816     0.02701716991427842
       9.5498047       2.3561945     0.02701716991427837

       9.5999349      0.78539816     0.02647187156409262
       9.5999349       2.3561945      0.0264718715640926

       9.6500651      0.78539816     0.02593343651209952
       9.6500651       2.3561945     0.02593343651209953

       9.7001953      0.78539816     0.02540189230177283
       9.7001953       2.3561945     0.02540189230177288

       9.7503255      0.78539816     0.02487726294618698
       9.7503255       2.3561945     0.02487726294618691

       9.8004557      0.78539816     0.02435956896993161
       9.8004557       2.3561945     0.02435956896993146

       9.8505859      0.78539816     0.02384882745331188
       9.8505859       2.3561945     0.02384882745331177

       9.9007161      0.78539816     0.02334505207876932
       9.9007161       2.3561945     0.02334505207876919

       9.9508464      0.78539816     0.02284825317943787
       9.9508464       2.3561945     0.02284825317943767

       10.000977      0.78539816      0.0223584377897271
       10.000977       2.3561945     0.02235843778972691

       10.051107      0.78539816     0.02187560969784821
       10.051107       2.3561945     0.02187560969784806

       10.101237      0.78539816      0.0213997695002058
       10.101237       2.3561945     0.02139976950020559

       10.151367      0.78539816     0.02093091465754278
       10.151367       2.3561945     0.02093091465754262

       10.201497      0.78539816       0.020469039552756
       10.201497       2.3561945     0.02046903955275586

       10.251628      0.78539816     0.02001413555029305
       10.251628       2.3561945     0.02001413555029292

       10.301758      0.78539816     0.01956619105702752
       10.301758       2.3561945     0.01956619105702741

       10.351888      0.78539816     0.01912519158452557
       10.351888       2.3561945     0.01912519158452546

       10.402018      0.78539816      0.0186911198126115
       10.402018       2.3561945     0.01869111981261136

       10.452148      0.78539816     0.01826395565413353
       10.452148       2.3561945      0.0182639556541334

       10.502279      0.78539816     0.01784367632084254
       10.502279       2.3561945     0.01784367632084245

       10.552409      0.78539816     0.01743025639029267
       10.552409       2.3561945     0.01743025639029258

       10.602539      0.78539816      0.0170236678736633
       10.602539       2.3561945     0.01702366787366318

       10.652669      0.78539816     0.01662388028442273
       10.652669       2.3561945     0.01662388028442261

       10.702799      0.78539816     0.01623086070773327
       10.702799       2.3561945     0.01623086070773319

        10.75293      0.78539816     0.01584457387051631
        10.75293       2.3561945     0.01584457387051624

        10.80306      0.78539816     0.01546498221208838
        10.80306       2.3561945     0.01546498221208834

        10.85319      0.78539816     0.01509204595527349
        10.85319       2.3561945     0.01509204595527346

        10.90332      0.78539816     0.01472572317791597
        10.90332       2.3561945     0.01472572317791593

       10.953451      0.78539816      0.0143659698847037
       10.953451       2.3561945     0.01436596988470367

       11.003581      0.78539816     0.01401274007921868
       11.003581       2.3561945      0.0140127400792187

       11.053711      0.78539816     0.01366598583613991
       11.053711       2.3561945      0.0136659858361399

       11.103841      0.78539816     0.01332565737350977
       11.103841       2.3561945     0.01332565737350974

       11.153971      0.78539816     0.01299170312499023
       11.153971       2.3561945     0.01299170312499023

       11.204102      0.78539816     0.01266406981203436
       11.204102       2.3561945      0.0126640698120343

       11.254232      0.78539816     0.01234270251589677
       11.254232       2.3561945     0.01234270251589668

       11.304362      0.78539816     0.01202754474941151
       11.304362       2.3561945     0.01202754474941147

       11.354492      0.78539816     0.01171853852846381
       11.354492       2.3561945      0.0117185385284638

       11.404622      0.78539816     0.01141562444309158
       11.404622       2.3561945     0.01141562444309154

       11.454753      0.78539816     0.01111874172814612
       11.454753       2.3561945     0.01111874172814605

       11.504883      0.78539816     0.01082782833345744
       11.504883       2.3561945      0.0108278283334574

       11.555013      0.78539816     0.01054282099341632
       11.555013       2.3561945      0.0105428209934163

       11.605143      0.78539816     0.01026365529597694
       11.605143       2.3561945     0.01026365529597692

       11.655273      0.78539816    0.009990265750864619
       11.655273       2.3561945    0.009990265750864598

       11.705404      0.78539816      0.0097225858573355
       11.705404       2.3561945    0.009722585857335441

       11.755534      0.78539816    0.009460548170404036
       11.755534       2.3561945    0.009460548170403964

       11.805664      0.78539816    0.009204084368121543
       11.805664       2.3561945    0.009204084368121505

       11.855794      0.78539816    0.008953125313171828
       11.855794       2.3561945    0.008953125313171837

       11.905924      0.78539816    0.008707601125647852
       11.905924       2.3561945    0.008707601125647847

       11.956055      0.78539816    0.008467441224309018
       11.956055       2.3561945    0.008467441224308991

       12.006185      0.78539816    0.008232574443577475
       12.006185       2.3561945    0.008232574443577473

       12.056315      0.78539816    0.008002928957057863
       12.056315       2.3561945    0.008002928957057894

       12.106445      0.78539816    0.007778432681869767
       12.106445       2.3561945    0.007778432681869807

       12.156576      0.78539816    0.007559012472718659
       12.156576       2.3561945    0.007559012472718677

       12.206706      0.78539816     0.00734459632833025
       12.206706       2.3561945    0.007344596328330252

       12.256836      0.78539816    0.007135108731886722
       12.256836       2.3561945    0.007135108731886718

       12.306966      0.78539816    0.006930475029444949
       12.306966       2.3561945    0.006930475029444934

       12.357096      0.78539816    0.006730652510857859
       12.357096       2.3561945    0.006730652510857829

       12.407227      0.78539816    0.006535606561234815
       12.407227       2.3561945    0.006535606561234798

       12.457357      0.78539816    0.006342356260182147
       12.457357       2.3561945     0.00634235626018212

       12.507487      0.78539816    0.006176867133153755
       12.507487       2.3561945    0.006176867133153716

       12.557617      0.78539816    0.005935125998544195
       12.557617       2.3561945    0.005935125998544184

       12.607747      0.78539816    0.005261828725329747
       12.607747       2.3561945    0.005261828725329746

       12.657878      0.78539816     0.01089145552584761
       12.657878       2.3561945     0.01089145552584754

       12.708008      0.78539816    0.002532260499437579
       12.708008       2.3561945    0.002532260499437551

       12.758138      0.78539816     0.02255696004633902
       12.758138       2.3561945     0.02255696004633876

       12.808268      0.78539816       8.842945819959517
       12.808268       2.3561945       8.842945819959485

       12.858398      0.78539816                       0
       12.858398       2.3561945                       0

       12.908529      0.78539816                       0
       12.908529       2.3561945                       0

       12.958659      0.78539816                       0
       12.958659       2.3561945                       0

       13.008789      0.78539816                       0
       13.008789       2.3561945                       0

