# File created on Wed Jul  8 11:31:18 2026
# ======================================== 
# = Running code assuming AXISYMMETRY    = 
# ======================================== 
# Data for Inflation GW initial data initial data at coord. time 1.12447 and proper central time 1.12447
# Evolved with (264,10,9) gridpoints (including 4 ghosts)
# Evolution with geodesic slicing and constant shift
# using eighth-order spatial differencing with 4 ghost zones 
# data 1 at theta = 0 and phi = 3.14159
# data 2 at theta = 1.5708 and phi = 3.14159
#                      r                 rho_ADM                 rho_ADM
#                               (     0,3.14159)        (1.5708,3.14159)
#========================================================================
     -0.1754557291666667      0.1163918264627372      0.1163918264627415
     -0.1253255208333333      0.1164177927488341      0.1164177927488319
           -0.0751953125      0.1164351042544509      0.1164351042544497
    -0.02506510416666667      0.1164437602001176      0.1164437602001183
     0.02506510416666667      0.1164437602001191      0.1164437602001183
            0.0751953125      0.1164351042544484      0.1164351042544497
      0.1253255208333333      0.1164177927488298      0.1164177927488319
      0.1754557291666667      0.1163918264627458      0.1163918264627415
            0.2255859375      0.1163572065501051      0.1163572065501063
      0.2757161458333334       0.116313934626472      0.1163139346264743
      0.3258463541666667      0.1162620126855424      0.1162620126855403
            0.3759765625      0.1162014432499626      0.1162014432499631
      0.4261067708333334      0.1161322292517187      0.1161322292517193
      0.4762369791666667      0.1160543742639393      0.1160543742639372
            0.5263671875      0.1159678822394049      0.1159678822394055
      0.5764973958333334      0.1158727579942675      0.1158727579942669
      0.6266276041666667      0.1157690066076898      0.1157690066076917
            0.6767578125      0.1156566341836102      0.1156566341836109
      0.7268880208333334      0.1155356473354338      0.1155356473354326
      0.7770182291666667      0.1154060527934451      0.1154060527934465
            0.8271484375      0.1152678593560821      0.1152678593560818
      0.8772786458333334      0.1151210736717811        0.11512107367178
      0.9274088541666667      0.1149657005128833       0.114965700512883
            0.9775390625      0.1148017522824374      0.1148017522824371
       1.027669270833333       0.114629249268061      0.1146292492680615
       1.077799479166667      0.1144482118630099      0.1144482118630077
            1.1279296875      0.1142586588704392      0.1142586588704407
       1.178059895833333      0.1140606100005037      0.1140606100005052
       1.228190104166667      0.1138540865931405      0.1138540865931379
            1.2783203125      0.1136391113903283      0.1136391113903291
       1.328450520833333       0.113415708695581      0.1134157086955821
       1.378580729166667      0.1131839045686148       0.113183904568613
            1.4287109375       0.112943726906136      0.1129437269061354
       1.478841145833333      0.1126952055241689      0.1126952055241696
       1.528971354166667      0.1124383722468605      0.1124383722468615
            1.5791015625        0.11217326098489      0.1121732609848882
       1.629231770833333      0.1118999078085582       0.111899907808561
       1.679361979166667      0.1116183510175669       0.111618351017567
            1.7294921875       0.111328631206322      0.1113286312063202
       1.779622395833333      0.1110307913252872      0.1110307913252866
       1.829752604166667      0.1107248767381902      0.1107248767381915
            1.8798828125      0.1104109352749874        0.11041093527499
       1.930013020833333      0.1100890172806152      0.1100890172806152
       1.980143229166667      0.1097591756592674      0.1097591756592665
            2.0302734375      0.1094214659141513      0.1094214659141499
       2.080403645833333      0.1090759461825514      0.1090759461825551
       2.130533854166667      0.1087226772663117      0.1087226772663114
            2.1806640625      0.1083617226573491      0.1083617226573452
       2.230794270833333      0.1079931485584227      0.1079931485584222
       2.280924479166667      0.1076170238990048      0.1076170238990055
            2.3310546875      0.1072334203461267      0.1072334203461272
       2.381184895833333        0.10684241231028      0.1068424123102802
       2.431315104166667      0.1064440769464978      0.1064440769464985
            2.4814453125      0.1060384941504269      0.1060384941504258
       2.531575520833333      0.1056257465495433      0.1056257465495433
       2.581705729166667      0.1052059194896606      0.1052059194896626
            2.6318359375      0.1047791010166346      0.1047791010166344
       2.681966145833333      0.1043453818533875      0.1043453818533868
       2.732096354166667      0.1039048553725466      0.1039048553725452
            2.7822265625      0.1034576175645791      0.1034576175645806
       2.832356770833333      0.1030037670016851      0.1030037670016873
       2.882486979166667      0.1025434047976347      0.1025434047976359
            2.9326171875       0.102076634563481      0.1020766345634806
       2.982747395833333      0.1016035623595865      0.1016035623595853
       3.032877604166667      0.1011242966439952      0.1011242966439949
            3.0830078125      0.1006389482173087      0.1006389482173084
       3.133138020833333      0.1001476301642927       0.100147630164293
       3.183268229166667     0.09965045779243314     0.09965045779243178
            3.2333984375     0.09914754856753927     0.09914754856754193
       3.283528645833333     0.09863902204666727     0.09863902204666576
       3.333658854166667     0.09812499980854369     0.09812499980854528
            3.3837890625     0.09760560538164734     0.09760560538164517
       3.433919270833333     0.09708096417020454     0.09708096417020362
       3.484049479166667     0.09655120337826566     0.09655120337826724
            3.5341796875     0.09601645193201613     0.09601645193201649
       3.584309895833333     0.09547684040056847     0.09547684040057006
       3.634440104166667      0.0949325009154494     0.09493250091544812
            3.6845703125     0.09438356708883684     0.09438356708883741
       3.734700520833333     0.09383017393091647      0.0938301739309176
       3.784830729166667     0.09327245776634935     0.09327245776635101
            3.8349609375     0.09271055615016391     0.09271055615016303
       3.885091145833333     0.09214460778310378      0.0921446077831044
       3.935221354166667     0.09157475242678297     0.09157475242678409
            3.9853515625     0.09100113081856957     0.09100113081856635
       4.035481770833334     0.09042388458654584     0.09042388458654411
       4.085611979166667     0.08984315616455986      0.0898431561645619
            4.1357421875     0.08925908870755164     0.08925908870755231
       4.185872395833334     0.08867182600727709     0.08867182600727697
       4.236002604166667     0.08808151240856404     0.08808151240856316
            4.2861328125     0.08748829272619246     0.08748829272619529
       4.336263020833334     0.08689231216253154     0.08689231216252799
       4.386393229166667     0.08629371622591085     0.08629371622591409
            4.4365234375     0.08569265065008683     0.08569265065008741
       4.486653645833334     0.08508926131457265     0.08508926131457356
       4.536783854166667     0.08448369416615625     0.08448369416615627
            4.5869140625     0.08387609514156577     0.08387609514156535
       4.637044270833334     0.08326661009132273     0.08326661009132674
       4.687174479166667     0.08265538470490566     0.08265538470490588
            4.7373046875     0.08204256443721873     0.08204256443721888
       4.787434895833334     0.08142829443650107     0.08142829443650114
       4.837565104166667     0.08081271947361086     0.08081271947361163
            4.8876953125     0.08019598387279007     0.08019598387279016
       4.937825520833334     0.07957823144385917      0.0795782314438615
       4.987955729166667     0.07895960541588598     0.07895960541588659
            5.0380859375     0.07834024837238522     0.07834024837238529
       5.088216145833334     0.07772030218810835     0.07772030218811049
       5.138346354166667     0.07709990796722906     0.07709990796723204
            5.1884765625     0.07647920598310837     0.07647920598310984
       5.238606770833334     0.07585833561952668     0.07585833561952615
       5.288736979166667     0.07523743531339296     0.07523743531339372
            5.3388671875     0.07461664249894144     0.07461664249894173
       5.388997395833334     0.07399609355343467     0.07399609355343498
       5.439127604166667     0.07337592374420258     0.07337592374420221
            5.4892578125     0.07275626717714929     0.07275626717715131
       5.539388020833334      0.0721372567465704     0.07213725674657137
       5.589518229166667     0.07151902408622822     0.07151902408622837
            5.6396484375     0.07090169952185293      0.0709016995218518
       5.689778645833334     0.07028541202481604     0.07028541202482258
       5.739908854166667     0.06967028916706001     0.06967028916706136
            5.7900390625     0.06905645707706456     0.06905645707706067
       5.840169270833334     0.06844404039705755      0.0684440403970604
       5.890299479166667     0.06783316224111295     0.06783316224111566
            5.9404296875     0.06722394415442313     0.06722394415442393
       5.990559895833334     0.06661650607352777     0.06661650607352762
       6.040690104166667     0.06601096628733759     0.06601096628733667
            6.0908203125     0.06540744139918751     0.06540744139919072
       6.140950520833334     0.06480604628956134      0.0648060462895641
       6.191080729166667     0.06420689407956688     0.06420689407956423
            6.2412109375     0.06361009609531385     0.06361009609531659
       6.291341145833334     0.06301576183291555     0.06301576183291875
       6.341471354166667     0.06242399892403903     0.06242399892403791
            6.3916015625     0.06183491310225114     0.06183491310225094
       6.441731770833334     0.06124860816973729     0.06124860816974111
       6.491861979166667     0.06066518596459881     0.06066518596459802
            6.5419921875     0.06008474632883511     0.06008474632883459
       6.592122395833334     0.05950738707671667      0.0595073870767182
       6.642252604166667     0.05893320396363125     0.05893320396363232
            6.6923828125     0.05836229065546642     0.05836229065546611
       6.742513020833334     0.05779473869825365     0.05779473869825284
       6.792643229166667     0.05723063748840061     0.05723063748840237
            6.8427734375     0.05667007424345616     0.05667007424345734
       6.892903645833334     0.05611313397317873     0.05611313397317903
       6.943033854166667     0.05555989945116956     0.05555989945117029
            6.9931640625     0.05501045118696662     0.05501045118696918
       7.043294270833334     0.05446486739845124      0.0544648673984502
       7.093424479166667       0.053923223984942     0.05392322398494203
            7.1435546875     0.05338559450093618     0.05338559450093776
       7.193684895833334     0.05285205013018097     0.05285205013018153
       7.243815104166667     0.05232265966057004     0.05232265966056782
            7.2939453125     0.05179748945960563     0.05179748945960516
       7.344075520833334     0.05127660345035461     0.05127660345035528
       7.394205729166667     0.05076006308843527     0.05076006308843478
            7.4443359375     0.05024792733975805     0.05024792733975623
       7.494466145833334     0.04974025265891762     0.04974025265891661
       7.544596354166667     0.04923709296872916     0.04923709296872948
            7.5947265625     0.04873849964053524     0.04873849964053532
       7.644856770833334     0.04824452147537354     0.04824452147537385
       7.694986979166667     0.04775520468655156     0.04775520468655168
            7.7451171875     0.04727059288318738     0.04727059288318787
       7.795247395833334      0.0467907270548131     0.04679072705481177
       7.845377604166667     0.04631564555745663     0.04631564555745644
            7.8955078125     0.04584538410077308     0.04584538410077219
       7.945638020833334       0.045379975736473      0.0453799757364725
       7.995768229166667     0.04491945084845311     0.04491945084845591
            8.0458984375     0.04446383714416415     0.04446383714416165
       8.096028645833334     0.04401315964744047     0.04401315964743994
       8.146158854166668      0.0435674406930919     0.04356744069309268
            8.1962890625     0.04312669992274912     0.04312669992275003
       8.246419270833334     0.04269095428252015      0.0426909542825181
       8.296549479166668     0.04226021802236978     0.04226021802236661
            8.3466796875     0.04183450269707402     0.04183450269707257
       8.396809895833334      0.0414138171689824     0.04141381716898375
       8.446940104166668     0.04099816761249972     0.04099816761250027
            8.4970703125     0.04058755752019264     0.04058755752018944
       8.547200520833334     0.04018198771091083     0.04018198771091004
       8.597330729166668     0.03978145633965442     0.03978145633965655
            8.6474609375     0.03938595890915545     0.03938595890915609
       8.697591145833334     0.03899548828342587     0.03899548828342517
       8.747721354166668     0.03861003470300347     0.03861003470300071
            8.7978515625     0.03822958580198493     0.03822958580198688
       8.847981770833334       0.037854126627148     0.03785412662714737
       8.898111979166668      0.0374836396586193     0.03748363965861773
            8.9482421875     0.03711810483243281     0.03711810483243123
       8.998372395833334     0.03675749956502094     0.03675749956501978
       9.048502604166668     0.03640179877919835     0.03640179877919497
            9.0986328125     0.03605097493206466     0.03605097493206408
       9.148763020833334     0.03570499804490227     0.03570499804490161
       9.198893229166668     0.03536383573439125     0.03536383573438741
            9.2490234375     0.03502745324572704     0.03502745324572654
       9.299153645833334     0.03469581348753256     0.03469581348753206
       9.349283854166668     0.03436887706808018      0.0343688770680794
            9.3994140625     0.03404660233347034     0.03404660233346896
       9.449544270833334     0.03372894540746157     0.03372894540745883
       9.499674479166668     0.03341586023263679     0.03341586023263601
            9.5498046875     0.03310729861329498     0.03310729861329069
       9.599934895833334     0.03280321025978088     0.03280321025978236
       9.650065104166668     0.03250354283433319     0.03250354283433242
            9.7001953125      0.0322082419985153      0.0322082419985125
       9.750325520833334     0.03191725146211083     0.03191725146211405
       9.800455729166668     0.03163051303340197     0.03163051303339622
            9.8505859375     0.03134796667079728     0.03134796667079394
       9.900716145833334     0.03106955053589086     0.03106955053589365
       9.950846354166668      0.0307952010479114     0.03079520104791293
           10.0009765625      0.0305248529395587     0.03052485293955796
       10.05110677083333     0.03025843931411131     0.03025843931410998
       10.10123697916667     0.02999589170393824     0.02999589170393564
           10.1513671875     0.02973714013015495     0.02973714013015191
       10.20149739583333     0.02948211316346249     0.02948211316346257
       10.25162760416667     0.02923073798649018     0.02923073798648983
           10.3017578125     0.02898294045725301      0.0289829404572531
       10.35188802083333     0.02873864517372209     0.02873864517372175
       10.40201822916667     0.02849777553978957     0.02849777553978863
           10.4521484375     0.02826025383220368     0.02826025383220308
       10.50227864583333     0.02802600126854896     0.02802600126854776
       10.55240885416667     0.02779493807665755     0.02779493807665716
           10.6025390625     0.02756698356491095     0.02756698356491205
       10.65266927083333     0.02734205619369678     0.02734205619369551
       10.70279947916667     0.02712007364815597     0.02712007364815198
           10.7529296875     0.02690095290923948     0.02690095290924028
       10.80305989583333     0.02668461033346431     0.02668461033346595
       10.85319010416667     0.02647096174063603     0.02647096174063374
           10.9033203125     0.02625992238624902     0.02625992238624857
       10.95345052083333     0.02605140721131785     0.02605140721131866
       11.00358072916667     0.02584533159853402     0.02584533159853326
           11.0537109375     0.02564160762048123     0.02564160762048041
       11.10384114583333     0.02544014729589393     0.02544014729589273
       11.15397135416667     0.02524089363211052     0.02524089363210828
           11.2041015625     0.02504371393554384       0.025043713935542
       11.25423177083333     0.02484835594287914     0.02484835594287793
       11.30436197916667     0.02465549600367676     0.02465549600367701
           11.3544921875     0.02446505946016085     0.02446505946016103
       11.40462239583333     0.02427092203065058     0.02427092203065091
       11.45475260416667     0.02408170118271786     0.02408170118271704
           11.5048828125     0.02392708475056349     0.02392708475056115
       11.55501302083333     0.02370908484474716     0.02370908484474593
       11.60514322916667     0.02326252900755129     0.02326252900755141
           11.6552734375     0.02300664048419631     0.02300664048419566
       11.70540364583333     0.02360599970123511     0.02360599970123333
       11.75553385416667     0.02428689322872751     0.02428689322872732
           11.8056640625     0.02372784886024782     0.02372784886024682
       11.85579427083333      0.0227111320892524     0.02271113208924927
       11.90592447916667     0.02223787692153238     0.02223787692153263
           11.9560546875     0.02191378479174958     0.02191378479174897
       12.00618489583333     0.02133072225348041     0.02133072225348003
       12.05631510416667     0.02074902003129588     0.02074902003129649
           12.1064453125     0.02042099585806963     0.02042099585806968
       12.15657552083333      0.0202314667587418     0.02023146675873995
       12.20670572916667       0.020009362893216     0.02000936289321524
           12.2568359375      0.0198217492986147     0.01982174929861549
       12.30696614583333     0.01987218907135494     0.01987218907135209
       12.35709635416667     0.02024596661628624     0.02024596661628471
           12.4072265625     0.02086585262596683      0.0208658526259657
       12.45735677083333     0.02169195035730074      0.0216919503572976
       12.50748697916667     0.02284920805749855     0.02284920805749976
           12.5576171875     0.02467578044764545     0.02467578044764604
       12.60774739583333      0.0265574417250136     0.02655744172501231
       12.65787760416667     0.02531509229007576     0.02531509229007871
           12.7080078125     0.01963781235750882     0.01963781235751071
       12.75813802083333    0.009137096532109796    0.009137096532119384
       12.80826822916667       13.04523073781454       13.04523073797373
           12.8583984375                       0                       0
       12.90852864583333                       0                       0
       12.95865885416667                       0                       0
           13.0087890625                       0                       0
