# File created on Wed Jul  8 11:33:17 2026
# Data for Inflation GW initial data initial data at coord time 0.188986 and central proper time 0.188986
# Evolved with (264,10,9) gridpoints (including 4 ghosts)
# Evolution with geodesic slicing and constant shift shift condition 
# data for phi = 3.14159
#              r           theta             rho_ADM
#===============================================================
     0.030078125      0.78539816      0.1201313021025207
     0.030078125       2.3561945      0.1201313021025207

     0.090234375      0.78539816      0.1201269360583148
     0.090234375       2.3561945      0.1201269360583148

      0.15039062      0.78539816      0.1201181997480465
      0.15039062       2.3561945      0.1201181997480465

      0.21054687      0.78539816      0.1201050847396403
      0.21054687       2.3561945      0.1201050847396403

      0.27070312      0.78539816      0.1200875784139551
      0.27070312       2.3561945      0.1200875784139551

      0.33085938      0.78539816      0.1200656639995083
      0.33085938       2.3561945      0.1200656639995083

      0.39101563      0.78539816      0.1200393206185272
      0.39101563       2.3561945      0.1200393206185272

      0.45117188      0.78539816      0.1200085233442362
      0.45117188       2.3561945      0.1200085233442362

      0.51132813      0.78539816      0.1199732432692081
      0.51132813       2.3561945       0.119973243269208

      0.57148438      0.78539816      0.1199334475844855
      0.57148438       2.3561945      0.1199334475844855

      0.63164063      0.78539816      0.1198890996692596
      0.63164063       2.3561945      0.1198890996692596

      0.69179687      0.78539816      0.1198401591907858
      0.69179687       2.3561945      0.1198401591907858

      0.75195312      0.78539816      0.1197865822142279
      0.75195312       2.3561945      0.1197865822142278

      0.81210938      0.78539816      0.1197283213220324
      0.81210938       2.3561945      0.1197283213220324

      0.87226563      0.78539816      0.1196653257424874
      0.87226563       2.3561945      0.1196653257424873

      0.93242188      0.78539816      0.1195975414869824
      0.93242188       2.3561945      0.1195975414869824

      0.99257812      0.78539816      0.1195249114956164
      0.99257812       2.3561945      0.1195249114956164

       1.0527344      0.78539816      0.1194473757905894
       1.0527344       2.3561945      0.1194473757905894

       1.1128906      0.78539816      0.1193648716369443
       1.1128906       2.3561945      0.1193648716369443

       1.1730469      0.78539816      0.1192773337101376
       1.1730469       2.3561945      0.1192773337101376

       1.2332031      0.78539816      0.1191846942699137
       1.2332031       2.3561945      0.1191846942699137

       1.2933594      0.78539816      0.1190868833399116
       1.2933594       2.3561945      0.1190868833399116

       1.3535156      0.78539816      0.1189838288924915
       1.3535156       2.3561945      0.1189838288924915

       1.4136719      0.78539816      0.1188754570381952
       1.4136719       2.3561945      0.1188754570381952

       1.4738281      0.78539816      0.1187616922192527
       1.4738281       2.3561945      0.1187616922192527

       1.5339844      0.78539816      0.1186424574065788
       1.5339844       2.3561945      0.1186424574065788

       1.5941406      0.78539816       0.118517674299656
       1.5941406       2.3561945       0.118517674299656

       1.6542969      0.78539816       0.118387263528763
       1.6542969       2.3561945       0.118387263528763

       1.7144531      0.78539816      0.1182511448588925
       1.7144531       2.3561945      0.1182511448588926

       1.7746094      0.78539816      0.1181092373948423
       1.7746094       2.3561945      0.1181092373948424

       1.8347656      0.78539816      0.1179614597868795
       1.8347656       2.3561945      0.1179614597868796

       1.8949219      0.78539816      0.1178077304364322
       1.8949219       2.3561945      0.1178077304364322

       1.9550781      0.78539816      0.1176479677012156
       1.9550781       2.3561945      0.1176479677012157

       2.0152344      0.78539816      0.1174820900992964
       2.0152344       2.3561945      0.1174820900992965

       2.0753906      0.78539816      0.1173100165115149
       2.0753906       2.3561945       0.117310016511515

       2.1355469      0.78539816      0.1171316663817965
       2.1355469       2.3561945      0.1171316663817966

       2.1957031      0.78539816      0.1169469599148275
       2.1957031       2.3561945      0.1169469599148276

       2.2558594      0.78539816      0.1167558182706264
       2.2558594       2.3561945      0.1167558182706264

       2.3160156      0.78539816      0.1165581637555568
       2.3160156       2.3561945       0.116558163755557

       2.3761719      0.78539816      0.1163539200093065
       2.3761719       2.3561945      0.1163539200093066

       2.4363281      0.78539816       0.116143012187469
       2.4363281       2.3561945      0.1161430121874691

       2.4964844      0.78539816      0.1159253671393414
       2.4964844       2.3561945      0.1159253671393414

       2.5566406      0.78539816      0.1157009135804806
       2.5566406       2.3561945      0.1157009135804808

       2.6167969      0.78539816      0.1154695822597959
       2.6167969       2.3561945      0.1154695822597959

       2.6769531      0.78539816      0.1152313061207772
       2.6769531       2.3561945      0.1152313061207773

       2.7371094      0.78539816      0.1149860204565953
       2.7371094       2.3561945      0.1149860204565954

       2.7972656      0.78539816      0.1147336630588124
       2.7972656       2.3561945      0.1147336630588125

       2.8574219      0.78539816       0.114474174359477
       2.8574219       2.3561945       0.114474174359477

       2.9175781      0.78539816      0.1142074975663838
       2.9175781       2.3561945      0.1142074975663839

       2.9777344      0.78539816      0.1139335787912811
       2.9777344       2.3561945      0.1139335787912811

       3.0378906      0.78539816      0.1136523671709219
       3.0378906       2.3561945       0.113652367170922

       3.0980469      0.78539816      0.1133638149808239
       3.0980469       2.3561945       0.113363814980824

       3.1582031      0.78539816      0.1130678777416123
       3.1582031       2.3561945      0.1130678777416124

       3.2183594      0.78539816        0.11276451431786
       3.2183594       2.3561945      0.1127645143178601

       3.2785156      0.78539816      0.1124536870093899
       3.2785156       2.3561945        0.11245368700939

       3.3386719      0.78539816      0.1121353616350926
       3.3386719       2.3561945      0.1121353616350927

       3.3988281      0.78539816      0.1118095076090272
       3.3988281       2.3561945      0.1118095076090272

       3.4589844      0.78539816      0.1114760980091408
       3.4589844       2.3561945      0.1114760980091409

       3.5191406      0.78539816      0.1111351096383776
       3.5191406       2.3561945      0.1111351096383777

       3.5792969      0.78539816      0.1107865230783903
       3.5792969       2.3561945      0.1107865230783906

       3.6394531      0.78539816      0.1104303227359171
       3.6394531       2.3561945      0.1104303227359174

       3.6996094      0.78539816      0.1100664968818541
       3.6996094       2.3561945      0.1100664968818545

       3.7597656      0.78539816       0.109695037683305
       3.7597656       2.3561945      0.1096950376833054

       3.8199219      0.78539816      0.1093159412285528
       3.8199219       2.3561945      0.1093159412285534

       3.8800781      0.78539816      0.1089292075452598
       3.8800781       2.3561945      0.1089292075452605

       3.9402344      0.78539816      0.1085348406120151
       3.9402344       2.3561945      0.1085348406120159

       4.0003906      0.78539816      0.1081328483634079
       4.0003906       2.3561945      0.1081328483634087

       4.0605469      0.78539816      0.1077232426888579
       4.0605469       2.3561945      0.1077232426888588

       4.1207031      0.78539816      0.1073060394253436
       4.1207031       2.3561945      0.1073060394253446

       4.1808594      0.78539816      0.1068812583443915
       4.1808594       2.3561945      0.1068812583443925

       4.2410156      0.78539816      0.1064489231333622
       4.2410156       2.3561945      0.1064489231333633

       4.3011719      0.78539816      0.1060090613714495
       4.3011719       2.3561945      0.1060090613714507

       4.3613281      0.78539816      0.1055617045005367
       4.3613281       2.3561945      0.1055617045005381

       4.4214844      0.78539816       0.105106887791206
       4.4214844       2.3561945      0.1051068877912075

       4.4816406      0.78539816      0.1046446503040896
       4.4816406       2.3561945      0.1046446503040912

       4.5417969      0.78539816      0.1041750348469705
       4.5417969       2.3561945      0.1041750348469723

       4.6019531      0.78539816      0.1036980879277167
       4.6019531       2.3561945      0.1036980879277185

       4.6621094      0.78539816       0.103213859703384
       4.6621094       2.3561945      0.1032138597033858

       4.7222656      0.78539816      0.1027224039258542
       4.7222656       2.3561945       0.102722403925856

       4.7824219      0.78539816      0.1022237778840588
       4.7824219       2.3561945      0.1022237778840608

       4.8425781      0.78539816       0.101718042343274
       4.8425781       2.3561945       0.101718042343276

       4.9027344      0.78539816       0.101205261481581
       4.9027344       2.3561945       0.101205261481583

       4.9628906      0.78539816      0.1006855028237674
       4.9628906       2.3561945      0.1006855028237695

       5.0230469      0.78539816      0.1001588371730861
       5.0230469       2.3561945       0.100158837173088

       5.0832031      0.78539816     0.09962533854086085
       5.0832031       2.3561945     0.09962533854086267

       5.1433594      0.78539816     0.09908508407438449
       5.1433594       2.3561945     0.09908508407438624

       5.2035156      0.78539816     0.09853815398323786
       5.2035156       2.3561945     0.09853815398323942

       5.2636719      0.78539816     0.09798463146428349
       5.2636719       2.3561945     0.09798463146428503

       5.3238281      0.78539816     0.09742460262561234
       5.3238281       2.3561945     0.09742460262561389

       5.3839844      0.78539816     0.09685815640952122
       5.3839844       2.3561945     0.09685815640952281

       5.4441406      0.78539816     0.09628538451485005
       5.4441406       2.3561945     0.09628538451485165

       5.5042969      0.78539816     0.09570638131881976
       5.5042969       2.3561945     0.09570638131882127

       5.5644531      0.78539816     0.09512124379857845
       5.5644531       2.3561945     0.09512124379857996

       5.6246094      0.78539816     0.09453007145260912
       5.6246094       2.3561945     0.09453007145261069

       5.6847656      0.78539816      0.0939329662221082
       5.6847656       2.3561945     0.09393296622210977

       5.7449219      0.78539816     0.09333003241265866
       5.7449219       2.3561945     0.09333003241266027

       5.8050781      0.78539816     0.09272137661617605
       5.8050781       2.3561945     0.09272137661617783

       5.8652344      0.78539816     0.09210710763335023
       5.8652344       2.3561945     0.09210710763335218

       5.9253906      0.78539816     0.09148733639662815
       5.9253906       2.3561945     0.09148733639663026

       5.9855469      0.78539816     0.09086217589395854
       5.9855469       2.3561945     0.09086217589396063

       6.0457031      0.78539816     0.09023174109336748
       6.0457031       2.3561945     0.09023174109336958

       6.1058594      0.78539816     0.08959614886832398
       6.1058594       2.3561945     0.08959614886832599

       6.1660156      0.78539816     0.08895551792421137
       6.1660156       2.3561945     0.08895551792421331

       6.2261719      0.78539816     0.08830996872581964
       6.2261719       2.3561945     0.08830996872582153

       6.2863281      0.78539816     0.08765962342589653
       6.2863281       2.3561945     0.08765962342589827

       6.3464844      0.78539816     0.08700460579494229
       6.3464844       2.3561945     0.08700460579494396

       6.4066406      0.78539816     0.08634504115217245
       6.4066406       2.3561945     0.08634504115217403

       6.4667969      0.78539816     0.08568105629773769
       6.4667969       2.3561945     0.08568105629773928

       6.5269531      0.78539816     0.08501277944620197
       6.5269531       2.3561945     0.08501277944620342

       6.5871094      0.78539816     0.08434034016128365
       6.5871094       2.3561945     0.08434034016128492

       6.6472656      0.78539816      0.0836638692919336
       6.6472656       2.3561945     0.08366386929193473

       6.7074219      0.78539816     0.08298349890959414
       6.7074219       2.3561945     0.08298349890959508

       6.7675781      0.78539816     0.08229936224683457
       6.7675781       2.3561945     0.08229936224683534

       6.8277344      0.78539816     0.08161159363715195
       6.8277344       2.3561945     0.08161159363715287

       6.8878906      0.78539816     0.08092032845602898
       6.8878906       2.3561945      0.0809203284560288

       6.9480469      0.78539816      0.0802257030631888
       6.9480469       2.3561945     0.08022570306318955

       7.0082031      0.78539816     0.07952785474594883
       7.0082031       2.3561945     0.07952785474594928

       7.0683594      0.78539816     0.07882692166375416
       7.0683594       2.3561945     0.07882692166375427

       7.1285156      0.78539816      0.0781230427936872
       7.1285156       2.3561945     0.07812304279368812

       7.1886719      0.78539816     0.07741635787703405
       7.1886719       2.3561945     0.07741635787703376

       7.2488281      0.78539816     0.07670700736674294
       7.2488281       2.3561945     0.07670700736674269

       7.3089844      0.78539816     0.07599513237577735
       7.3089844       2.3561945     0.07599513237577701

       7.3691406      0.78539816     0.07528087462627624
       7.3691406       2.3561945     0.07528087462627572

       7.4292969      0.78539816     0.07456437639944209
       7.4292969       2.3561945     0.07456437639944144

       7.4894531      0.78539816     0.07384578048608779
       7.4894531       2.3561945     0.07384578048608702

       7.5496094      0.78539816     0.07312523013775632
       7.5496094       2.3561945     0.07312523013775551

       7.6097656      0.78539816     0.07240286901840691
       7.6097656       2.3561945     0.07240286901840597

       7.6699219      0.78539816     0.07167884115645556
       7.6699219       2.3561945     0.07167884115645454

       7.7300781      0.78539816     0.07095329089720642
       7.7300781       2.3561945     0.07095329089720548

       7.7902344      0.78539816     0.07022636285559376
       7.7902344       2.3561945     0.07022636285559283

       7.8503906      0.78539816     0.06949820186905795
       7.8503906       2.3561945     0.06949820186905703

       7.9105469      0.78539816     0.06876895295055832
       7.9105469       2.3561945     0.06876895295055743

       7.9707031      0.78539816      0.0680387612416932
       7.9707031       2.3561945     0.06803876124169231

       8.0308594      0.78539816     0.06730777196570578
       8.0308594       2.3561945     0.06730777196570503

       8.0910156      0.78539816     0.06657613038044061
       8.0910156       2.3561945     0.06657613038044005

       8.1511719      0.78539816     0.06584398173111797
       8.1511719       2.3561945     0.06584398173111752

       8.2113281      0.78539816     0.06511147120287505
       8.2113281       2.3561945     0.06511147120287478

       8.2714844      0.78539816      0.0643787438730197
       8.2714844       2.3561945     0.06437874387301959

       8.3316406      0.78539816     0.06364594466290134
       8.3316406       2.3561945     0.06364594466290086

       8.3917969      0.78539816     0.06291321828938894
       8.3917969       2.3561945     0.06291321828938952

       8.4519531      0.78539816     0.06218070921588199
       8.4519531       2.3561945     0.06218070921588068

       8.5121094      0.78539816     0.06144856160282797
       8.5121094       2.3561945     0.06144856160282516

       8.5722656      0.78539816     0.06071691925765386
       8.5722656       2.3561945     0.06071691925765456

       8.6324219      0.78539816     0.05998592558413956
       8.6324219       2.3561945     0.05998592558413864

       8.6925781      0.78539816     0.05925572353116331
       8.6925781       2.3561945     0.05925572353116106

       8.7527344      0.78539816     0.05852645554079899
       8.7527344       2.3561945     0.05852645554079778

       8.8128906      0.78539816     0.05779826349576338
       8.8128906       2.3561945     0.05779826349576195

       8.8730469      0.78539816     0.05707128866617243
       8.8730469       2.3561945     0.05707128866617112

       8.9332031      0.78539816      0.0563456716556196
       8.9332031       2.3561945     0.05634567165561852

       8.9933594      0.78539816     0.05562155234654911
       8.9933594       2.3561945     0.05562155234654813

       9.0535156      0.78539816      0.0548990698449679
       9.0535156       2.3561945     0.05489906984496693

       9.1136719      0.78539816     0.05417836242447469
       9.1136719       2.3561945     0.05417836242447369

       9.1738281      0.78539816     0.05345956746961857
       9.1738281       2.3561945     0.05345956746961743

       9.2339844      0.78539816     0.05274282141863455
       9.2339844       2.3561945     0.05274282141863328

       9.2941406      0.78539816     0.05202825970557008
       9.2941406       2.3561945     0.05202825970556864

       9.3542969      0.78539816     0.05131601670181934
       9.3542969       2.3561945     0.05131601670181779

       9.4144531      0.78539816     0.05060622565713116
       9.4144531       2.3561945     0.05060622565712954

       9.4746094      0.78539816     0.04989901864016508
       9.4746094       2.3561945     0.04989901864016356

       9.5347656      0.78539816     0.04919452647854197
       9.5347656       2.3561945     0.04919452647854056

       9.5949219      0.78539816     0.04849287869854821
       9.5949219       2.3561945     0.04849287869854686

       9.6550781      0.78539816     0.04779420346454835
       9.6550781       2.3561945     0.04779420346454712

       9.7152344      0.78539816     0.04709862751807703
       9.7152344       2.3561945     0.04709862751807582

       9.7753906      0.78539816     0.04640627611683103
       9.7753906       2.3561945     0.04640627611682983

       9.8355469      0.78539816     0.04571727297347743
       9.8355469       2.3561945      0.0457172729734763

       9.8957031      0.78539816     0.04503174019449711
       9.8957031       2.3561945     0.04503174019449573

       9.9558594      0.78539816     0.04434979821907448
       9.9558594       2.3561945     0.04434979821907394

       10.016016      0.78539816     0.04367156575810609
       10.016016       2.3561945     0.04367156575810476

       10.076172      0.78539816     0.04299715973349862
       10.076172       2.3561945     0.04299715973349659

       10.136328      0.78539816     0.04232669521777563
       10.136328       2.3561945     0.04232669521777455

       10.196484      0.78539816     0.04166028537409647
       10.196484       2.3561945     0.04166028537409523

       10.256641      0.78539816     0.04099804139686873
       10.256641       2.3561945     0.04099804139686774

       10.316797      0.78539816     0.04034007245293735
       10.316797       2.3561945     0.04034007245293649

       10.376953      0.78539816     0.03968648562353555
       10.376953       2.3561945     0.03968648562353497

       10.437109      0.78539816     0.03903738584709228
       10.437109       2.3561945     0.03903738584709201

       10.497266      0.78539816     0.03839287586295536
       10.497266       2.3561945     0.03839287586295531

       10.557422      0.78539816     0.03775305615620327
       10.557422       2.3561945     0.03775305615620327

       10.617578      0.78539816     0.03711802490359346
       10.617578       2.3561945     0.03711802490359403

       10.677734      0.78539816     0.03648787792079084
       10.677734       2.3561945     0.03648787792079067

       10.737891      0.78539816     0.03586270861095862
       10.737891       2.3561945     0.03586270861095846

       10.798047      0.78539816     0.03524260791483674
       10.798047       2.3561945     0.03524260791483731

       10.858203      0.78539816     0.03462766426238589
       10.858203       2.3561945     0.03462766426238591

       10.918359      0.78539816     0.03401796352611225
       10.918359       2.3561945     0.03401796352611237

       10.978516      0.78539816     0.03341358897618397
       10.978516       2.3561945     0.03341358897618411

       11.038672      0.78539816     0.03281462123739656
       11.038672       2.3561945     0.03281462123739674

       11.098828      0.78539816     0.03222113824812935
       11.098828       2.3561945     0.03222113824812951

       11.158984      0.78539816     0.03163321522134489
       11.158984       2.3561945     0.03163321522134503

       11.219141      0.78539816     0.03105092460772946
       11.219141       2.3561945     0.03105092460772954

       11.279297      0.78539816     0.03047433606106871
       11.279297       2.3561945      0.0304743360610687

       11.339453      0.78539816     0.02990351640591764
       11.339453       2.3561945     0.02990351640591758

       11.399609      0.78539816     0.02933852960765843
       11.399609       2.3561945     0.02933852960765832

       11.459766      0.78539816     0.02877943674499576
       11.459766       2.3561945     0.02877943674499569

       11.519922      0.78539816     0.02822629598496778
       11.519922       2.3561945     0.02822629598496772

       11.580078      0.78539816     0.02767916256053058
       11.580078       2.3561945     0.02767916256053039

       11.640234      0.78539816     0.02713808875076437
       11.640234       2.3561945       0.027138088750764

       11.700391      0.78539816     0.02660312386375418
       11.700391       2.3561945     0.02660312386375432

       11.760547      0.78539816     0.02607431422219474
       11.760547       2.3561945     0.02607431422219351

       11.820703      0.78539816     0.02555170315173223
       11.820703       2.3561945     0.02555170315173167

       11.880859      0.78539816     0.02503533097210756
       11.880859       2.3561945     0.02503533097210798

       11.941016      0.78539816     0.02452523499110902
       11.941016       2.3561945     0.02452523499110737

       12.001172      0.78539816     0.02402144950134455
       12.001172       2.3561945      0.0240214495013432

       12.061328      0.78539816     0.02352400577986195
       12.061328       2.3561945     0.02352400577986101

       12.121484      0.78539816      0.0230329320906287
       12.121484       2.3561945       0.023032932090628

       12.181641      0.78539816     0.02254825368985008
       12.181641       2.3561945     0.02254825368984923

       12.241797      0.78539816     0.02206999283413855
       12.241797       2.3561945     0.02206999283413745

       12.301953      0.78539816     0.02159816879152547
       12.301953       2.3561945     0.02159816879152475

       12.362109      0.78539816     0.02113279785527517
       12.362109       2.3561945      0.0211327978552744

       12.422266      0.78539816     0.02067389336050367
       12.422266       2.3561945     0.02067389336050298

       12.482422      0.78539816     0.02022146570356793
       12.482422       2.3561945      0.0202214657035673

       12.542578      0.78539816     0.01977552236417937
       12.542578       2.3561945     0.01977552236417873

       12.602734      0.78539816     0.01933606793020888
       12.602734       2.3561945     0.01933606793020823

       12.662891      0.78539816     0.01890310412513145
       12.662891       2.3561945     0.01890310412513082

       12.723047      0.78539816     0.01847662983808541
       12.723047       2.3561945     0.01847662983808485

       12.783203      0.78539816     0.01805664115644823
       12.783203       2.3561945     0.01805664115644773

       12.843359      0.78539816     0.01764313140089602
       12.843359       2.3561945     0.01764313140089557

       12.903516      0.78539816     0.01723609116289423
       12.903516       2.3561945     0.01723609116289387

       12.963672      0.78539816     0.01683550834449806
       12.963672       2.3561945     0.01683550834449777

       13.023828      0.78539816     0.01644136820044185
       13.023828       2.3561945     0.01644136820044165

       13.083984      0.78539816     0.01605365338242519
       13.083984       2.3561945     0.01605365338242504

       13.144141      0.78539816     0.01567234398548778
       13.144141       2.3561945     0.01567234398548764

       13.204297      0.78539816     0.01529741759641939
       13.204297       2.3561945     0.01529741759641937

       13.264453      0.78539816     0.01492884934410492
       13.264453       2.3561945     0.01492884934410457

       13.324609      0.78539816     0.01456661195170923
       13.324609       2.3561945     0.01456661195170908

       13.384766      0.78539816     0.01421067579061622
       13.384766       2.3561945     0.01421067579061626

       13.444922      0.78539816      0.0138610089360151
       13.444922       2.3561945     0.01386100893601482

       13.505078      0.78539816     0.01351757722405161
       13.505078       2.3561945     0.01351757722405139

       13.565234      0.78539816      0.0131803443104231
       13.565234       2.3561945     0.01318034431042283

       13.625391      0.78539816     0.01284927173033219
       13.625391       2.3561945      0.0128492717303319

       13.685547      0.78539816     0.01252431895969967
       13.685547       2.3561945     0.01252431895969942

       13.745703      0.78539816     0.01220544347751018
       13.745703       2.3561945     0.01220544347750997

       13.805859      0.78539816     0.01189260082921071
       13.805859       2.3561945      0.0118926008292105

       13.866016      0.78539816     0.01158574469104468
       13.866016       2.3561945     0.01158574469104444

       13.926172      0.78539816      0.0112848269352114
       13.926172       2.3561945     0.01128482693521116

       13.986328      0.78539816      0.0109897976957884
       13.986328       2.3561945     0.01098979769578815

       14.046484      0.78539816     0.01070060543514512
       14.046484       2.3561945     0.01070060543514493

       14.106641      0.78539816     0.01041719701150847
       14.106641       2.3561945     0.01041719701150819

       14.166797      0.78539816     0.01013951774489927
       14.166797       2.3561945      0.0101395177448991

       14.226953      0.78539816     0.00986751148103724
       14.226953       2.3561945    0.009867511481037154

       14.287109      0.78539816    0.009601120729176408
       14.287109       2.3561945     0.00960112072917646

       14.347266      0.78539816    0.009340286398486858
       14.347266       2.3561945    0.009340286398486684

       14.407422      0.78539816    0.009084947869765306
       14.407422       2.3561945    0.009084947869765264

       14.467578      0.78539816    0.008835052838951954
       14.467578       2.3561945    0.008835052838952228

       14.527734      0.78539816    0.008590496670613752
       14.527734       2.3561945    0.008590496670613778

       14.587891      0.78539816    0.008351228670984093
       14.587891       2.3561945     0.00835122867098417

       14.648047      0.78539816    0.008118147196843187
       14.648047       2.3561945    0.008118147196843215

       14.708203      0.78539816     0.00788575733353248
       14.708203       2.3561945    0.007885757333532461

       14.768359      0.78539816    0.007661074550576756
       14.768359       2.3561945    0.007661074550576684

       14.828516      0.78539816    0.007516332166718176
       14.828516       2.3561945     0.00751633216671807

       14.888672      0.78539816    0.007000944878163372
       14.888672       2.3561945    0.007000944878163191

       14.948828      0.78539816    0.006555833536014536
       14.948828       2.3561945    0.006555833536014339

       15.008984      0.78539816     0.01509438311493917
       15.008984       2.3561945     0.01509438311493797

       15.069141      0.78539816      0.2083792028590436
       15.069141       2.3561945      0.2083792028588613

       15.129297      0.78539816       51279610.61600113
       15.129297       2.3561945       51279610.61567084

       15.189453      0.78539816                    -nan
       15.189453       2.3561945                    -nan

       15.249609      0.78539816       333276236601.7457
       15.249609       2.3561945       333276236608.6049

       15.309766      0.78539816   5.541862950510038e+45
       15.309766       2.3561945   5.541862949945212e+45

       15.369922      0.78539816                    -nan
       15.369922       2.3561945                    -nan

       15.430078      0.78539816                       0
       15.430078       2.3561945                       0

       15.490234      0.78539816                       0
       15.490234       2.3561945                       0

       15.550391      0.78539816                       0
       15.550391       2.3561945                       0

       15.610547      0.78539816                       0
       15.610547       2.3561945                       0

