# File created on Wed Jul  8 11:33:17 2026
# ======================================== 
# = Running code assuming AXISYMMETRY    = 
# ======================================== 
# Data for Inflation GW initial data initial data at coord. time 0.188986 and proper central time 0.188986
# Evolved with (264,10,9) gridpoints (including 4 ghosts)
# Evolution with geodesic slicing and constant shift
# using eighth-order spatial differencing with 4 ghost zones 
# data 1 at theta = 0 and phi = 3.14159
# data 2 at theta = 1.5708 and phi = 3.14159
#                      r                 rho_ADM                 rho_ADM
#                               (     0,3.14159)        (1.5708,3.14159)
#========================================================================
            -0.210546875      0.1201050847396403      0.1201050847396403
            -0.150390625      0.1201181997480465      0.1201181997480465
    -0.09023437500000001      0.1201269360583148      0.1201269360583148
            -0.030078125      0.1201313021025207      0.1201313021025207
             0.030078125      0.1201313021025207      0.1201313021025207
     0.09023437500000001      0.1201269360583148      0.1201269360583148
             0.150390625      0.1201181997480465      0.1201181997480465
             0.210546875      0.1201050847396403      0.1201050847396403
             0.270703125      0.1200875784139551      0.1200875784139551
             0.330859375      0.1200656639995083      0.1200656639995083
             0.391015625      0.1200393206185272      0.1200393206185272
             0.451171875      0.1200085233442362      0.1200085233442362
             0.511328125      0.1199732432692081      0.1199732432692081
             0.571484375      0.1199334475844855      0.1199334475844855
      0.6316406250000001      0.1198890996692596      0.1198890996692596
             0.691796875      0.1198401591907858      0.1198401591907858
             0.751953125      0.1197865822142279      0.1197865822142278
             0.812109375      0.1197283213220324      0.1197283213220324
             0.872265625      0.1196653257424874      0.1196653257424874
      0.9324218750000001      0.1195975414869824      0.1195975414869824
             0.992578125      0.1195249114956164      0.1195249114956164
             1.052734375      0.1194473757905894      0.1194473757905894
             1.112890625      0.1193648716369443      0.1193648716369443
             1.173046875      0.1192773337101376      0.1192773337101376
             1.233203125      0.1191846942699137      0.1191846942699137
             1.293359375      0.1190868833399116      0.1190868833399116
             1.353515625      0.1189838288924915      0.1189838288924915
             1.413671875      0.1188754570381952      0.1188754570381952
             1.473828125      0.1187616922192527      0.1187616922192527
             1.533984375      0.1186424574065788      0.1186424574065788
             1.594140625       0.118517674299656       0.118517674299656
             1.654296875       0.118387263528763       0.118387263528763
             1.714453125      0.1182511448588925      0.1182511448588925
             1.774609375      0.1181092373948423      0.1181092373948424
             1.834765625      0.1179614597868795      0.1179614597868796
             1.894921875      0.1178077304364322      0.1178077304364322
             1.955078125      0.1176479677012156      0.1176479677012156
             2.015234375      0.1174820900992964      0.1174820900992965
             2.075390625      0.1173100165115149       0.117310016511515
             2.135546875      0.1171316663817965      0.1171316663817965
             2.195703125      0.1169469599148274      0.1169469599148275
             2.255859375      0.1167558182706263      0.1167558182706264
             2.316015625      0.1165581637555568      0.1165581637555569
             2.376171875      0.1163539200093065      0.1163539200093066
             2.436328125       0.116143012187469      0.1161430121874691
             2.496484375      0.1159253671393413      0.1159253671393414
             2.556640625      0.1157009135804806      0.1157009135804807
             2.616796875      0.1154695822597959      0.1154695822597959
             2.676953125      0.1152313061207772      0.1152313061207773
             2.737109375      0.1149860204565953      0.1149860204565954
             2.797265625      0.1147336630588124      0.1147336630588124
             2.857421875       0.114474174359477       0.114474174359477
             2.917578125      0.1142074975663838      0.1142074975663838
             2.977734375      0.1139335787912811      0.1139335787912811
             3.037890625      0.1136523671709219       0.113652367170922
             3.098046875      0.1133638149808239      0.1133638149808239
             3.158203125      0.1130678777416122      0.1130678777416123
             3.218359375        0.11276451431786      0.1127645143178601
             3.278515625      0.1124536870093899      0.1124536870093899
             3.338671875      0.1121353616350926      0.1121353616350927
             3.398828125      0.1118095076090271      0.1118095076090272
             3.458984375      0.1114760980091408      0.1114760980091409
             3.519140625      0.1111351096383775      0.1111351096383777
             3.579296875      0.1107865230783903      0.1107865230783905
             3.639453125       0.110430322735917      0.1104303227359172
             3.699609375       0.110066496881854      0.1100664968818543
             3.759765625      0.1096950376833049      0.1096950376833052
             3.819921875      0.1093159412285527      0.1093159412285531
             3.880078125      0.1089292075452597      0.1089292075452601
             3.940234375       0.108534840612015      0.1085348406120155
       4.000390625000001      0.1081328483634077      0.1081328483634083
             4.060546875      0.1077232426888577      0.1077232426888583
             4.120703125      0.1073060394253435      0.1073060394253441
             4.180859375      0.1068812583443913       0.106881258344392
             4.241015625       0.106448923133362      0.1064489231333627
       4.301171875000001      0.1060090613714493      0.1060090613714501
             4.361328125      0.1055617045005365      0.1055617045005374
             4.421484375      0.1051068877912057      0.1051068877912067
             4.481640625      0.1046446503040894      0.1046446503040904
             4.541796875      0.1041750348469702      0.1041750348469714
       4.601953125000001      0.1036980879277164      0.1036980879277176
             4.662109375      0.1032138597033836      0.1032138597033849
             4.722265625      0.1027224039258539      0.1027224039258551
             4.782421875      0.1022237778840585      0.1022237778840598
             4.842578125      0.1017180423432737       0.101718042343275
       4.902734375000001      0.1012052614815806       0.101205261481582
             4.962890625      0.1006855028237671      0.1006855028237684
             5.023046875      0.1001588371730858       0.100158837173087
             5.083203125     0.09962533854086054     0.09962533854086175
             5.143359375     0.09908508407438418     0.09908508407438536
       5.203515625000001     0.09853815398323759     0.09853815398323865
             5.263671875     0.09798463146428323     0.09798463146428425
             5.323828125     0.09742460262561208     0.09742460262561312
             5.383984375     0.09685815640952096     0.09685815640952201
             5.444140625     0.09628538451484979     0.09628538451485086
       5.504296875000001     0.09570638131881949      0.0957063813188205
             5.564453125     0.09512124379857818      0.0951212437985792
             5.624609375     0.09453007145260886     0.09453007145260992
             5.684765625     0.09393296622210794     0.09393296622210899
             5.744921875     0.09333003241265839     0.09333003241265947
       5.805078125000001     0.09272137661617574     0.09272137661617694
             5.865234375     0.09210710763334988      0.0921071076333512
             5.925390625     0.09148733639662779      0.0914873363966292
             5.985546875     0.09086217589395817     0.09086217589395959
             6.045703125     0.09023174109336712     0.09023174109336854
       6.105859375000001     0.08959614886832364     0.08959614886832498
             6.166015625     0.08895551792421104     0.08895551792421236
             6.226171875     0.08830996872581932     0.08830996872582059
             6.286328125     0.08765962342589623     0.08765962342589739
             6.346484375       0.087004605794942     0.08700460579494312
       6.406640625000001     0.08634504115217219     0.08634504115217324
             6.466796875     0.08568105629773742     0.08568105629773849
             6.526953125     0.08501277944620172      0.0850127794462027
             6.587109375     0.08434034016128344     0.08434034016128428
             6.647265625     0.08366386929193341     0.08366386929193417
       6.707421875000001     0.08298349890959399     0.08298349890959461
             6.767578125     0.08229936224683443     0.08229936224683496
             6.827734375      0.0816115936371518     0.08161159363715241
             6.887890625     0.08092032845602902     0.08092032845602889
             6.948046875     0.08022570306318866     0.08022570306318917
       7.008203125000001     0.07952785474594874     0.07952785474594906
             7.068359375     0.07882692166375414     0.07882692166375421
             7.128515625     0.07812304279368705     0.07812304279368766
             7.188671875      0.0774163578770341     0.07741635787703391
             7.248828125     0.07670700736674298     0.07670700736674281
       7.308984375000001      0.0759951323757774     0.07599513237577718
             7.369140625     0.07528087462627633     0.07528087462627597
             7.429296875      0.0745643763994422     0.07456437639944177
             7.489453125     0.07384578048608793     0.07384578048608741
             7.549609375     0.07312523013775646     0.07312523013775592
       7.609765625000001     0.07240286901840708     0.07240286901840645
             7.669921875     0.07167884115645573     0.07167884115645505
             7.730078125     0.07095329089720658     0.07095329089720595
             7.790234375     0.07022636285559392     0.07022636285559331
             7.850390625      0.0694982018690581     0.06949820186905749
       7.910546875000001     0.06876895295055847     0.06876895295055788
             7.970703125     0.06803876124169335     0.06803876124169275
             8.030859375     0.06730777196570592     0.06730777196570541
       8.091015625000001      0.0665761303804407     0.06657613038044033
       8.151171875000001     0.06584398173111805     0.06584398173111775
             8.211328125      0.0651114712028751     0.06511147120287492
             8.271484375     0.06437874387301971     0.06437874387301964
             8.331640625     0.06364594466290142      0.0636459446629011
       8.391796875000001     0.06291321828938884     0.06291321828938923
       8.451953125000001     0.06218070921588222     0.06218070921588133
             8.512109375     0.06144856160282845     0.06144856160282656
             8.572265625     0.06071691925765375     0.06071691925765421
             8.632421875     0.05998592558413972     0.05998592558413909
       8.692578125000001      0.0592557235311637     0.05925572353116218
       8.752734375000001      0.0585264555407992     0.05852645554079838
             8.812890625     0.05779826349576363     0.05779826349576266
             8.873046875     0.05707128866617266     0.05707128866617178
             8.933203125     0.05634567165561978     0.05634567165561906
       8.993359375000001     0.05562155234654928     0.05562155234654861
       9.053515625000001     0.05489906984496806     0.05489906984496741
             9.113671875     0.05417836242447487     0.05417836242447419
             9.173828125     0.05345956746961876       0.053459567469618
             9.233984375     0.05274282141863477     0.05274282141863391
       9.294140625000001     0.05202825970557033     0.05202825970556936
       9.354296875000001     0.05131601670181962     0.05131601670181857
             9.414453125     0.05060622565713144     0.05060622565713035
             9.474609375     0.04989901864016534     0.04989901864016432
             9.534765625     0.04919452647854222     0.04919452647854126
       9.594921875000001     0.04849287869854844     0.04849287869854754
       9.655078125000001     0.04779420346454856     0.04779420346454773
             9.715234375     0.04709862751807724     0.04709862751807643
             9.775390625     0.04640627611683124     0.04640627611683043
             9.835546875     0.04571727297347762     0.04571727297347686
       9.895703125000001     0.04503174019449735     0.04503174019449642
       9.955859375000001     0.04434979821907457     0.04434979821907421
            10.016015625     0.04367156575810632     0.04367156575810542
            10.076171875     0.04299715973349896      0.0429971597334976
            10.136328125     0.04232669521777581     0.04232669521777509
            10.196484375     0.04166028537409668     0.04166028537409585
            10.256640625      0.0409980413968689     0.04099804139686823
            10.316796875     0.04034007245293749     0.04034007245293691
            10.376953125     0.03968648562353565     0.03968648562353525
            10.437109375     0.03903738584709233     0.03903738584709214
            10.497265625     0.03839287586295537     0.03839287586295533
            10.557421875     0.03775305615620327     0.03775305615620327
            10.617578125     0.03711802490359336     0.03711802490359374
            10.677734375     0.03648787792079087     0.03648787792079075
            10.737890625     0.03586270861095865     0.03586270861095854
            10.798046875     0.03524260791483665     0.03524260791483703
            10.858203125     0.03462766426238589      0.0346276642623859
            10.918359375     0.03401796352611223     0.03401796352611231
            10.978515625     0.03341358897618394     0.03341358897618403
            11.038671875     0.03281462123739653     0.03281462123739665
            11.098828125     0.03222113824812933     0.03222113824812943
            11.158984375     0.03163321522134487     0.03163321522134496
            11.219140625     0.03105092460772944      0.0310509246077295
            11.279296875     0.03047433606106871     0.03047433606106871
            11.339453125     0.02990351640591765     0.02990351640591761
            11.399609375     0.02933852960765845     0.02933852960765838
            11.459765625     0.02877943674499578     0.02877943674499572
            11.519921875     0.02822629598496779     0.02822629598496775
            11.580078125     0.02767916256053062     0.02767916256053049
            11.640234375     0.02713808875076443     0.02713808875076418
            11.700390625     0.02660312386375415     0.02660312386375425
            11.760546875     0.02607431422219495     0.02607431422219413
            11.820703125     0.02555170315173232     0.02555170315173195
            11.880859375     0.02503533097210748     0.02503533097210777
            11.941015625      0.0245252349911093     0.02452523499110819
            12.001171875     0.02402144950134479     0.02402144950134388
            12.061328125     0.02352400577986211     0.02352400577986147
            12.121484375     0.02303293209062882     0.02303293209062835
            12.181640625     0.02254825368985023     0.02254825368984965
            12.241796875     0.02206999283413873       0.022069992834138
            12.301953125      0.0215981687915256     0.02159816879152511
            12.362109375      0.0211327978552753     0.02113279785527479
            12.422265625     0.02067389336050379     0.02067389336050332
            12.482421875     0.02022146570356804     0.02022146570356761
            12.542578125     0.01977552236417949     0.01977552236417905
            12.602734375       0.019336067930209     0.01933606793020855
            12.662890625     0.01890310412513156     0.01890310412513114
            12.723046875     0.01847662983808551     0.01847662983808513
            12.783203125     0.01805664115644832     0.01805664115644798
            12.843359375     0.01764313140089609      0.0176431314008958
            12.903515625      0.0172360911628943     0.01723609116289405
            12.963671875     0.01683550834449811     0.01683550834449791
            13.023828125     0.01644136820044188     0.01644136820044175
            13.083984375     0.01605365338242521     0.01605365338242511
            13.144140625      0.0156723439854878     0.01567234398548771
            13.204296875      0.0152974175964194     0.01529741759641938
            13.264453125     0.01492884934410498     0.01492884934410475
            13.324609375     0.01456661195170925     0.01456661195170915
            13.384765625     0.01421067579061622     0.01421067579061624
            13.444921875     0.01386100893601515     0.01386100893601496
            13.505078125     0.01351757722405165      0.0135175772240515
            13.565234375     0.01318034431042315     0.01318034431042297
            13.625390625     0.01284927173033224     0.01284927173033204
            13.685546875     0.01252431895969971     0.01252431895969954
            13.745703125     0.01220544347751022     0.01220544347751008
            13.805859375     0.01189260082921074      0.0118926008292106
            13.866015625     0.01158574469104472     0.01158574469104456
            13.926171875     0.01128482693521145     0.01128482693521128
            13.986328125     0.01098979769578844     0.01098979769578827
            14.046484375     0.01070060543514515     0.01070060543514503
            14.106640625     0.01041719701150852     0.01041719701150833
            14.166796875      0.0101395177448993     0.01013951774489919
            14.226953125    0.009867511481037254    0.009867511481037197
            14.287109375    0.009601120729176399    0.009601120729176434
            14.347265625    0.009340286398486887    0.009340286398486771
            14.407421875    0.009084947869765313    0.009084947869765285
            14.467578125    0.008835052838951907    0.008835052838952091
            14.527734375    0.008590496670613746    0.008590496670613765
            14.587890625     0.00835122867098408    0.008351228670984132
            14.648046875    0.008118147196843182    0.008118147196843201
            14.708203125    0.007885757333532483    0.007885757333532469
            14.768359375    0.007661074550576768     0.00766107455057672
            14.828515625    0.007516332166718195    0.007516332166718123
            14.888671875    0.007000944878163403    0.007000944878163282
            14.948828125     0.00655583353601457    0.006555833536014438
            15.008984375     0.01509438311493937     0.01509438311493857
            15.069140625      0.2083792028590749      0.2083792028589524
            15.129296875        51279610.6160579       51279610.61583599
            15.189453125                    -nan                    -nan
            15.249609375       333276236600.5667       333276236605.1753
            15.309765625   5.541862950607117e+45   5.541862950227625e+45
            15.369921875                    -nan                    -nan
            15.430078125                       0                       0
            15.490234375                       0                       0
            15.550390625                       0                       0
            15.610546875                       0                       0
