# File created on Wed Jul  8 11:31:11 2026
# ======================================== 
# = Running code assuming AXISYMMETRY    = 
# ======================================== 
# Data for Inflation GW initial data initial data at coord. time 0.0377973 and proper central time 0.0377973
# Evolved with (264,10,9) gridpoints (including 4 ghosts)
# Evolution with geodesic slicing and constant shift
# using eighth-order spatial differencing with 4 ghost zones 
# data 1 at theta = 0 and phi = 3.14159
# data 2 at theta = 1.5708 and phi = 3.14159
#                      r                 rho_ADM                 rho_ADM
#                               (     0,3.14159)        (1.5708,3.14159)
#========================================================================
            -0.210546875      0.1193782495252795      0.1193782495252795
            -0.150390625       0.119389333788477       0.119389333788477
    -0.09023437500000001      0.1193967162025412      0.1193967162025412
            -0.030078125      0.1194004052796093      0.1194004052796093
             0.030078125      0.1194004052796093      0.1194004052796093
     0.09023437500000001      0.1193967162025412      0.1193967162025412
             0.150390625      0.1193893337884771       0.119389333788477
             0.210546875      0.1193782495252795      0.1193782495252795
             0.270703125      0.1193634506640296      0.1193634506640296
             0.330859375      0.1193449202421328      0.1193449202421328
             0.391015625      0.1193226371140536      0.1193226371140536
             0.451171875      0.1192965759896297      0.1192965759896296
             0.511328125      0.1192667074798867      0.1192667074798867
             0.571484375      0.1192329981502695      0.1192329981502695
      0.6316406250000001      0.1191954105811918      0.1191954105811918
             0.691796875      0.1191539034357887      0.1191539034357887
             0.751953125      0.1191084315347385      0.1191084315347385
             0.812109375      0.1190589459380307      0.1190589459380307
             0.872265625      0.1190053940335069      0.1190053940335069
      0.9324218750000001      0.1189477196320272      0.1189477196320272
             0.992578125      0.1188858630690795      0.1188858630690795
             1.052734375      0.1188197613126328      0.1188197613126328
             1.112890625      0.1187493480770556      0.1187493480770556
             1.173046875       0.118674553942883       0.118674553942883
             1.233203125      0.1185953064822013      0.1185953064822013
             1.293359375      0.1185115303894345      0.1185115303894345
             1.353515625      0.1184231476173035      0.1184231476173035
             1.413671875       0.118330077517693       0.118330077517693
             1.473828125      0.1182322369871766      0.1182322369871766
             1.533984375      0.1181295406169657      0.1181295406169657
             1.594140625      0.1180219008469843      0.1180219008469843
             1.654296875      0.1179092281238093      0.1179092281238093
             1.714453125      0.1177914310622011      0.1177914310622011
             1.774609375      0.1176684166099569      0.1176684166099569
             1.834765625      0.1175400902157653      0.1175400902157653
             1.894921875      0.1174063559998095      0.1174063559998095
             1.955078125      0.1172671169268116      0.1172671169268116
             2.015234375      0.1171222749812105      0.1171222749812105
             2.075390625      0.1169717313442231      0.1169717313442232
             2.135546875       0.116815386572446       0.116815386572446
             2.195703125      0.1166531407777104      0.1166531407777104
             2.255859375      0.1164848938079325      0.1164848938079325
             2.316015625       0.116310545428616      0.1163105454286161
             2.376171875      0.1161299955047461      0.1161299955047461
             2.436328125      0.1159431441827661      0.1159431441827661
             2.496484375      0.1157498920723571      0.1157498920723571
             2.556640625      0.1155501404277507      0.1155501404277508
             2.616796875       0.115343791328254       0.115343791328254
             2.676953125      0.1151307478577469      0.1151307478577469
             2.737109375       0.114910914282865       0.114910914282865
             2.797265625      0.1146841962296047      0.1146841962296047
             2.857421875      0.1144505008580827      0.1144505008580827
             2.917578125      0.1142097370351842      0.1142097370351842
             2.977734375      0.1139618155048908      0.1139618155048908
             3.037890625      0.1137066490559961      0.1137066490559961
             3.098046875      0.1134441526870002      0.1134441526870002
             3.158203125      0.1131742437679424      0.1131742437679424
             3.218359375      0.1128968421989654      0.1128968421989654
             3.278515625      0.1126118705653847      0.1126118705653847
             3.338671875      0.1123192542890562      0.1123192542890562
             3.398828125      0.1120189217758568      0.1120189217758568
             3.458984375      0.1117108045590746      0.1117108045590746
             3.519140625      0.1113948374385468      0.1113948374385468
             3.579296875      0.1110709586153487      0.1110709586153488
             3.639453125       0.110739109821891      0.1107391098218911
             3.699609375      0.1103992364472766      0.1103992364472767
             3.759765625       0.110051287657765      0.1100512876577651
             3.819921875      0.1096952165121599      0.1096952165121599
             3.880078125      0.1093309800721035      0.1093309800721036
             3.940234375      0.1089585395070791      0.1089585395070792
       4.000390625000001      0.1085778601940026      0.1085778601940028
             4.060546875      0.1081889118113661      0.1081889118113662
             4.120703125      0.1077916684278039       0.107791668427804
             4.180859375      0.1073861085850288      0.1073861085850289
             4.241015625      0.1069722153750063      0.1069722153750065
       4.301171875000001      0.1065499765113959       0.106549976511396
             4.361328125      0.1061193843951384      0.1061193843951386
             4.421484375      0.1056804361741673      0.1056804361741675
             4.481640625      0.1052331337972201      0.1052331337972204
             4.541796875      0.1047774840616881      0.1047774840616884
       4.601953125000001      0.1043134986555369      0.1043134986555371
             4.662109375      0.1038411941932601      0.1038411941932603
             4.722265625      0.1033605922458562      0.1033605922458565
             4.782421875      0.1028717193648471      0.1028717193648474
             4.842578125      0.1023746071003573      0.1023746071003576
       4.902734375000001      0.1018692920132923      0.1018692920132927
             4.962890625      0.1013558156815886      0.1013558156815889
             5.023046875      0.1008342247006444      0.1008342247006447
             5.083203125        0.10030457067792      0.1003045706779203
             5.143359375     0.09976691022179925     0.09976691022179945
       5.203515625000001     0.09922130492475574     0.09922130492475591
             5.263671875     0.09866782134085468     0.09866782134085489
             5.323828125      0.0981065309577501     0.09810653095775032
             5.383984375     0.09753751016314882     0.09753751016314904
             5.444140625     0.09696084020591436      0.0969608402059146
       5.504296875000001     0.09637660715183793     0.09637660715183817
             5.564453125     0.09578490183419469     0.09578490183419491
             5.624609375      0.0951858197992316     0.09518581979923177
             5.684765625     0.09457946124658324     0.09457946124658345
             5.744921875     0.09396593096483728     0.09396593096483755
       5.805078125000001     0.09334533826231894     0.09334533826231922
             5.865234375     0.09271779689318714      0.0927177968931874
             5.925390625      0.0920834249790099      0.0920834249790102
             5.985546875      0.0914423449259381     0.09144234492593838
             6.045703125     0.09079468333761161     0.09079468333761193
       6.105859375000001     0.09014057092386679     0.09014057092386712
             6.166015625     0.08948014240551573     0.08948014240551599
             6.226171875     0.08881353641524262     0.08881353641524284
             6.286328125      0.0881408953947368       0.088140895394737
             6.346484375     0.08746236548832319     0.08746236548832345
       6.406640625000001     0.08677809643314696     0.08677809643314718
             6.466796875     0.08608824144609857     0.08608824144609878
             6.526953125     0.08539295710760859     0.08539295710760882
             6.587109375     0.08469240324252672     0.08469240324252694
             6.647265625     0.08398674279818119     0.08398674279818136
       6.707421875000001     0.08327614171980303     0.08327614171980316
             6.767578125     0.08256076882349336     0.08256076882349345
             6.827734375     0.08184079566684932     0.08184079566684938
             6.887890625     0.08111639641748629     0.08111639641748641
             6.948046875     0.08038774771954098     0.08038774771954112
       7.008203125000001     0.07965502855835464      0.0796550285583548
             7.068359375      0.0789184201235289     0.07891842012352893
             7.128515625     0.07817810567047594     0.07817810567047592
             7.188671875     0.07743427038062932     0.07743427038062928
             7.248828125     0.07668710122052554     0.07668710122052547
       7.308984375000001     0.07593678679987258     0.07593678679987252
             7.369140625     0.07518351722878513     0.07518351722878507
             7.429296875     0.07442748397436498     0.07442748397436492
             7.489453125     0.07366887971676261     0.07366887971676253
             7.549609375     0.07290789820489889     0.07290789820489874
       7.609765625000001     0.07214473411201398     0.07214473411201383
             7.669921875     0.07137958289116073     0.07137958289116059
             7.730078125     0.07061264063085686     0.07061264063085673
             7.790234375     0.06984410391102552     0.06984410391102536
             7.850390625     0.06907416965933656     0.06907416965933642
       7.910546875000001     0.06830303500818434     0.06830303500818427
             7.970703125     0.06753089715237949     0.06753089715237934
             8.030859375     0.06675795320773327     0.06675795320773312
       8.091015625000001     0.06598440007066805     0.06598440007066794
       8.151171875000001     0.06521043427899967     0.06521043427899961
             8.211328125      0.0644362518740515     0.06443625187405151
             8.271484375     0.06366204826417229     0.06366204826417232
             8.331640625     0.06288801808987018     0.06288801808987017
       8.391796875000001     0.06211435509064402       0.062114355090644
       8.451953125000001     0.06134125197364371     0.06134125197364362
             8.512109375     0.06056890028429412     0.06056890028429399
             8.572265625     0.05979749027899789     0.05979749027899772
             8.632421875     0.05902721080002205     0.05902721080002181
       8.692578125000001     0.05825824915269868     0.05825824915269848
       8.752734375000001     0.05749079098504541     0.05749079098504525
             8.812890625      0.0567250201698789     0.05672502016987872
             8.873046875     0.05596111868956686     0.05596111868956666
             8.933203125     0.05519926652349424     0.05519926652349408
       8.993359375000001     0.05443964153831857     0.05443964153831841
       9.053515625000001     0.05368241938112901      0.0536824193811289
             9.113671875     0.05292777337559808     0.05292777337559806
             9.173828125     0.05217587442114206     0.05217587442114197
             9.233984375     0.05142689089526405     0.05142689089526385
       9.294140625000001     0.05068098855906632     0.05068098855906607
       9.354296875000001      0.0499383304660317     0.04993833046603148
             9.414453125     0.04919907687413989     0.04919907687413966
             9.474609375     0.04846338516135346     0.04846338516135329
             9.534765625     0.04773140974454652     0.04773140974454636
       9.594921875000001     0.04700330200190624     0.04700330200190607
       9.655078125000001     0.04627921019887379     0.04627921019887365
             9.715234375     0.04555927941761528     0.04555927941761514
             9.775390625     0.04484365149011597     0.04484365149011581
             9.835546875     0.04413246493487093     0.04413246493487076
       9.895703125000001     0.04342585489724425      0.0434258548972441
       9.955859375000001     0.04272395309346561     0.04272395309346545
            10.016015625     0.04202688775831499     0.04202688775831484
            10.076171875     0.04133478359650736     0.04133478359650719
            10.136328125      0.0406477617377452     0.04064776173774498
            10.196484375     0.03996593969546949      0.0399659396954693
            10.256640625     0.03928943132931521     0.03928943132931507
            10.316796875     0.03861834681123078     0.03861834681123068
            10.376953125     0.03795279259524979     0.03795279259524972
            10.437109375     0.03729287139094651     0.03729287139094648
            10.497265625     0.03663868214049505     0.03663868214049502
            10.557421875     0.03599031999933484     0.03599031999933484
            10.617578125     0.03534787632041791     0.03534787632041795
            10.677734375     0.03471143864197804     0.03471143864197811
            10.737890625     0.03408109067881802     0.03408109067881807
            10.798046875      0.0334569123170553     0.03345691231705529
            10.858203125      0.0328389796122753     0.03283897961227529
            10.918359375     0.03222736479106128     0.03222736479106129
            10.978515625     0.03162213625583679     0.03162213625583682
            11.038671875     0.03102335859296549     0.03102335859296554
            11.098828125     0.03043109258406001     0.03043109258406005
            11.158984375     0.02984539522043033     0.02984539522043036
            11.219140625     0.02926631972060581     0.02926631972060581
            11.279296875     0.02869391555086921     0.02869391555086919
            11.339453125     0.02812822844873101     0.02812822844873099
            11.399609375     0.02756930044927171     0.02756930044927169
            11.459765625     0.02701716991427843      0.0270171699142784
            11.519921875     0.02647187156409262     0.02647187156409261
            11.580078125     0.02593343651209952     0.02593343651209953
            11.640234375     0.02540189230177282     0.02540189230177286
            11.700390625     0.02487726294618699     0.02487726294618695
            11.760546875     0.02435956896993163     0.02435956896993154
            11.820703125      0.0238488274533119     0.02384882745331183
            11.880859375     0.02334505207876934     0.02334505207876925
            11.941015625      0.0228482531794379     0.02284825317943777
            12.001171875     0.02235843778972713     0.02235843778972701
            12.061328125     0.02187560969784823     0.02187560969784813
            12.121484375     0.02139976950020584      0.0213997695002057
            12.181640625     0.02093091465754281      0.0209309146575427
            12.241796875     0.02046903955275603     0.02046903955275593
            12.301953125     0.02001413555029308     0.02001413555029299
            12.362109375     0.01956619105702754     0.01956619105702747
            12.422265625     0.01912519158452559     0.01912519158452551
            12.482421875     0.01869111981261153     0.01869111981261144
            12.542578125     0.01826395565413355     0.01826395565413346
            12.602734375     0.01784367632084255     0.01784367632084249
            12.662890625     0.01743025639029269     0.01743025639029263
            12.723046875     0.01702366787366332     0.01702366787366324
            12.783203125     0.01662388028442275     0.01662388028442267
            12.843359375     0.01623086070773328     0.01623086070773323
            12.903515625     0.01584457387051632     0.01584457387051627
            12.963671875     0.01546498221208838     0.01546498221208836
            13.023828125     0.01509204595527349     0.01509204595527348
            13.083984375     0.01472572317791598     0.01472572317791595
            13.144140625      0.0143659698847037     0.01436596988470368
            13.204296875     0.01401274007921868     0.01401274007921869
            13.264453125     0.01366598583613991     0.01366598583613991
            13.324609375     0.01332565737350977     0.01332565737350975
            13.384765625     0.01299170312499023     0.01299170312499023
            13.444921875     0.01266406981203437     0.01266406981203433
            13.505078125     0.01234270251589678     0.01234270251589673
            13.565234375     0.01202754474941152     0.01202754474941149
            13.625390625     0.01171853852846381      0.0117185385284638
            13.685546875     0.01141562444309159     0.01141562444309156
            13.745703125     0.01111874172814613     0.01111874172814608
            13.805859375     0.01082782833345745     0.01082782833345742
            13.866015625     0.01054282099341633     0.01054282099341631
            13.926171875     0.01026365529597694     0.01026365529597693
            13.986328125    0.009990265750864624    0.009990265750864608
            14.046484375     0.00972258585733551    0.009722585857335471
            14.106640625    0.009460548170404048    0.009460548170403999
            14.166796875     0.00920408436812155    0.009204084368121524
            14.226953125    0.008953125313171826    0.008953125313171831
            14.287109375    0.008707601125647852    0.008707601125647849
            14.347265625    0.008467441224309024    0.008467441224309005
            14.407421875    0.008232574443577475    0.008232574443577473
            14.467578125    0.008002928957057858    0.008002928957057879
            14.527734375     0.00777843268186976    0.007778432681869787
            14.587890625    0.007559012472718655    0.007559012472718668
            14.648046875     0.00734459632833025    0.007344596328330251
            14.708203125    0.007135108731886722    0.007135108731886721
            14.768359375    0.006930475029444952    0.006930475029444941
            14.828515625    0.006730652510857864    0.006730652510857844
            14.888671875    0.006535606561234818    0.006535606561234806
            14.948828125    0.006342356260182151    0.006342356260182133
            15.008984375    0.006176867133153762    0.006176867133153735
            15.069140625    0.005935125998544197    0.005935125998544189
            15.129296875    0.005261828725329747    0.005261828725329746
            15.189453125     0.01089145552584762     0.01089145552584757
            15.249609375    0.002532260499437583    0.002532260499437565
            15.309765625     0.02255696004633907     0.02255696004633889
            15.369921875       8.842945819959523       8.842945819959501
            15.430078125                       0                       0
            15.490234375                       0                       0
            15.550390625                       0                       0
            15.610546875                       0                       0
