# File created on Wed Jul  8 11:31:12 2026
# ======================================== 
# = Running code assuming AXISYMMETRY    = 
# ======================================== 
# Data for Inflation GW initial data initial data at coord. time 0.0377973 and proper central time 0.0377973
# Evolved with (264,10,9) gridpoints (including 4 ghosts)
# Evolution with geodesic slicing and constant shift
# using eighth-order spatial differencing with 4 ghost zones 
# data 1 at theta = 0 and phi = 3.14159
# data 2 at theta = 1.5708 and phi = 3.14159
#                      r                 rho_ADM                 rho_ADM
#                               (     0,3.14159)        (1.5708,3.14159)
#========================================================================
     -0.1754557291666667      0.1193782495252795      0.1193782495252795
     -0.1253255208333333       0.119389333788477       0.119389333788477
           -0.0751953125      0.1193967162025412      0.1193967162025412
    -0.02506510416666667      0.1194004052796093      0.1194004052796093
     0.02506510416666667      0.1194004052796093      0.1194004052796093
            0.0751953125      0.1193967162025412      0.1193967162025412
      0.1253255208333333      0.1193893337884771       0.119389333788477
      0.1754557291666667      0.1193782495252795      0.1193782495252795
            0.2255859375      0.1193634506640296      0.1193634506640296
      0.2757161458333334      0.1193449202421328      0.1193449202421328
      0.3258463541666667      0.1193226371140536      0.1193226371140536
            0.3759765625      0.1192965759896297      0.1192965759896296
      0.4261067708333334      0.1192667074798867      0.1192667074798867
      0.4762369791666667      0.1192329981502695      0.1192329981502695
            0.5263671875      0.1191954105811918      0.1191954105811918
      0.5764973958333334      0.1191539034357887      0.1191539034357887
      0.6266276041666667      0.1191084315347385      0.1191084315347385
            0.6767578125      0.1190589459380307      0.1190589459380307
      0.7268880208333334      0.1190053940335069      0.1190053940335069
      0.7770182291666667      0.1189477196320272      0.1189477196320272
            0.8271484375      0.1188858630690795      0.1188858630690795
      0.8772786458333334      0.1188197613126328      0.1188197613126328
      0.9274088541666667      0.1187493480770556      0.1187493480770556
            0.9775390625       0.118674553942883       0.118674553942883
       1.027669270833333      0.1185953064822013      0.1185953064822013
       1.077799479166667      0.1185115303894345      0.1185115303894345
            1.1279296875      0.1184231476173035      0.1184231476173035
       1.178059895833333       0.118330077517693       0.118330077517693
       1.228190104166667      0.1182322369871766      0.1182322369871766
            1.2783203125      0.1181295406169657      0.1181295406169657
       1.328450520833333      0.1180219008469843      0.1180219008469843
       1.378580729166667      0.1179092281238093      0.1179092281238093
            1.4287109375      0.1177914310622011      0.1177914310622011
       1.478841145833333      0.1176684166099569      0.1176684166099569
       1.528971354166667      0.1175400902157653      0.1175400902157653
            1.5791015625      0.1174063559998095      0.1174063559998095
       1.629231770833333      0.1172671169268116      0.1172671169268116
       1.679361979166667      0.1171222749812105      0.1171222749812105
            1.7294921875      0.1169717313442231      0.1169717313442232
       1.779622395833333       0.116815386572446       0.116815386572446
       1.829752604166667      0.1166531407777104      0.1166531407777104
            1.8798828125      0.1164848938079325      0.1164848938079325
       1.930013020833333       0.116310545428616      0.1163105454286161
       1.980143229166667      0.1161299955047461      0.1161299955047461
            2.0302734375      0.1159431441827661      0.1159431441827661
       2.080403645833333      0.1157498920723571      0.1157498920723571
       2.130533854166667      0.1155501404277507      0.1155501404277508
            2.1806640625       0.115343791328254       0.115343791328254
       2.230794270833333      0.1151307478577469      0.1151307478577469
       2.280924479166667       0.114910914282865       0.114910914282865
            2.3310546875      0.1146841962296047      0.1146841962296047
       2.381184895833333      0.1144505008580827      0.1144505008580827
       2.431315104166667      0.1142097370351842      0.1142097370351842
            2.4814453125      0.1139618155048908      0.1139618155048908
       2.531575520833333      0.1137066490559961      0.1137066490559961
       2.581705729166667      0.1134441526870002      0.1134441526870002
            2.6318359375      0.1131742437679424      0.1131742437679424
       2.681966145833333      0.1128968421989654      0.1128968421989654
       2.732096354166667      0.1126118705653847      0.1126118705653847
            2.7822265625      0.1123192542890562      0.1123192542890562
       2.832356770833333      0.1120189217758568      0.1120189217758568
       2.882486979166667      0.1117108045590746      0.1117108045590746
            2.9326171875      0.1113948374385468      0.1113948374385468
       2.982747395833333      0.1110709586153487      0.1110709586153488
       3.032877604166667       0.110739109821891      0.1107391098218911
            3.0830078125      0.1103992364472766      0.1103992364472767
       3.133138020833333       0.110051287657765      0.1100512876577651
       3.183268229166667      0.1096952165121599      0.1096952165121599
            3.2333984375      0.1093309800721035      0.1093309800721036
       3.283528645833333      0.1089585395070791      0.1089585395070792
       3.333658854166667      0.1085778601940026      0.1085778601940028
            3.3837890625      0.1081889118113661      0.1081889118113662
       3.433919270833333      0.1077916684278039       0.107791668427804
       3.484049479166667      0.1073861085850288      0.1073861085850289
            3.5341796875      0.1069722153750063      0.1069722153750065
       3.584309895833333      0.1065499765113959       0.106549976511396
       3.634440104166667      0.1061193843951384      0.1061193843951386
            3.6845703125      0.1056804361741673      0.1056804361741675
       3.734700520833333      0.1052331337972201      0.1052331337972204
       3.784830729166667      0.1047774840616881      0.1047774840616884
            3.8349609375      0.1043134986555369      0.1043134986555371
       3.885091145833333      0.1038411941932601      0.1038411941932603
       3.935221354166667      0.1033605922458562      0.1033605922458565
            3.9853515625      0.1028717193648471      0.1028717193648474
       4.035481770833334      0.1023746071003573      0.1023746071003576
       4.085611979166667      0.1018692920132923      0.1018692920132927
            4.1357421875      0.1013558156815886      0.1013558156815889
       4.185872395833334      0.1008342247006444      0.1008342247006447
       4.236002604166667        0.10030457067792      0.1003045706779203
            4.2861328125     0.09976691022179925     0.09976691022179945
       4.336263020833334     0.09922130492475574     0.09922130492475591
       4.386393229166667     0.09866782134085468     0.09866782134085489
            4.4365234375      0.0981065309577501     0.09810653095775032
       4.486653645833334     0.09753751016314882     0.09753751016314904
       4.536783854166667     0.09696084020591436      0.0969608402059146
            4.5869140625     0.09637660715183793     0.09637660715183817
       4.637044270833334     0.09578490183419469     0.09578490183419491
       4.687174479166667      0.0951858197992316     0.09518581979923177
            4.7373046875     0.09457946124658324     0.09457946124658345
       4.787434895833334     0.09396593096483728     0.09396593096483755
       4.837565104166667     0.09334533826231894     0.09334533826231922
            4.8876953125     0.09271779689318714      0.0927177968931874
       4.937825520833334      0.0920834249790099      0.0920834249790102
       4.987955729166667      0.0914423449259381     0.09144234492593838
            5.0380859375     0.09079468333761161     0.09079468333761193
       5.088216145833334     0.09014057092386679     0.09014057092386712
       5.138346354166667     0.08948014240551573     0.08948014240551599
            5.1884765625     0.08881353641524262     0.08881353641524284
       5.238606770833334      0.0881408953947368       0.088140895394737
       5.288736979166667     0.08746236548832319     0.08746236548832345
            5.3388671875     0.08677809643314696     0.08677809643314718
       5.388997395833334     0.08608824144609857     0.08608824144609878
       5.439127604166667     0.08539295710760859     0.08539295710760882
            5.4892578125     0.08469240324252672     0.08469240324252694
       5.539388020833334     0.08398674279818119     0.08398674279818136
       5.589518229166667     0.08327614171980303     0.08327614171980316
            5.6396484375     0.08256076882349336     0.08256076882349345
       5.689778645833334     0.08184079566684932     0.08184079566684938
       5.739908854166667     0.08111639641748629     0.08111639641748641
            5.7900390625     0.08038774771954098     0.08038774771954112
       5.840169270833334     0.07965502855835464      0.0796550285583548
       5.890299479166667      0.0789184201235289     0.07891842012352893
            5.9404296875     0.07817810567047594     0.07817810567047592
       5.990559895833334     0.07743427038062932     0.07743427038062928
       6.040690104166667     0.07668710122052554     0.07668710122052547
            6.0908203125     0.07593678679987258     0.07593678679987252
       6.140950520833334     0.07518351722878513     0.07518351722878507
       6.191080729166667     0.07442748397436498     0.07442748397436492
            6.2412109375     0.07366887971676261     0.07366887971676253
       6.291341145833334     0.07290789820489889     0.07290789820489874
       6.341471354166667     0.07214473411201398     0.07214473411201383
            6.3916015625     0.07137958289116073     0.07137958289116059
       6.441731770833334     0.07061264063085686     0.07061264063085673
       6.491861979166667     0.06984410391102552     0.06984410391102536
            6.5419921875     0.06907416965933656     0.06907416965933642
       6.592122395833334     0.06830303500818434     0.06830303500818427
       6.642252604166667     0.06753089715237949     0.06753089715237934
            6.6923828125     0.06675795320773327     0.06675795320773312
       6.742513020833334     0.06598440007066805     0.06598440007066794
       6.792643229166667     0.06521043427899967     0.06521043427899961
            6.8427734375      0.0644362518740515     0.06443625187405151
       6.892903645833334     0.06366204826417229     0.06366204826417232
       6.943033854166667     0.06288801808987018     0.06288801808987017
            6.9931640625     0.06211435509064402       0.062114355090644
       7.043294270833334     0.06134125197364371     0.06134125197364362
       7.093424479166667     0.06056890028429412     0.06056890028429399
            7.1435546875     0.05979749027899789     0.05979749027899772
       7.193684895833334     0.05902721080002205     0.05902721080002181
       7.243815104166667     0.05825824915269868     0.05825824915269848
            7.2939453125     0.05749079098504541     0.05749079098504525
       7.344075520833334      0.0567250201698789     0.05672502016987872
       7.394205729166667     0.05596111868956686     0.05596111868956666
            7.4443359375     0.05519926652349424     0.05519926652349408
       7.494466145833334     0.05443964153831857     0.05443964153831841
       7.544596354166667     0.05368241938112901      0.0536824193811289
            7.5947265625     0.05292777337559808     0.05292777337559806
       7.644856770833334     0.05217587442114206     0.05217587442114197
       7.694986979166667     0.05142689089526405     0.05142689089526385
            7.7451171875     0.05068098855906632     0.05068098855906607
       7.795247395833334      0.0499383304660317     0.04993833046603148
       7.845377604166667     0.04919907687413989     0.04919907687413966
            7.8955078125     0.04846338516135346     0.04846338516135329
       7.945638020833334     0.04773140974454652     0.04773140974454636
       7.995768229166667     0.04700330200190624     0.04700330200190607
            8.0458984375     0.04627921019887379     0.04627921019887365
       8.096028645833334     0.04555927941761528     0.04555927941761514
       8.146158854166668     0.04484365149011597     0.04484365149011581
            8.1962890625     0.04413246493487093     0.04413246493487076
       8.246419270833334     0.04342585489724425      0.0434258548972441
       8.296549479166668     0.04272395309346561     0.04272395309346545
            8.3466796875     0.04202688775831499     0.04202688775831484
       8.396809895833334     0.04133478359650736     0.04133478359650719
       8.446940104166668      0.0406477617377452     0.04064776173774498
            8.4970703125     0.03996593969546949      0.0399659396954693
       8.547200520833334     0.03928943132931521     0.03928943132931507
       8.597330729166668     0.03861834681123078     0.03861834681123068
            8.6474609375     0.03795279259524979     0.03795279259524972
       8.697591145833334     0.03729287139094651     0.03729287139094648
       8.747721354166668     0.03663868214049505     0.03663868214049502
            8.7978515625     0.03599031999933484     0.03599031999933484
       8.847981770833334     0.03534787632041791     0.03534787632041795
       8.898111979166668     0.03471143864197804     0.03471143864197811
            8.9482421875     0.03408109067881802     0.03408109067881807
       8.998372395833334      0.0334569123170553     0.03345691231705529
       9.048502604166668      0.0328389796122753     0.03283897961227529
            9.0986328125     0.03222736479106128     0.03222736479106129
       9.148763020833334     0.03162213625583679     0.03162213625583682
       9.198893229166668     0.03102335859296549     0.03102335859296554
            9.2490234375     0.03043109258406001     0.03043109258406005
       9.299153645833334     0.02984539522043033     0.02984539522043036
       9.349283854166668     0.02926631972060581     0.02926631972060581
            9.3994140625     0.02869391555086921     0.02869391555086919
       9.449544270833334     0.02812822844873101     0.02812822844873099
       9.499674479166668     0.02756930044927171     0.02756930044927169
            9.5498046875     0.02701716991427843      0.0270171699142784
       9.599934895833334     0.02647187156409262     0.02647187156409261
       9.650065104166668     0.02593343651209952     0.02593343651209953
            9.7001953125     0.02540189230177282     0.02540189230177286
       9.750325520833334     0.02487726294618699     0.02487726294618695
       9.800455729166668     0.02435956896993163     0.02435956896993154
            9.8505859375      0.0238488274533119     0.02384882745331183
       9.900716145833334     0.02334505207876934     0.02334505207876925
       9.950846354166668      0.0228482531794379     0.02284825317943777
           10.0009765625     0.02235843778972713     0.02235843778972701
       10.05110677083333     0.02187560969784823     0.02187560969784813
       10.10123697916667     0.02139976950020584      0.0213997695002057
           10.1513671875     0.02093091465754281      0.0209309146575427
       10.20149739583333     0.02046903955275603     0.02046903955275593
       10.25162760416667     0.02001413555029308     0.02001413555029299
           10.3017578125     0.01956619105702754     0.01956619105702747
       10.35188802083333     0.01912519158452559     0.01912519158452551
       10.40201822916667     0.01869111981261153     0.01869111981261144
           10.4521484375     0.01826395565413355     0.01826395565413346
       10.50227864583333     0.01784367632084255     0.01784367632084249
       10.55240885416667     0.01743025639029269     0.01743025639029263
           10.6025390625     0.01702366787366332     0.01702366787366324
       10.65266927083333     0.01662388028442275     0.01662388028442267
       10.70279947916667     0.01623086070773328     0.01623086070773323
           10.7529296875     0.01584457387051632     0.01584457387051627
       10.80305989583333     0.01546498221208838     0.01546498221208836
       10.85319010416667     0.01509204595527349     0.01509204595527348
           10.9033203125     0.01472572317791598     0.01472572317791595
       10.95345052083333      0.0143659698847037     0.01436596988470368
       11.00358072916667     0.01401274007921868     0.01401274007921869
           11.0537109375     0.01366598583613991     0.01366598583613991
       11.10384114583333     0.01332565737350977     0.01332565737350975
       11.15397135416667     0.01299170312499023     0.01299170312499023
           11.2041015625     0.01266406981203437     0.01266406981203433
       11.25423177083333     0.01234270251589678     0.01234270251589673
       11.30436197916667     0.01202754474941152     0.01202754474941149
           11.3544921875     0.01171853852846381      0.0117185385284638
       11.40462239583333     0.01141562444309159     0.01141562444309156
       11.45475260416667     0.01111874172814613     0.01111874172814608
           11.5048828125     0.01082782833345745     0.01082782833345742
       11.55501302083333     0.01054282099341633     0.01054282099341631
       11.60514322916667     0.01026365529597694     0.01026365529597693
           11.6552734375    0.009990265750864624    0.009990265750864608
       11.70540364583333     0.00972258585733551    0.009722585857335471
       11.75553385416667    0.009460548170404048    0.009460548170403999
           11.8056640625     0.00920408436812155    0.009204084368121524
       11.85579427083333    0.008953125313171826    0.008953125313171831
       11.90592447916667    0.008707601125647852    0.008707601125647849
           11.9560546875    0.008467441224309024    0.008467441224309005
       12.00618489583333    0.008232574443577475    0.008232574443577473
       12.05631510416667    0.008002928957057858    0.008002928957057879
           12.1064453125     0.00777843268186976    0.007778432681869787
       12.15657552083333    0.007559012472718655    0.007559012472718668
       12.20670572916667     0.00734459632833025    0.007344596328330251
           12.2568359375    0.007135108731886722    0.007135108731886721
       12.30696614583333    0.006930475029444952    0.006930475029444941
       12.35709635416667    0.006730652510857864    0.006730652510857844
           12.4072265625    0.006535606561234818    0.006535606561234806
       12.45735677083333    0.006342356260182151    0.006342356260182133
       12.50748697916667    0.006176867133153762    0.006176867133153735
           12.5576171875    0.005935125998544197    0.005935125998544189
       12.60774739583333    0.005261828725329747    0.005261828725329746
       12.65787760416667     0.01089145552584762     0.01089145552584757
           12.7080078125    0.002532260499437583    0.002532260499437565
       12.75813802083333     0.02255696004633907     0.02255696004633889
       12.80826822916667       8.842945819959523       8.842945819959501
           12.8583984375                       0                       0
       12.90852864583333                       0                       0
       12.95865885416667                       0                       0
           13.0087890625                       0                       0
