                0.078125   5.059925116002864e-05   5.059925116002864e-05
                0.234375   5.464110447361901e-05   5.464110447361901e-05
                0.390625   5.934095694091098e-05   5.934095694091098e-05
                0.546875   6.037937786334268e-05   6.037937786334268e-05
                0.703125   5.538731606070765e-05   5.538731606070765e-05
                0.859375   4.513805284781415e-05   4.513805284781415e-05
                1.015625   3.256883272979794e-05   3.256883272979794e-05
                1.171875   2.082576485232588e-05   2.082576485232588e-05
                1.328125   1.182914531868874e-05   1.182914531868874e-05
                1.484375   5.983713277258933e-06   5.983713277258933e-06
                1.640625   2.701986833088708e-06   2.701986833088708e-06
                1.796875   1.091413534103653e-06   1.091413534103653e-06
                1.953125   3.950519918222094e-07   3.950519918222094e-07
                2.109375   1.283287188391238e-07   1.283287188391238e-07
                2.265625   3.745782846619502e-08   3.745782846619502e-08
                2.421875   9.834913268234913e-09   9.834913268234913e-09
                2.578125   2.324866888817377e-09   2.324866888817377e-09
                2.734375    4.95174540773032e-10    4.95174540773032e-10
                2.890625   9.509043779872458e-11   9.509043779872458e-11
                3.046875   1.647328163014338e-11   1.647328163014338e-11
                3.203125   2.575739062055244e-12   2.575739062055244e-12
                3.359375   3.636540574843553e-13   3.636540574843553e-13
                3.515625    4.63770566782444e-14    4.63770566782444e-14
                3.671875   5.344289179261027e-15   5.344289179261027e-15
                3.828125   5.566420442596595e-16   5.566420442596595e-16
                3.984375   5.241727456646802e-17   5.241727456646802e-17
                4.140625   4.463608847410836e-18   4.463608847410836e-18
                4.296875   3.437964961598946e-19   3.437964961598946e-19
                4.453125   2.395529952688715e-20   2.395529952688715e-20
                4.609375   1.510288315723516e-21   1.510288315723516e-21
                4.765625   8.616730337361177e-23   8.616730337361177e-23
                4.921875     4.4494843476363e-24     4.4494843476363e-24
                5.078125   2.079774101684749e-25   2.079774101684749e-25
                5.234375   8.800592816599471e-27   8.800592816599471e-27
                5.390625   3.371651677106995e-28   3.371651677106995e-28
                5.546875    1.16963522330191e-29    1.16963522330191e-29
                5.703125   3.674292352511743e-31   3.674292352511743e-31
                5.859375     1.0453170975339e-32     1.0453170975339e-32
                6.015625   2.693433714692164e-34   2.693433714692164e-34
                6.171875   6.286063850823705e-36   6.286063850823705e-36
                6.328125   1.328904249206668e-37   1.328904249206668e-37
                6.484375   2.544937603496919e-39   2.544937603496919e-39
                6.640625   4.415231227800661e-41   4.415231227800661e-41
                6.796875   6.939773442595611e-43   6.939773442595611e-43
                6.953125   9.882658948544922e-45   9.882658948544922e-45
                7.109375   1.275142639158991e-46   1.275142639158991e-46
                7.265625   1.490797578690441e-48   1.490797578690441e-48
                7.421875   1.579322732122905e-50   1.579322732122905e-50
                7.578125   1.516113358025087e-52   1.516113358025087e-52
                7.734375   1.318913595969796e-54   1.318913595969796e-54
                7.890625   1.039774829563847e-56   1.039774829563847e-56
                8.046875   7.428721991396225e-59   7.428721991396225e-59
                8.203125   4.810093953578205e-61   4.810093953578205e-61
                8.359375   2.822732630480554e-63   2.822732630480554e-63
                8.515625   1.501322800854554e-65   1.501322800854554e-65
                8.671875   7.237313352132499e-68   7.237313352132499e-68
                8.828125   3.162203887918799e-70   3.162203887918799e-70
                8.984375   1.252337137908051e-72   1.252337137908051e-72
                9.140625   4.495528542121935e-75   4.495528542121935e-75
                9.296875   1.462773598108994e-77   1.462773598108994e-77
                9.453125   4.314382389552296e-80   4.314382389552296e-80
                9.609375   1.153488404982465e-82   1.153488404982465e-82
                9.765625   2.795557568647762e-85   2.795557568647762e-85
                9.921875   6.141740050211549e-88   6.141740050211549e-88
               10.078125   1.223176275432673e-90   1.223176275432673e-90
               10.234375   2.208349587880128e-93   2.208349587880128e-93
               10.390625   3.614381527506417e-96   3.614381527506417e-96
               10.546875   5.362823663601105e-99   5.362823663601105e-99
               10.703125  7.213600601874619e-102  7.213600601874619e-102
               10.859375  8.796606703388947e-105  8.796606703388947e-105
               11.015625  9.724963620861948e-108  9.724963620861948e-108
               11.171875   9.74710235891008e-111   9.74710235891008e-111
               11.328125  8.856917422825672e-114  8.856917422825672e-114
               11.484375  7.296486651168872e-117  7.296486651168872e-117
               11.640625  5.449711757507915e-120  5.449711757507915e-120
               11.796875  3.690337245051447e-123  3.690337245051447e-123
               11.953125  2.265663655942106e-126  2.265663655942106e-126
               12.109375  1.261146659842582e-129  1.261146659842582e-129
               12.265625  6.364734482753509e-133  6.364734482753509e-133
               12.421875  2.912347232331366e-136  2.912347232331366e-136
               12.578125  1.208252414871658e-139  1.208252414871658e-139
               12.734375  4.544930083793905e-143  4.544930083793905e-143
               12.890625  1.550083157248436e-146  1.550083157248436e-146
               13.046875  4.793405462762821e-150  4.793405462762821e-150
               13.203125  1.343995225312674e-153  1.343995225312674e-153
               13.359375  3.416792314696948e-157  3.416792314696948e-157
               13.515625  7.876069485441589e-161  7.876069485441589e-161
               13.671875  1.646164785802942e-164  1.646164785802942e-164
               13.828125  3.119697632805118e-168  3.119697632805118e-168
               13.984375    5.3608006441141e-172    5.3608006441141e-172
               14.140625  8.352706358331276e-176  8.352706358331276e-176
               14.296875  1.180069373575163e-179  1.180069373575163e-179
               14.453125  1.511725439970592e-183  1.511725439970592e-183
               14.609375  1.756004304968502e-187  1.756004304968502e-187
               14.765625  1.849556693007617e-191  1.849556693007617e-191
               14.921875  1.766449450551445e-195  1.766449450551445e-195
               15.078125   1.52977756395057e-199   1.52977756395057e-199
               15.234375  1.201298177592504e-203  1.201298177592504e-203
               15.390625  8.554028610043994e-208  8.554028610043994e-208
               15.546875  5.523187186080362e-212  5.523187186080362e-212
               15.703125  3.233774920999466e-216  3.233774920999466e-216
               15.859375  1.716850600582249e-220  1.716850600582249e-220
               16.015625  8.265318369119606e-225  8.265318369119606e-225
               16.171875  3.608217113641828e-229  3.608217113641828e-229
               16.328125  1.428345633822051e-233  1.428345633822051e-233
               16.484375  5.127233204515005e-238  5.127233204515005e-238
               16.640625   1.66895041239394e-242   1.66895041239394e-242
               16.796875  4.926243201679674e-247  4.926243201679674e-247
               16.953125  1.318565559266704e-251  1.318565559266704e-251
               17.109375  3.200386597886399e-256  3.200386597886399e-256
               17.265625  7.043999700882335e-261  7.043999700882335e-261
               17.421875  1.405897581792603e-265  1.405897581792603e-265
               17.578125  2.544525293786035e-270  2.544525293786035e-270
               17.734375   4.17618591825866e-275   4.17618591825866e-275
               17.890625  6.215470924253135e-280  6.215470924253135e-280
               18.046875  8.388621189131232e-285  8.388621189131232e-285
               18.203125  1.026669341905031e-289  1.026669341905031e-289
               18.359375   1.13944975197496e-294   1.13944975197496e-294
               18.515625  1.146794013781458e-299  1.146794013781458e-299
               18.671875  1.046652134417861e-304  1.046652134417861e-304
               18.828125  8.662575706827574e-310  8.662575706827574e-310
               18.984375  6.501601980695287e-315  6.501601980695287e-315
               19.140625  4.347283617757128e-320  4.347283617757128e-320
               19.296875                       0                       0
               19.453125                       0                       0
               19.609375                       0                       0
               19.765625                       0                       0
               19.921875                       0                       0
               20.078125                       0                       0
               20.234375                       0                       0
               20.390625                       0                       0
               20.546875                       0                       0
