# File created on Tue Jul  7 16:46:47 2026
# Data for Inflation GW initial data initial data at coord time 0 and central proper time 0
# Evolved with (264,10,9) gridpoints (including 4 ghosts)
# Evolution with geodesic slicing and constant shift shift condition 
# data for phi = 3.14159
#              r           theta             rho_ADM
#===============================================================
       0.0390625      0.78539816   0.0001204713746166506
       0.0390625       2.3561945   0.0001204713746166506

       0.1171875      0.78539816   0.0009833974073519647
       0.1171875       2.3561945   0.0009833974073519647

       0.1953125      0.78539816    0.002247136427441266
       0.1953125       2.3561945    0.002247136427441266

       0.2734375      0.78539816    0.003286129573249817
       0.2734375       2.3561945    0.003286129573249817

       0.3515625      0.78539816    0.003675907908981503
       0.3515625       2.3561945    0.003675907908981503

       0.4296875      0.78539816    0.003370108234359296
       0.4296875       2.3561945    0.003370108234359296

       0.5078125      0.78539816    0.002620047285007564
       0.5078125       2.3561945    0.002620047285007564

       0.5859375      0.78539816    0.001760972045014558
       0.5859375       2.3561945    0.001760972045014558

       0.6640625      0.78539816    0.001035615396977759
       0.6640625       2.3561945    0.001035615396977759

       0.7421875      0.78539816   0.0005371829062306792
       0.7421875       2.3561945   0.0005371829062306792

       0.8203125      0.78539816   0.0002471453492912275
       0.8203125       2.3561945   0.0002471453492912275

       0.8984375      0.78539816   0.0001012637887678564
       0.8984375       2.3561945   0.0001012637887678564

       0.9765625      0.78539816   3.706383406723729e-05
       0.9765625       2.3561945   3.706383406723729e-05

       1.0546875      0.78539816   1.214669984875026e-05
       1.0546875       2.3561945   1.214669984875026e-05

       1.1328125      0.78539816   3.570895505279681e-06
       1.1328125       2.3561945   3.570895505279681e-06

       1.2109375      0.78539816   9.430738786411138e-07
       1.2109375       2.3561945   9.430738786411138e-07

       1.2890625      0.78539816   2.240176266610878e-07
       1.2890625       2.3561945   2.240176266610878e-07

       1.3671875      0.78539816   4.790839319317137e-08
       1.3671875       2.3561945   4.790839319317137e-08

       1.4453125      0.78539816    9.23177581027281e-09
       1.4453125       2.3561945    9.23177581027281e-09

       1.5234375      0.78539816   1.603962868089865e-09
       1.5234375       2.3561945   1.603962868089865e-09

       1.6015625      0.78539816   2.514080921880806e-10
       1.6015625       2.3561945   2.514080921880806e-10

       1.6796875      0.78539816   3.556607112227236e-11
       1.6796875       2.3561945   3.556607112227236e-11

       1.7578125      0.78539816   4.542748746469022e-12
       1.7578125       2.3561945   4.542748746469022e-12

       1.8359375      0.78539816   5.240126031316574e-13
       1.8359375       2.3561945   5.240126031316574e-13

       1.9140625      0.78539816   5.459802292955393e-14
       1.9140625       2.3561945   5.459802292955393e-14

       1.9921875      0.78539816   5.138663206617811e-15
       1.9921875       2.3561945   5.138663206617811e-15

       2.0703125      0.78539816   4.368520027660301e-16
       2.0703125       2.3561945   4.368520027660301e-16

       2.1484375      0.78539816   3.353814343185251e-17
       2.1484375       2.3561945   3.353814343185251e-17

       2.2265625      0.78539816   2.324319627431284e-18
       2.2265625       2.3561945   2.324319627431284e-18

       2.3046875      0.78539816   1.453242844902871e-19
       2.3046875       2.3561945   1.453242844902871e-19

       2.3828125      0.78539816   8.189792826959342e-21
       2.3828125       2.3561945   8.189792826959342e-21

       2.4609375      0.78539816   4.154710373399817e-22
       2.4609375       2.3561945   4.154710373399817e-22

       2.5390625      0.78539816   1.893910876905796e-23
       2.5390625       2.3561945   1.893910876905796e-23

       2.6171875      0.78539816   7.738208965583866e-25
       2.6171875       2.3561945   7.738208965583866e-25

       2.6953125      0.78539816   2.823968947048491e-26
       2.6953125       2.3561945   2.823968947048491e-26

       2.7734375      0.78539816   9.159134863575424e-28
       2.7734375       2.3561945   9.159134863575424e-28

       2.8515625      0.78539816   2.621040352849151e-29
       2.8515625       2.3561945   2.621040352849151e-29

       2.9296875      0.78539816   6.545640352868186e-31
       2.9296875       2.3561945   6.545640352868186e-31

       3.0078125      0.78539816   1.401742649335463e-32
       3.0078125       2.3561945   1.401742649335463e-32

       3.0859375      0.78539816   2.496852159405742e-34
       3.0859375       2.3561945   2.496852159405742e-34

       3.1640625      0.78539816    3.48398090051153e-36
       3.1640625       2.3561945    3.48398090051153e-36

       3.2421875      0.78539816   3.289271714927756e-38
       3.2421875       2.3561945   3.289271714927756e-38

       3.3203125      0.78539816   1.182554518351511e-40
       3.3203125       2.3561945   1.182554518351511e-40

       3.3984375      0.78539816   5.227104655206139e-43
       3.3984375       2.3561945   5.227104655206139e-43

       3.4765625      0.78539816   1.627381974218567e-43
       3.4765625       2.3561945   1.627381974218567e-43

       3.5546875      0.78539816   8.380408693645854e-45
       3.5546875       2.3561945   8.380408693645854e-45

       3.6328125      0.78539816   2.608936174935249e-46
       3.6328125       2.3561945   2.608936174935249e-46

       3.7109375      0.78539816   6.122067374183666e-48
       3.7109375       2.3561945   6.122067374183666e-48

       3.7890625      0.78539816   1.172744506990338e-49
       3.7890625       2.3561945   1.172744506990338e-49

       3.8671875      0.78539816   1.904683966567814e-51
       3.8671875       2.3561945   1.904683966567814e-51

       3.9453125      0.78539816   2.678121092414755e-53
       3.9453125       2.3561945   2.678121092414755e-53

       4.0234375      0.78539816   3.301704671727117e-55
       4.0234375       2.3561945   3.301704671727117e-55

       4.1015625      0.78539816   3.598562268297572e-57
       4.1015625       2.3561945   3.598562268297572e-57

       4.1796875      0.78539816   3.486968585696462e-59
       4.1796875       2.3561945   3.486968585696462e-59

       4.2578125      0.78539816   3.015987016077728e-61
       4.2578125       2.3561945   3.015987016077728e-61

       4.3359375      0.78539816     2.3352910393821e-63
       4.3359375       2.3561945     2.3352910393821e-63

       4.4140625      0.78539816   1.622305892518414e-65
       4.4140625       2.3561945   1.622305892518414e-65

       4.4921875      0.78539816   1.012819103635734e-67
       4.4921875       2.3561945   1.012819103635734e-67

       4.5703125      0.78539816   5.689909488939421e-70
       4.5703125       2.3561945   5.689909488939421e-70

       4.6484375      0.78539816   2.879402575387168e-72
       4.6484375       2.3561945   2.879402575387168e-72

       4.7265625      0.78539816   1.313663760685803e-74
       4.7265625       2.3561945   1.313663760685803e-74

       4.8046875      0.78539816   5.406862380451212e-77
       4.8046875       2.3561945   5.406862380451212e-77

       4.8828125      0.78539816   2.008763305506168e-79
       4.8828125       2.3561945   2.008763305506168e-79

       4.9609375      0.78539816   6.739654697859268e-82
       4.9609375       2.3561945   6.739654697859268e-82

       5.0390625      0.78539816   2.042883095843584e-84
       5.0390625       2.3561945   2.042883095843584e-84

       5.1171875      0.78539816   5.596195133417929e-87
       5.1171875       2.3561945   5.596195133417929e-87

       5.1953125      0.78539816   1.385836410582571e-89
       5.1953125       2.3561945   1.385836410582571e-89

       5.2734375      0.78539816   3.103207581001219e-92
       5.2734375       2.3561945   3.103207581001219e-92

       5.3515625      0.78539816   6.284720843585894e-95
       5.3515625       2.3561945   6.284720843585894e-95

       5.4296875      0.78539816   1.151391326107865e-97
       5.4296875       2.3561945   1.151391326107865e-97

       5.5078125      0.78539816  1.908525549356909e-100
       5.5078125       2.3561945  1.908525549356909e-100

       5.5859375      0.78539816  2.862724625828509e-103
       5.5859375       2.3561945  2.862724625828509e-103

       5.6640625      0.78539816  3.886240466399076e-106
       5.6640625       2.3561945  3.886240466399076e-106

       5.7421875      0.78539816  4.775342982400035e-109
       5.7421875       2.3561945  4.775342982400035e-109

       5.8203125      0.78539816  5.311971420747566e-112
       5.8203125       2.3561945  5.311971420747566e-112

       5.8984375      0.78539816  5.349711896543858e-115
       5.8984375       2.3561945  5.349711896543858e-115

       5.9765625      0.78539816  4.878340612672612e-118
       5.9765625       2.3561945  4.878340612672612e-118

       6.0546875      0.78539816  4.028294512528282e-121
       6.0546875       2.3561945  4.028294512528282e-121

       6.1328125      0.78539816  3.012417070555889e-124
       6.1328125       2.3561945  3.012417070555889e-124

       6.2109375      0.78539816  2.040274586070726e-127
       6.2109375       2.3561945  2.040274586070726e-127

       6.2890625      0.78539816  1.251625209924469e-130
       6.2890625       2.3561945  1.251625209924469e-130

       6.3671875      0.78539816  6.955087196980078e-134
       6.3671875       2.3561945  6.955087196980078e-134

       6.4453125      0.78539816  3.501079575323752e-137
       6.4453125       2.3561945  3.501079575323752e-137

       6.5234375      0.78539816  1.596611685820002e-140
       6.5234375       2.3561945  1.596611685820002e-140

       6.6015625      0.78539816  6.596593849608718e-144
       6.6015625       2.3561945  6.596593849608718e-144

       6.6796875      0.78539816  2.469374977334109e-147
       6.6796875       2.3561945  2.469374977334109e-147

       6.7578125      0.78539816  8.375747527224018e-151
       6.7578125       2.3561945  8.375747527224018e-151

       6.8359375      0.78539816   2.57424855064775e-154
       6.8359375       2.3561945   2.57424855064775e-154

       6.9140625      0.78539816  7.169480727910096e-158
       6.9140625       2.3561945  7.169480727910096e-158

       6.9921875      0.78539816  1.809481416702649e-161
       6.9921875       2.3561945  1.809481416702649e-161

       7.0703125      0.78539816  4.138734951425159e-165
       7.0703125       2.3561945  4.138734951425159e-165

       7.1484375      0.78539816  8.579166088883077e-169
       7.1484375       2.3561945  8.579166088883077e-169

       7.2265625      0.78539816  1.611768012833867e-172
       7.2265625       2.3561945  1.611768012833867e-172

       7.3046875      0.78539816  2.744449046677432e-176
       7.3046875       2.3561945  2.744449046677432e-176

       7.3828125      0.78539816  4.235623955531441e-180
       7.3828125       2.3561945  4.235623955531441e-180

       7.4609375      0.78539816  5.925197976782096e-184
       7.4609375       2.3561945  5.925197976782096e-184

       7.5390625      0.78539816  7.513193031790191e-188
       7.5390625       2.3561945  7.513193031790191e-188

       7.6171875      0.78539816   8.63564432491138e-192
       7.6171875       2.3561945   8.63564432491138e-192

       7.6953125      0.78539816  8.997568289953504e-196
       7.6953125       2.3561945  8.997568289953504e-196

       7.7734375      0.78539816  8.498198298643261e-200
       7.7734375       2.3561945  8.498198298643261e-200

       7.8515625      0.78539816  7.276297022559528e-204
       7.8515625       2.3561945  7.276297022559528e-204

       7.9296875      0.78539816  5.647884997319552e-208
       7.9296875       2.3561945  5.647884997319552e-208

       8.0078125      0.78539816  3.974318430681057e-212
       8.0078125       2.3561945  3.974318430681057e-212

       8.0859375      0.78539816  2.535420027777485e-216
       8.0859375       2.3561945  2.535420027777485e-216

       8.1640625      0.78539816  1.466412710308647e-220
       8.1640625       2.3561945  1.466412710308647e-220

       8.2421875      0.78539816  7.689351960075691e-225
       8.2421875       2.3561945  7.689351960075691e-225

       8.3203125      0.78539816  3.655596614661573e-229
       8.3203125       2.3561945  3.655596614661573e-229

       8.3984375      0.78539816  1.575684245848357e-233
       8.3984375       2.3561945  1.575684245848357e-233

       8.4765625      0.78539816  6.157856366981816e-238
       8.4765625       2.3561945  6.157856366981816e-238

       8.5546875      0.78539816  2.181956278751806e-242
       8.5546875       2.3561945  2.181956278751806e-242

       8.6328125      0.78539816  7.010113133470425e-247
       8.6328125       2.3561945  7.010113133470425e-247

       8.7109375      0.78539816  2.042079094083402e-251
       8.7109375       2.3561945  2.042079094083402e-251

       8.7890625      0.78539816  5.393794582173539e-256
       8.7890625       2.3561945  5.393794582173539e-256

       8.8671875      0.78539816  1.291802258327344e-260
       8.8671875       2.3561945  1.291802258327344e-260

       8.9453125      0.78539816  2.805321793927641e-265
       8.9453125       2.3561945  2.805321793927641e-265

       9.0234375      0.78539816  5.524071676375081e-270
       9.0234375       2.3561945  5.524071676375081e-270

       9.1015625      0.78539816  9.863490282230575e-275
       9.1015625       2.3561945  9.863490282230575e-275

       9.1796875      0.78539816  1.596986073298675e-279
       9.1796875       2.3561945  1.596986073298675e-279

       9.2578125      0.78539816  2.344634259354252e-284
       9.2578125       2.3561945  2.344634259354252e-284

       9.3359375      0.78539816  3.121451746652808e-289
       9.3359375       2.3561945  3.121451746652808e-289

       9.4140625      0.78539816  3.768335500553625e-294
       9.4140625       2.3561945  3.768335500553625e-294

       9.4921875      0.78539816  4.125319627593462e-299
       9.4921875       2.3561945  4.125319627593462e-299

       9.5703125      0.78539816  4.095286226656555e-304
       9.5703125       2.3561945  4.095286226656555e-304

       9.6484375      0.78539816  3.686658215149892e-309
       9.6484375       2.3561945  3.686658215149892e-309

       9.7265625      0.78539816  3.009585126876639e-314
       9.7265625       2.3561945  3.009585126876639e-314

       9.8046875      0.78539816  2.227939623356517e-319
       9.8046875       2.3561945  2.227939623356517e-319

       9.8828125      0.78539816                       0
       9.8828125       2.3561945                       0

       9.9609375      0.78539816                       0
       9.9609375       2.3561945                       0

       10.039062      0.78539816                       0
       10.039062       2.3561945                       0

       10.117188      0.78539816                       0
       10.117188       2.3561945                       0

       10.195312      0.78539816                       0
       10.195312       2.3561945                       0

       10.273438      0.78539816                       0
       10.273438       2.3561945                       0

       10.351562      0.78539816                       0
       10.351562       2.3561945                       0

       10.429688      0.78539816                       0
       10.429688       2.3561945                       0

       10.507812      0.78539816                       0
       10.507812       2.3561945                       0

       10.585938      0.78539816                       0
       10.585938       2.3561945                       0

       10.664062      0.78539816                       0
       10.664062       2.3561945                       0

       10.742188      0.78539816                       0
       10.742188       2.3561945                       0

       10.820312      0.78539816                       0
       10.820312       2.3561945                       0

       10.898438      0.78539816                       0
       10.898438       2.3561945                       0

       10.976562      0.78539816                       0
       10.976562       2.3561945                       0

       11.054688      0.78539816                       0
       11.054688       2.3561945                       0

       11.132812      0.78539816                       0
       11.132812       2.3561945                       0

       11.210938      0.78539816                       0
       11.210938       2.3561945                       0

       11.289062      0.78539816                       0
       11.289062       2.3561945                       0

       11.367188      0.78539816                       0
       11.367188       2.3561945                       0

       11.445312      0.78539816                       0
       11.445312       2.3561945                       0

       11.523438      0.78539816                       0
       11.523438       2.3561945                       0

       11.601562      0.78539816                       0
       11.601562       2.3561945                       0

       11.679688      0.78539816                       0
       11.679688       2.3561945                       0

       11.757812      0.78539816                       0
       11.757812       2.3561945                       0

       11.835938      0.78539816                       0
       11.835938       2.3561945                       0

       11.914062      0.78539816                       0
       11.914062       2.3561945                       0

       11.992188      0.78539816                       0
       11.992188       2.3561945                       0

       12.070312      0.78539816                       0
       12.070312       2.3561945                       0

       12.148438      0.78539816                       0
       12.148438       2.3561945                       0

       12.226562      0.78539816                       0
       12.226562       2.3561945                       0

       12.304688      0.78539816                       0
       12.304688       2.3561945                       0

       12.382812      0.78539816                       0
       12.382812       2.3561945                       0

       12.460938      0.78539816                       0
       12.460938       2.3561945                       0

       12.539062      0.78539816                       0
       12.539062       2.3561945                       0

       12.617188      0.78539816                       0
       12.617188       2.3561945                       0

       12.695312      0.78539816                       0
       12.695312       2.3561945                       0

       12.773438      0.78539816                       0
       12.773438       2.3561945                       0

       12.851562      0.78539816                       0
       12.851562       2.3561945                       0

       12.929688      0.78539816                       0
       12.929688       2.3561945                       0

       13.007812      0.78539816                       0
       13.007812       2.3561945                       0

       13.085938      0.78539816                       0
       13.085938       2.3561945                       0

       13.164062      0.78539816                       0
       13.164062       2.3561945                       0

       13.242188      0.78539816                       0
       13.242188       2.3561945                       0

       13.320312      0.78539816                       0
       13.320312       2.3561945                       0

       13.398438      0.78539816                       0
       13.398438       2.3561945                       0

       13.476562      0.78539816                       0
       13.476562       2.3561945                       0

       13.554688      0.78539816                       0
       13.554688       2.3561945                       0

       13.632812      0.78539816                       0
       13.632812       2.3561945                       0

       13.710938      0.78539816                       0
       13.710938       2.3561945                       0

       13.789062      0.78539816                       0
       13.789062       2.3561945                       0

       13.867188      0.78539816                       0
       13.867188       2.3561945                       0

       13.945312      0.78539816                       0
       13.945312       2.3561945                       0

       14.023438      0.78539816                       0
       14.023438       2.3561945                       0

       14.101562      0.78539816                       0
       14.101562       2.3561945                       0

       14.179688      0.78539816                       0
       14.179688       2.3561945                       0

       14.257812      0.78539816                       0
       14.257812       2.3561945                       0

       14.335938      0.78539816                       0
       14.335938       2.3561945                       0

       14.414062      0.78539816                       0
       14.414062       2.3561945                       0

       14.492188      0.78539816                       0
       14.492188       2.3561945                       0

       14.570312      0.78539816                       0
       14.570312       2.3561945                       0

       14.648438      0.78539816                       0
       14.648438       2.3561945                       0

       14.726562      0.78539816                       0
       14.726562       2.3561945                       0

       14.804688      0.78539816                       0
       14.804688       2.3561945                       0

       14.882812      0.78539816                       0
       14.882812       2.3561945                       0

       14.960938      0.78539816                       0
       14.960938       2.3561945                       0

       15.039062      0.78539816                       0
       15.039062       2.3561945                       0

       15.117188      0.78539816                       0
       15.117188       2.3561945                       0

       15.195312      0.78539816                       0
       15.195312       2.3561945                       0

       15.273438      0.78539816                       0
       15.273438       2.3561945                       0

       15.351562      0.78539816                       0
       15.351562       2.3561945                       0

       15.429688      0.78539816                       0
       15.429688       2.3561945                       0

       15.507812      0.78539816                       0
       15.507812       2.3561945                       0

       15.585938      0.78539816                       0
       15.585938       2.3561945                       0

       15.664062      0.78539816                       0
       15.664062       2.3561945                       0

       15.742188      0.78539816                       0
       15.742188       2.3561945                       0

       15.820312      0.78539816                       0
       15.820312       2.3561945                       0

       15.898438      0.78539816                       0
       15.898438       2.3561945                       0

       15.976562      0.78539816                       0
       15.976562       2.3561945                       0

       16.054688      0.78539816                       0
       16.054688       2.3561945                       0

       16.132812      0.78539816                       0
       16.132812       2.3561945                       0

       16.210938      0.78539816                       0
       16.210938       2.3561945                       0

       16.289062      0.78539816                       0
       16.289062       2.3561945                       0

       16.367188      0.78539816                       0
       16.367188       2.3561945                       0

       16.445312      0.78539816                       0
       16.445312       2.3561945                       0

       16.523438      0.78539816                       0
       16.523438       2.3561945                       0

       16.601562      0.78539816                       0
       16.601562       2.3561945                       0

       16.679688      0.78539816                       0
       16.679688       2.3561945                       0

       16.757812      0.78539816                       0
       16.757812       2.3561945                       0

       16.835938      0.78539816                       0
       16.835938       2.3561945                       0

       16.914062      0.78539816                       0
       16.914062       2.3561945                       0

       16.992188      0.78539816                       0
       16.992188       2.3561945                       0

       17.070312      0.78539816                       0
       17.070312       2.3561945                       0

       17.148438      0.78539816                       0
       17.148438       2.3561945                       0

       17.226562      0.78539816                       0
       17.226562       2.3561945                       0

       17.304688      0.78539816                       0
       17.304688       2.3561945                       0

       17.382812      0.78539816                       0
       17.382812       2.3561945                       0

       17.460938      0.78539816                       0
       17.460938       2.3561945                       0

       17.539062      0.78539816                       0
       17.539062       2.3561945                       0

       17.617188      0.78539816                       0
       17.617188       2.3561945                       0

       17.695312      0.78539816                       0
       17.695312       2.3561945                       0

       17.773438      0.78539816                       0
       17.773438       2.3561945                       0

       17.851562      0.78539816                       0
       17.851562       2.3561945                       0

       17.929688      0.78539816                       0
       17.929688       2.3561945                       0

       18.007812      0.78539816                       0
       18.007812       2.3561945                       0

       18.085938      0.78539816                       0
       18.085938       2.3561945                       0

       18.164062      0.78539816                       0
       18.164062       2.3561945                       0

       18.242188      0.78539816                       0
       18.242188       2.3561945                       0

       18.320312      0.78539816                       0
       18.320312       2.3561945                       0

       18.398438      0.78539816                       0
       18.398438       2.3561945                       0

       18.476562      0.78539816                       0
       18.476562       2.3561945                       0

       18.554688      0.78539816                       0
       18.554688       2.3561945                       0

       18.632812      0.78539816                       0
       18.632812       2.3561945                       0

       18.710938      0.78539816                       0
       18.710938       2.3561945                       0

       18.789062      0.78539816                       0
       18.789062       2.3561945                       0

       18.867188      0.78539816                       0
       18.867188       2.3561945                       0

       18.945312      0.78539816                       0
       18.945312       2.3561945                       0

       19.023438      0.78539816                       0
       19.023438       2.3561945                       0

       19.101562      0.78539816                       0
       19.101562       2.3561945                       0

       19.179688      0.78539816                       0
       19.179688       2.3561945                       0

       19.257812      0.78539816                       0
       19.257812       2.3561945                       0

       19.335938      0.78539816                       0
       19.335938       2.3561945                       0

       19.414062      0.78539816                       0
       19.414062       2.3561945                       0

       19.492188      0.78539816                       0
       19.492188       2.3561945                       0

       19.570312      0.78539816                       0
       19.570312       2.3561945                       0

       19.648438      0.78539816                       0
       19.648438       2.3561945                       0

       19.726562      0.78539816                       0
       19.726562       2.3561945                       0

       19.804688      0.78539816                       0
       19.804688       2.3561945                       0

       19.882812      0.78539816                       0
       19.882812       2.3561945                       0

       19.960938      0.78539816                       0
       19.960938       2.3561945                       0

       20.039062      0.78539816                       0
       20.039062       2.3561945                       0

       20.117188      0.78539816                       0
       20.117188       2.3561945                       0

       20.195312      0.78539816                       0
       20.195312       2.3561945                       0

       20.273438      0.78539816                       0
       20.273438       2.3561945                       0

