# File created on Tue Jul  7 15:36:44 2026
# Data for Inflation GW initial data initial data at coord time 0 and central proper time 0
# Evolved with (136,10,9) gridpoints (including 4 ghosts)
# Evolution with geodesic slicing and constant shift shift condition 
# data for phi = 3.14159
#              r           theta             rho_ADM
#===============================================================
        0.078125      0.78539816   1.205801858660022e-06
        0.078125       2.3561945   1.205801858660022e-06

        0.234375      0.78539816   9.842570330491838e-06
        0.234375       2.3561945   9.842570330491838e-06

        0.390625      0.78539816   2.248981503808932e-05
        0.390625       2.3561945   2.248981503808932e-05

        0.546875      0.78539816   3.288600566636992e-05
        0.546875       2.3561945   3.288600566636992e-05

        0.703125      0.78539816    3.67839163748847e-05
        0.703125       2.3561945    3.67839163748847e-05

        0.859375      0.78539816   3.372130390533739e-05
        0.859375       2.3561945   3.372130390533739e-05

        1.015625      0.78539816   2.621436725754534e-05
        1.015625       2.3561945   2.621436725754534e-05

        1.171875      0.78539816   1.761798307584626e-05
        1.171875       2.3561945   1.761798307584626e-05

        1.328125      0.78539816   1.036047557974865e-05
        1.328125       2.3561945   1.036047557974865e-05

        1.484375      0.78539816   5.373837489674843e-06
        1.484375       2.3561945   5.373837489674843e-06

        1.640625      0.78539816   2.472288096106812e-06
        1.640625       2.3561945   2.472288096106812e-06

        1.796875      0.78539816   1.012949178789648e-06
        1.796875       2.3561945   1.012949178789648e-06

        1.953125      0.78539816   3.707427946424975e-07
        1.953125       2.3561945   3.707427946424975e-07

        2.109375      0.78539816   1.214985779091474e-07
        2.109375       2.3561945   1.214985779091474e-07

        2.265625      0.78539816   3.571756608394874e-08
        2.265625       2.3561945   3.571756608394874e-08

        2.421875      0.78539816   9.432858192166699e-09
        2.421875       2.3561945   9.432858192166699e-09

        2.578125      0.78539816    2.24064740098255e-09
        2.578125       2.3561945    2.24064740098255e-09

        2.734375      0.78539816   4.791785687418997e-10
        2.734375       2.3561945   4.791785687418997e-10

        2.890625      0.78539816   9.233494248056593e-11
        2.890625       2.3561945   9.233494248056593e-11

        3.046875      0.78539816   1.604245035916515e-11
        3.046875       2.3561945   1.604245035916515e-11

        3.203125      0.78539816   2.514499999410409e-12
        3.203125       2.3561945   2.514499999410409e-12

        3.359375      0.78539816   3.557170206650981e-13
        3.359375       2.3561945   3.557170206650981e-13

        3.515625      0.78539816   4.543433333011786e-14
        3.515625       2.3561945   4.543433333011786e-14

        3.671875      0.78539816    5.24087915773777e-15
        3.671875       2.3561945    5.24087915773777e-15

        3.828125      0.78539816   5.460552014736123e-16
        3.828125       2.3561945   5.460552014736123e-16

        3.984375      0.78539816   5.139338492883942e-17
        3.984375       2.3561945   5.139338492883942e-17

        4.140625      0.78539816   4.369070262836898e-18
        4.140625       2.3561945   4.369070262836898e-18

        4.296875      0.78539816   3.354219797020093e-19
        4.296875       2.3561945   3.354219797020093e-19

        4.453125      0.78539816   2.324589683819385e-20
        4.453125       2.3561945   2.324589683819385e-20

        4.609375      0.78539816   1.453405317881205e-21
        4.609375       2.3561945   1.453405317881205e-21

        4.765625      0.78539816   8.190674875735504e-23
        4.765625       2.3561945   8.190674875735504e-23

        4.921875      0.78539816   4.155141889782322e-24
        4.921875       2.3561945   4.155141889782322e-24

        5.078125      0.78539816   1.894100758893136e-25
        5.078125       2.3561945   1.894100758893136e-25

        5.234375      0.78539816   7.738958577740548e-27
        5.234375       2.3561945   7.738958577740548e-27

        5.390625      0.78539816   2.824233497190274e-28
        5.390625       2.3561945   2.824233497190274e-28

        5.546875      0.78539816   9.159965311180637e-30
        5.546875       2.3561945   9.159965311180637e-30

        5.703125      0.78539816   2.621270538704661e-31
        5.703125       2.3561945   2.621270538704661e-31

        5.859375      0.78539816   6.546197568061204e-33
        5.859375       2.3561945   6.546197568061204e-33

        6.015625      0.78539816   1.401858395468767e-34
        6.015625       2.3561945   1.401858395468767e-34

        6.171875      0.78539816   2.497052276426185e-36
        6.171875       2.3561945   2.497052276426185e-36

        6.328125      0.78539816   3.484252101233037e-38
        6.328125       2.3561945   3.484252101233037e-38

        6.484375      0.78539816   3.289520541026817e-40
        6.484375       2.3561945   3.289520541026817e-40

        6.640625      0.78539816   1.182641503079278e-42
        6.640625       2.3561945   1.182641503079278e-42

        6.796875      0.78539816   5.227478715351888e-45
        6.796875       2.3561945   5.227478715351888e-45

        6.953125      0.78539816   1.627495331624957e-45
        6.953125       2.3561945   1.627495331624957e-45

        7.109375      0.78539816   8.380977176318467e-47
        7.109375       2.3561945   8.380977176318467e-47

        7.265625      0.78539816   2.609108603411829e-48
        7.265625       2.3561945   2.609108603411829e-48

        7.421875      0.78539816   6.122461767925302e-50
        7.421875       2.3561945   6.122461767925302e-50

        7.578125      0.78539816   1.172818179611074e-51
        7.578125       2.3561945   1.172818179611074e-51

        7.734375      0.78539816   1.904800694001441e-53
        7.734375       2.3561945   1.904800694001441e-53

        7.890625      0.78539816   2.678281268088331e-55
        7.890625       2.3561945   2.678281268088331e-55

        8.046875      0.78539816    3.30189746102581e-57
        8.046875       2.3561945    3.30189746102581e-57

        8.203125      0.78539816   3.598767482520921e-59
        8.203125       2.3561945   3.598767482520921e-59

        8.359375      0.78539816   3.487162857306507e-61
        8.359375       2.3561945   3.487162857306507e-61

        8.515625      0.78539816   3.016151232603021e-63
        8.515625       2.3561945   3.016151232603021e-63

        8.671875      0.78539816   2.335415345388087e-65
        8.671875       2.3561945   2.335415345388087e-65

        8.828125      0.78539816   1.622390338672488e-67
        8.828125       2.3561945   1.622390338672488e-67

        8.984375      0.78539816   1.012870674254023e-69
        8.984375       2.3561945   1.012870674254023e-69

        9.140625      0.78539816   5.690192968439544e-72
        9.140625       2.3561945   5.690192968439544e-72

        9.296875      0.78539816   2.879542980370675e-74
        9.296875       2.3561945   2.879542980370675e-74

        9.453125      0.78539816   1.313726471416593e-76
        9.453125       2.3561945   1.313726471416593e-76

        9.609375      0.78539816   5.407115129793931e-79
        9.609375       2.3561945   5.407115129793931e-79

        9.765625      0.78539816   2.008855279748402e-81
        9.765625       2.3561945   2.008855279748402e-81

        9.921875      0.78539816   6.739957019861971e-84
        9.921875       2.3561945   6.739957019861971e-84

       10.078125      0.78539816   2.042972894253219e-86
       10.078125       2.3561945   2.042972894253219e-86

       10.234375      0.78539816   5.596436238276246e-89
       10.234375       2.3561945   5.596436238276246e-89

       10.390625      0.78539816   1.385894944119764e-91
       10.390625       2.3561945   1.385894944119764e-91

       10.546875      0.78539816     3.1033361013557e-94
       10.546875       2.3561945     3.1033361013557e-94

       10.703125      0.78539816   6.284976114291924e-97
       10.703125       2.3561945   6.284976114291924e-97

       10.859375      0.78539816   1.151437200951907e-99
       10.859375       2.3561945   1.151437200951907e-99

       11.015625      0.78539816  1.908600154077035e-102
       11.015625       2.3561945  1.908600154077035e-102

       11.171875      0.78539816  2.862834435849048e-105
       11.171875       2.3561945  2.862834435849048e-105

       11.328125      0.78539816  3.886386772018585e-108
       11.328125       2.3561945  3.886386772018585e-108

       11.484375      0.78539816  4.775519455001441e-111
       11.484375       2.3561945  4.775519455001441e-111

       11.640625      0.78539816  5.312164146582821e-114
       11.640625       2.3561945  5.312164146582821e-114

       11.796875      0.78539816  5.349902483841749e-117
       11.796875       2.3561945  5.349902483841749e-117

       11.953125      0.78539816  4.878511291924963e-120
       11.953125       2.3561945  4.878511291924963e-120

       12.109375      0.78539816  4.028432945167083e-123
       12.109375       2.3561945  4.028432945167083e-123

       12.265625      0.78539816  3.012518766272984e-126
       12.265625       2.3561945  3.012518766272984e-126

       12.421875      0.78539816  2.040342257622382e-129
       12.421875       2.3561945  2.040342257622382e-129

       12.578125      0.78539816  1.251666002353685e-132
       12.578125       2.3561945  1.251666002353685e-132

       12.734375      0.78539816  6.955309964356816e-136
       12.734375       2.3561945  6.955309964356816e-136

       12.890625      0.78539816  3.501189792424929e-139
       12.890625       2.3561945  3.501189792424929e-139

       13.046875      0.78539816  1.596661093772159e-142
       13.046875       2.3561945  1.596661093772159e-142

       13.203125      0.78539816  6.596794536388746e-146
       13.203125       2.3561945  6.596794536388746e-146

       13.359375      0.78539816   2.46944884202248e-149
       13.359375       2.3561945   2.46944884202248e-149

       13.515625      0.78539816  8.375993888257193e-153
       13.515625       2.3561945  8.375993888257193e-153

       13.671875      0.78539816  2.574323014216348e-156
       13.671875       2.3561945  2.574323014216348e-156

       13.828125      0.78539816  7.169684700060894e-160
       13.828125       2.3561945  7.169684700060894e-160

       13.984375      0.78539816  1.809532054007402e-163
       13.984375       2.3561945  1.809532054007402e-163

       14.140625      0.78539816  4.138848887031033e-167
       14.140625       2.3561945  4.138848887031033e-167

       14.296875      0.78539816   8.57939844447034e-171
       14.296875       2.3561945   8.57939844447034e-171

       14.453125      0.78539816  1.611810963141797e-174
       14.453125       2.3561945  1.611810963141797e-174

       14.609375      0.78539816  2.744521010278872e-178
       14.609375       2.3561945  2.744521010278872e-178

       14.765625      0.78539816  4.235733251999949e-182
       14.765625       2.3561945  4.235733251999949e-182

       14.921875      0.78539816  5.925348449747727e-186
       14.921875       2.3561945  5.925348449747727e-186

       15.078125      0.78539816  7.513380825808212e-190
       15.078125       2.3561945  7.513380825808212e-190

       15.234375      0.78539816   8.63585678978252e-194
       15.234375       2.3561945   8.63585678978252e-194

       15.390625      0.78539816  8.997786203992778e-198
       15.390625       2.3561945  8.997786203992778e-198

       15.546875      0.78539816  8.498400920370837e-202
       15.546875       2.3561945  8.498400920370837e-202

       15.703125      0.78539816  7.276467826955185e-206
       15.703125       2.3561945  7.276467826955185e-206

       15.859375      0.78539816  5.648015534220238e-210
       15.859375       2.3561945  5.648015534220238e-210

       16.015625      0.78539816  3.974408878333692e-214
       16.015625       2.3561945  3.974408878333692e-214

       16.171875      0.78539816  2.535476847502463e-218
       16.171875       2.3561945  2.535476847502463e-218

       16.328125      0.78539816  1.466445073133845e-222
       16.328125       2.3561945  1.466445073133845e-222

       16.484375      0.78539816  7.689519087009868e-227
       16.484375       2.3561945  7.689519087009868e-227

       16.640625      0.78539816  3.655674868571661e-231
       16.640625       2.3561945  3.655674868571661e-231

       16.796875      0.78539816  1.575717468303917e-235
       16.796875       2.3561945  1.575717468303917e-235

       16.953125      0.78539816  6.157984254938423e-240
       16.953125       2.3561945  6.157984254938423e-240

       17.109375      0.78539816   2.18200091684481e-244
       17.109375       2.3561945   2.18200091684481e-244

       17.265625      0.78539816  7.010254408432874e-249
       17.265625       2.3561945  7.010254408432874e-249

       17.421875      0.78539816  2.042119636868072e-253
       17.421875       2.3561945  2.042119636868072e-253

       17.578125      0.78539816  5.393900082960332e-258
       17.578125       2.3561945  5.393900082960332e-258

       17.734375      0.78539816  1.291827152416955e-262
       17.734375       2.3561945  1.291827152416955e-262

       17.890625      0.78539816   2.80537505864771e-267
       17.890625       2.3561945   2.80537505864771e-267

       18.046875      0.78539816    5.5241750215211e-272
       18.046875       2.3561945    5.5241750215211e-272

       18.203125      0.78539816  9.863672106355661e-277
       18.203125       2.3561945  9.863672106355661e-277

       18.359375      0.78539816  1.597015081957909e-281
       18.359375       2.3561945  1.597015081957909e-281

       18.515625      0.78539816  2.344676227720569e-286
       18.515625       2.3561945  2.344676227720569e-286

       18.671875      0.78539816  3.121506806888184e-291
       18.671875       2.3561945  3.121506806888184e-291

       18.828125      0.78539816  3.768401006210001e-296
       18.828125       2.3561945  3.768401006210001e-296

       18.984375      0.78539816  4.125390299572083e-301
       18.984375       2.3561945  4.125390299572083e-301

       19.140625      0.78539816  4.095355369336255e-306
       19.140625       2.3561945  4.095355369336255e-306

       19.296875      0.78539816  3.686719560028474e-311
       19.296875       2.3561945  3.686719560028474e-311

       19.453125      0.78539816  3.009634478105871e-316
       19.453125       2.3561945  3.009634478105871e-316

       19.609375      0.78539816  2.228236062744022e-321
       19.609375       2.3561945  2.228236062744022e-321

       19.765625      0.78539816                       0
       19.765625       2.3561945                       0

       19.921875      0.78539816                       0
       19.921875       2.3561945                       0

       20.078125      0.78539816                       0
       20.078125       2.3561945                       0

       20.234375      0.78539816                       0
       20.234375       2.3561945                       0

       20.390625      0.78539816                       0
       20.390625       2.3561945                       0

       20.546875      0.78539816                       0
       20.546875       2.3561945                       0

