                0.078125      0.7853981633974483                       0
                0.078125       2.356194490192345                       0

                0.234375      0.7853981633974483                       0
                0.234375       2.356194490192345                       0

                0.390625      0.7853981633974483                       0
                0.390625       2.356194490192345                       0

                0.546875      0.7853981633974483                       0
                0.546875       2.356194490192345                       0

                0.703125      0.7853981633974483                       0
                0.703125       2.356194490192345                       0

                0.859375      0.7853981633974483                       0
                0.859375       2.356194490192345                       0

                1.015625      0.7853981633974483                       0
                1.015625       2.356194490192345                       0

                1.171875      0.7853981633974483                       0
                1.171875       2.356194490192345                       0

                1.328125      0.7853981633974483                       0
                1.328125       2.356194490192345                       0

                1.484375      0.7853981633974483                       0
                1.484375       2.356194490192345                       0

                1.640625      0.7853981633974483                       0
                1.640625       2.356194490192345                       0

                1.796875      0.7853981633974483                       0
                1.796875       2.356194490192345                       0

                1.953125      0.7853981633974483                       0
                1.953125       2.356194490192345                       0

                2.109375      0.7853981633974483                       0
                2.109375       2.356194490192345                       0

                2.265625      0.7853981633974483                       0
                2.265625       2.356194490192345                       0

                2.421875      0.7853981633974483                       0
                2.421875       2.356194490192345                       0

                2.578125      0.7853981633974483                       0
                2.578125       2.356194490192345                       0

                2.734375      0.7853981633974483                       0
                2.734375       2.356194490192345                       0

                2.890625      0.7853981633974483                       0
                2.890625       2.356194490192345                       0

                3.046875      0.7853981633974483                       0
                3.046875       2.356194490192345                       0

                3.203125      0.7853981633974483                       0
                3.203125       2.356194490192345                       0

                3.359375      0.7853981633974483                       0
                3.359375       2.356194490192345                       0

                3.515625      0.7853981633974483                       0
                3.515625       2.356194490192345                       0

                3.671875      0.7853981633974483                       0
                3.671875       2.356194490192345                       0

                3.828125      0.7853981633974483                       0
                3.828125       2.356194490192345                       0

                3.984375      0.7853981633974483                       0
                3.984375       2.356194490192345                       0

                4.140625      0.7853981633974483                       0
                4.140625       2.356194490192345                       0

                4.296875      0.7853981633974483                       0
                4.296875       2.356194490192345                       0

                4.453125      0.7853981633974483                       0
                4.453125       2.356194490192345                       0

                4.609375      0.7853981633974483                       0
                4.609375       2.356194490192345                       0

                4.765625      0.7853981633974483                       0
                4.765625       2.356194490192345                       0

                4.921875      0.7853981633974483                       0
                4.921875       2.356194490192345                       0

                5.078125      0.7853981633974483                       0
                5.078125       2.356194490192345                       0

                5.234375      0.7853981633974483                       0
                5.234375       2.356194490192345                       0

                5.390625      0.7853981633974483                       0
                5.390625       2.356194490192345                       0

                5.546875      0.7853981633974483                       0
                5.546875       2.356194490192345                       0

                5.703125      0.7853981633974483                       0
                5.703125       2.356194490192345                       0

                5.859375      0.7853981633974483                       0
                5.859375       2.356194490192345                       0

                6.015625      0.7853981633974483                       0
                6.015625       2.356194490192345                       0

                6.171875      0.7853981633974483                       0
                6.171875       2.356194490192345                       0

                6.328125      0.7853981633974483                       0
                6.328125       2.356194490192345                       0

                6.484375      0.7853981633974483                       0
                6.484375       2.356194490192345                       0

                6.640625      0.7853981633974483                       0
                6.640625       2.356194490192345                       0

                6.796875      0.7853981633974483                       0
                6.796875       2.356194490192345                       0

                6.953125      0.7853981633974483                       0
                6.953125       2.356194490192345                       0

                7.109375      0.7853981633974483                       0
                7.109375       2.356194490192345                       0

                7.265625      0.7853981633974483                       0
                7.265625       2.356194490192345                       0

                7.421875      0.7853981633974483                       0
                7.421875       2.356194490192345                       0

                7.578125      0.7853981633974483                       0
                7.578125       2.356194490192345                       0

                7.734375      0.7853981633974483                       0
                7.734375       2.356194490192345                       0

                7.890625      0.7853981633974483                       0
                7.890625       2.356194490192345                       0

                8.046875      0.7853981633974483                       0
                8.046875       2.356194490192345                       0

                8.203125      0.7853981633974483                       0
                8.203125       2.356194490192345                       0

                8.359375      0.7853981633974483                       0
                8.359375       2.356194490192345                       0

                8.515625      0.7853981633974483                       0
                8.515625       2.356194490192345                       0

                8.671875      0.7853981633974483                       0
                8.671875       2.356194490192345                       0

                8.828125      0.7853981633974483                       0
                8.828125       2.356194490192345                       0

                8.984375      0.7853981633974483                       0
                8.984375       2.356194490192345                       0

                9.140625      0.7853981633974483                       0
                9.140625       2.356194490192345                       0

                9.296875      0.7853981633974483                       0
                9.296875       2.356194490192345                       0

                9.453125      0.7853981633974483                       0
                9.453125       2.356194490192345                       0

                9.609375      0.7853981633974483                       0
                9.609375       2.356194490192345                       0

                9.765625      0.7853981633974483                       0
                9.765625       2.356194490192345                       0

                9.921875      0.7853981633974483                       0
                9.921875       2.356194490192345                       0

               10.078125      0.7853981633974483                       0
               10.078125       2.356194490192345                       0

               10.234375      0.7853981633974483                       0
               10.234375       2.356194490192345                       0

               10.390625      0.7853981633974483                       0
               10.390625       2.356194490192345                       0

               10.546875      0.7853981633974483                       0
               10.546875       2.356194490192345                       0

               10.703125      0.7853981633974483                       0
               10.703125       2.356194490192345                       0

               10.859375      0.7853981633974483                       0
               10.859375       2.356194490192345                       0

               11.015625      0.7853981633974483                       0
               11.015625       2.356194490192345                       0

               11.171875      0.7853981633974483                       0
               11.171875       2.356194490192345                       0

               11.328125      0.7853981633974483                       0
               11.328125       2.356194490192345                       0

               11.484375      0.7853981633974483                       0
               11.484375       2.356194490192345                       0

               11.640625      0.7853981633974483                       0
               11.640625       2.356194490192345                       0

               11.796875      0.7853981633974483                       0
               11.796875       2.356194490192345                       0

               11.953125      0.7853981633974483                       0
               11.953125       2.356194490192345                       0

               12.109375      0.7853981633974483                       0
               12.109375       2.356194490192345                       0

               12.265625      0.7853981633974483                       0
               12.265625       2.356194490192345                       0

               12.421875      0.7853981633974483                       0
               12.421875       2.356194490192345                       0

               12.578125      0.7853981633974483                       0
               12.578125       2.356194490192345                       0

               12.734375      0.7853981633974483                       0
               12.734375       2.356194490192345                       0

               12.890625      0.7853981633974483                       0
               12.890625       2.356194490192345                       0

               13.046875      0.7853981633974483                       0
               13.046875       2.356194490192345                       0

               13.203125      0.7853981633974483                       0
               13.203125       2.356194490192345                       0

               13.359375      0.7853981633974483                       0
               13.359375       2.356194490192345                       0

               13.515625      0.7853981633974483                       0
               13.515625       2.356194490192345                       0

               13.671875      0.7853981633974483                       0
               13.671875       2.356194490192345                       0

               13.828125      0.7853981633974483                       0
               13.828125       2.356194490192345                       0

               13.984375      0.7853981633974483                       0
               13.984375       2.356194490192345                       0

               14.140625      0.7853981633974483                       0
               14.140625       2.356194490192345                       0

               14.296875      0.7853981633974483                       0
               14.296875       2.356194490192345                       0

               14.453125      0.7853981633974483                       0
               14.453125       2.356194490192345                       0

               14.609375      0.7853981633974483                       0
               14.609375       2.356194490192345                       0

               14.765625      0.7853981633974483                       0
               14.765625       2.356194490192345                       0

               14.921875      0.7853981633974483                       0
               14.921875       2.356194490192345                       0

               15.078125      0.7853981633974483                       0
               15.078125       2.356194490192345                       0

               15.234375      0.7853981633974483                       0
               15.234375       2.356194490192345                       0

               15.390625      0.7853981633974483                       0
               15.390625       2.356194490192345                       0

               15.546875      0.7853981633974483                       0
               15.546875       2.356194490192345                       0

               15.703125      0.7853981633974483                       0
               15.703125       2.356194490192345                       0

               15.859375      0.7853981633974483                       0
               15.859375       2.356194490192345                       0

               16.015625      0.7853981633974483                       0
               16.015625       2.356194490192345                       0

               16.171875      0.7853981633974483                       0
               16.171875       2.356194490192345                       0

               16.328125      0.7853981633974483                       0
               16.328125       2.356194490192345                       0

               16.484375      0.7853981633974483                       0
               16.484375       2.356194490192345                       0

               16.640625      0.7853981633974483                       0
               16.640625       2.356194490192345                       0

               16.796875      0.7853981633974483                       0
               16.796875       2.356194490192345                       0

               16.953125      0.7853981633974483                       0
               16.953125       2.356194490192345                       0

               17.109375      0.7853981633974483                       0
               17.109375       2.356194490192345                       0

               17.265625      0.7853981633974483                       0
               17.265625       2.356194490192345                       0

               17.421875      0.7853981633974483                       0
               17.421875       2.356194490192345                       0

               17.578125      0.7853981633974483                       0
               17.578125       2.356194490192345                       0

               17.734375      0.7853981633974483                       0
               17.734375       2.356194490192345                       0

               17.890625      0.7853981633974483                       0
               17.890625       2.356194490192345                       0

               18.046875      0.7853981633974483                       0
               18.046875       2.356194490192345                       0

               18.203125      0.7853981633974483                       0
               18.203125       2.356194490192345                       0

               18.359375      0.7853981633974483                       0
               18.359375       2.356194490192345                       0

               18.515625      0.7853981633974483                       0
               18.515625       2.356194490192345                       0

               18.671875      0.7853981633974483                       0
               18.671875       2.356194490192345                       0

               18.828125      0.7853981633974483                       0
               18.828125       2.356194490192345                       0

               18.984375      0.7853981633974483                       0
               18.984375       2.356194490192345                       0

               19.140625      0.7853981633974483                       0
               19.140625       2.356194490192345                       0

               19.296875      0.7853981633974483                       0
               19.296875       2.356194490192345                       0

               19.453125      0.7853981633974483                       0
               19.453125       2.356194490192345                       0

               19.609375      0.7853981633974483                       0
               19.609375       2.356194490192345                       0

               19.765625      0.7853981633974483                       0
               19.765625       2.356194490192345                       0

               19.921875      0.7853981633974483                       0
               19.921875       2.356194490192345                       0

               20.078125      0.7853981633974483                       0
               20.078125       2.356194490192345                       0

               20.234375      0.7853981633974483                       0
               20.234375       2.356194490192345                       0

               20.390625      0.7853981633974483                       0
               20.390625       2.356194490192345                       0

               20.546875      0.7853981633974483                       0
               20.546875       2.356194490192345                       0

