             0.030078125                       0                       0
     0.09023437500000001                       0                       0
             0.150390625                       0                       0
             0.210546875                       0                       0
             0.270703125                       0                       0
             0.330859375                       0                       0
             0.391015625                       0                       0
             0.451171875                       0                       0
             0.511328125                       0                       0
             0.571484375                       0                       0
      0.6316406250000001                       0                       0
             0.691796875                       0                       0
             0.751953125                       0                       0
             0.812109375                       0                       0
             0.872265625                       0                       0
      0.9324218750000001                       0                       0
             0.992578125                       0                       0
             1.052734375                       0                       0
             1.112890625                       0                       0
             1.173046875                       0                       0
             1.233203125                       0                       0
             1.293359375                       0                       0
             1.353515625                       0                       0
             1.413671875                       0                       0
             1.473828125                       0                       0
             1.533984375                       0                       0
             1.594140625                       0                       0
             1.654296875                       0                       0
             1.714453125                       0                       0
             1.774609375                       0                       0
             1.834765625                       0                       0
             1.894921875                       0                       0
             1.955078125                       0                       0
             2.015234375                       0                       0
             2.075390625                       0                       0
             2.135546875                       0                       0
             2.195703125                       0                       0
             2.255859375                       0                       0
             2.316015625                       0                       0
             2.376171875                       0                       0
             2.436328125                       0                       0
             2.496484375                       0                       0
             2.556640625                       0                       0
             2.616796875                       0                       0
             2.676953125                       0                       0
             2.737109375                       0                       0
             2.797265625                       0                       0
             2.857421875                       0                       0
             2.917578125                       0                       0
             2.977734375                       0                       0
             3.037890625                       0                       0
             3.098046875                       0                       0
             3.158203125                       0                       0
             3.218359375                       0                       0
             3.278515625                       0                       0
             3.338671875                       0                       0
             3.398828125                       0                       0
             3.458984375                       0                       0
             3.519140625                       0                       0
             3.579296875                       0                       0
             3.639453125                       0                       0
             3.699609375                       0                       0
             3.759765625                       0                       0
             3.819921875                       0                       0
             3.880078125                       0                       0
             3.940234375                       0                       0
       4.000390625000001                       0                       0
             4.060546875                       0                       0
             4.120703125                       0                       0
             4.180859375                       0                       0
             4.241015625                       0                       0
       4.301171875000001                       0                       0
             4.361328125                       0                       0
             4.421484375                       0                       0
             4.481640625                       0                       0
             4.541796875                       0                       0
       4.601953125000001                       0                       0
             4.662109375                       0                       0
             4.722265625                       0                       0
             4.782421875                       0                       0
             4.842578125                       0                       0
       4.902734375000001                       0                       0
             4.962890625                       0                       0
             5.023046875                       0                       0
             5.083203125                       0                       0
             5.143359375                       0                       0
       5.203515625000001                       0                       0
             5.263671875                       0                       0
             5.323828125                       0                       0
             5.383984375                       0                       0
             5.444140625                       0                       0
       5.504296875000001                       0                       0
             5.564453125                       0                       0
             5.624609375                       0                       0
             5.684765625                       0                       0
             5.744921875                       0                       0
       5.805078125000001                       0                       0
             5.865234375                       0                       0
             5.925390625                       0                       0
             5.985546875                       0                       0
             6.045703125                       0                       0
       6.105859375000001                       0                       0
             6.166015625                       0                       0
             6.226171875                       0                       0
             6.286328125                       0                       0
             6.346484375                       0                       0
       6.406640625000001                       0                       0
             6.466796875                       0                       0
             6.526953125                       0                       0
             6.587109375                       0                       0
             6.647265625                       0                       0
       6.707421875000001                       0                       0
             6.767578125                       0                       0
             6.827734375                       0                       0
             6.887890625                       0                       0
             6.948046875                       0                       0
       7.008203125000001                       0                       0
             7.068359375                       0                       0
             7.128515625                       0                       0
             7.188671875                       0                       0
             7.248828125                       0                       0
       7.308984375000001                       0                       0
             7.369140625                       0                       0
             7.429296875                       0                       0
             7.489453125                       0                       0
             7.549609375                       0                       0
       7.609765625000001                       0                       0
             7.669921875                       0                       0
             7.730078125                       0                       0
             7.790234375                       0                       0
             7.850390625                       0                       0
       7.910546875000001                       0                       0
             7.970703125                       0                       0
             8.030859375                       0                       0
       8.091015625000001                       0                       0
       8.151171875000001                       0                       0
             8.211328125                       0                       0
             8.271484375                       0                       0
             8.331640625                       0                       0
       8.391796875000001                       0                       0
       8.451953125000001                       0                       0
             8.512109375                       0                       0
             8.572265625                       0                       0
             8.632421875                       0                       0
       8.692578125000001                       0                       0
       8.752734375000001                       0                       0
             8.812890625                       0                       0
             8.873046875                       0                       0
             8.933203125                       0                       0
       8.993359375000001                       0                       0
       9.053515625000001                       0                       0
             9.113671875                       0                       0
             9.173828125                       0                       0
             9.233984375                       0                       0
       9.294140625000001                       0                       0
       9.354296875000001                       0                       0
             9.414453125                       0                       0
             9.474609375                       0                       0
             9.534765625                       0                       0
       9.594921875000001                       0                       0
       9.655078125000001                       0                       0
             9.715234375                       0                       0
             9.775390625                       0                       0
             9.835546875                       0                       0
       9.895703125000001                       0                       0
       9.955859375000001                       0                       0
            10.016015625                       0                       0
            10.076171875                       0                       0
            10.136328125                       0                       0
            10.196484375                       0                       0
            10.256640625                       0                       0
            10.316796875                       0                       0
            10.376953125                       0                       0
            10.437109375                       0                       0
            10.497265625                       0                       0
            10.557421875                       0                       0
            10.617578125                       0                       0
            10.677734375                       0                       0
            10.737890625                       0                       0
            10.798046875                       0                       0
            10.858203125                       0                       0
            10.918359375                       0                       0
            10.978515625                       0                       0
            11.038671875                       0                       0
            11.098828125                       0                       0
            11.158984375                       0                       0
            11.219140625                       0                       0
            11.279296875                       0                       0
            11.339453125                       0                       0
            11.399609375                       0                       0
            11.459765625                       0                       0
            11.519921875                       0                       0
            11.580078125                       0                       0
            11.640234375                       0                       0
            11.700390625                       0                       0
            11.760546875                       0                       0
            11.820703125                       0                       0
            11.880859375                       0                       0
            11.941015625                       0                       0
            12.001171875                       0                       0
            12.061328125                       0                       0
            12.121484375                       0                       0
            12.181640625                       0                       0
            12.241796875                       0                       0
            12.301953125                       0                       0
            12.362109375                       0                       0
            12.422265625                       0                       0
            12.482421875                       0                       0
            12.542578125                       0                       0
            12.602734375                       0                       0
            12.662890625                       0                       0
            12.723046875                       0                       0
            12.783203125                       0                       0
            12.843359375                       0                       0
            12.903515625                       0                       0
            12.963671875                       0                       0
            13.023828125                       0                       0
            13.083984375                       0                       0
            13.144140625                       0                       0
            13.204296875                       0                       0
            13.264453125                       0                       0
            13.324609375                       0                       0
            13.384765625                       0                       0
            13.444921875                       0                       0
            13.505078125                       0                       0
            13.565234375                       0                       0
            13.625390625                       0                       0
            13.685546875                       0                       0
            13.745703125                       0                       0
            13.805859375                       0                       0
            13.866015625                       0                       0
            13.926171875                       0                       0
            13.986328125                       0                       0
            14.046484375                       0                       0
            14.106640625                       0                       0
            14.166796875                       0                       0
            14.226953125                       0                       0
            14.287109375                       0                       0
            14.347265625                       0                       0
            14.407421875                       0                       0
            14.467578125                       0                       0
            14.527734375                       0                       0
            14.587890625                       0                       0
            14.648046875                       0                       0
            14.708203125                       0                       0
            14.768359375                       0                       0
            14.828515625                       0                       0
            14.888671875                       0                       0
            14.948828125                       0                       0
            15.008984375                       0                       0
            15.069140625                       0                       0
            15.129296875                       0                       0
            15.189453125                       0                       0
            15.249609375                       0                       0
            15.309765625                       0                       0
            15.369921875                       0                       0
            15.430078125                       0                       0
            15.490234375                       0                       0
            15.550390625                       0                       0
            15.610546875                       0                       0
