# File created on Wed Jul  8 11:31:18 2026
# ======================================== 
# = Running code assuming AXISYMMETRY    = 
# ======================================== 
# Data for Inflation GW initial data initial data at coord. time 1.12447 and proper central time 1.12447
# Evolved with (264,10,9) gridpoints (including 4 ghosts)
# Evolution with geodesic slicing and constant shift
# using eighth-order spatial differencing with 4 ghost zones 
# data 1 at theta = 0 and phi = 3.14159
# data 2 at theta = 1.5708 and phi = 3.14159
#                      r                     S_p                     S_p
#                               (     0,3.14159)        (1.5708,3.14159)
#========================================================================
     -0.1754557291666667                       0                       0
     -0.1253255208333333                       0                       0
           -0.0751953125                       0                       0
    -0.02506510416666667                       0                       0
     0.02506510416666667                       0                       0
            0.0751953125                       0                       0
      0.1253255208333333                       0                       0
      0.1754557291666667                       0                       0
            0.2255859375                       0                       0
      0.2757161458333334                       0                       0
      0.3258463541666667                       0                       0
            0.3759765625                       0                       0
      0.4261067708333334                       0                       0
      0.4762369791666667                       0                       0
            0.5263671875                       0                       0
      0.5764973958333334                       0                       0
      0.6266276041666667                       0                       0
            0.6767578125                       0                       0
      0.7268880208333334                       0                       0
      0.7770182291666667                       0                       0
            0.8271484375                       0                       0
      0.8772786458333334                       0                       0
      0.9274088541666667                       0                       0
            0.9775390625                       0                       0
       1.027669270833333                       0                       0
       1.077799479166667                       0                       0
            1.1279296875                       0                       0
       1.178059895833333                       0                       0
       1.228190104166667                       0                       0
            1.2783203125                       0                       0
       1.328450520833333                       0                       0
       1.378580729166667                       0                       0
            1.4287109375                       0                       0
       1.478841145833333                       0                       0
       1.528971354166667                       0                       0
            1.5791015625                       0                       0
       1.629231770833333                       0                       0
       1.679361979166667                       0                       0
            1.7294921875                       0                       0
       1.779622395833333                       0                       0
       1.829752604166667                       0                       0
            1.8798828125                       0                       0
       1.930013020833333                       0                       0
       1.980143229166667                       0                       0
            2.0302734375                       0                       0
       2.080403645833333                       0                       0
       2.130533854166667                       0                       0
            2.1806640625                       0                       0
       2.230794270833333                       0                       0
       2.280924479166667                       0                       0
            2.3310546875                       0                       0
       2.381184895833333                       0                       0
       2.431315104166667                       0                       0
            2.4814453125                       0                       0
       2.531575520833333                       0                       0
       2.581705729166667                       0                       0
            2.6318359375                       0                       0
       2.681966145833333                       0                       0
       2.732096354166667                       0                       0
            2.7822265625                       0                       0
       2.832356770833333                       0                       0
       2.882486979166667                       0                       0
            2.9326171875                       0                       0
       2.982747395833333                       0                       0
       3.032877604166667                       0                       0
            3.0830078125                       0                       0
       3.133138020833333                       0                       0
       3.183268229166667                       0                       0
            3.2333984375                       0                       0
       3.283528645833333                       0                       0
       3.333658854166667                       0                       0
            3.3837890625                       0                       0
       3.433919270833333                       0                       0
       3.484049479166667                       0                       0
            3.5341796875                       0                       0
       3.584309895833333                       0                       0
       3.634440104166667                       0                       0
            3.6845703125                       0                       0
       3.734700520833333                       0                       0
       3.784830729166667                       0                       0
            3.8349609375                       0                       0
       3.885091145833333                       0                       0
       3.935221354166667                       0                       0
            3.9853515625                       0                       0
       4.035481770833334                       0                       0
       4.085611979166667                       0                       0
            4.1357421875                       0                       0
       4.185872395833334                       0                       0
       4.236002604166667                       0                       0
            4.2861328125                       0                       0
       4.336263020833334                       0                       0
       4.386393229166667                       0                       0
            4.4365234375                       0                       0
       4.486653645833334                       0                       0
       4.536783854166667                       0                       0
            4.5869140625                       0                       0
       4.637044270833334                       0                       0
       4.687174479166667                       0                       0
            4.7373046875                       0                       0
       4.787434895833334                       0                       0
       4.837565104166667                       0                       0
            4.8876953125                       0                       0
       4.937825520833334                       0                       0
       4.987955729166667                       0                       0
            5.0380859375                       0                       0
       5.088216145833334                       0                       0
       5.138346354166667                       0                       0
            5.1884765625                       0                       0
       5.238606770833334                       0                       0
       5.288736979166667                       0                       0
            5.3388671875                       0                       0
       5.388997395833334                       0                       0
       5.439127604166667                       0                       0
            5.4892578125                       0                       0
       5.539388020833334                       0                       0
       5.589518229166667                       0                       0
            5.6396484375                       0                       0
       5.689778645833334                       0                       0
       5.739908854166667                       0                       0
            5.7900390625                       0                       0
       5.840169270833334                       0                       0
       5.890299479166667                       0                       0
            5.9404296875                       0                       0
       5.990559895833334                       0                       0
       6.040690104166667                       0                       0
            6.0908203125                       0                       0
       6.140950520833334                       0                       0
       6.191080729166667                       0                       0
            6.2412109375                       0                       0
       6.291341145833334                       0                       0
       6.341471354166667                       0                       0
            6.3916015625                       0                       0
       6.441731770833334                       0                       0
       6.491861979166667                       0                       0
            6.5419921875                       0                       0
       6.592122395833334                       0                       0
       6.642252604166667                       0                       0
            6.6923828125                       0                       0
       6.742513020833334                       0                       0
       6.792643229166667                       0                       0
            6.8427734375                       0                       0
       6.892903645833334                       0                       0
       6.943033854166667                       0                       0
            6.9931640625                       0                       0
       7.043294270833334                       0                       0
       7.093424479166667                       0                       0
            7.1435546875                       0                       0
       7.193684895833334                       0                       0
       7.243815104166667                       0                       0
            7.2939453125                       0                       0
       7.344075520833334                       0                       0
       7.394205729166667                       0                       0
            7.4443359375                       0                       0
       7.494466145833334                       0                       0
       7.544596354166667                       0                       0
            7.5947265625                       0                       0
       7.644856770833334                       0                       0
       7.694986979166667                       0                       0
            7.7451171875                       0                       0
       7.795247395833334                       0                       0
       7.845377604166667                       0                       0
            7.8955078125                       0                       0
       7.945638020833334                       0                       0
       7.995768229166667                       0                       0
            8.0458984375                       0                       0
       8.096028645833334                       0                       0
       8.146158854166668                       0                       0
            8.1962890625                       0                       0
       8.246419270833334                       0                       0
       8.296549479166668                       0                       0
            8.3466796875                       0                       0
       8.396809895833334                       0                       0
       8.446940104166668                       0                       0
            8.4970703125                       0                       0
       8.547200520833334                       0                       0
       8.597330729166668                       0                       0
            8.6474609375                       0                       0
       8.697591145833334                       0                       0
       8.747721354166668                       0                       0
            8.7978515625                       0                       0
       8.847981770833334                       0                       0
       8.898111979166668                       0                       0
            8.9482421875                       0                       0
       8.998372395833334                       0                       0
       9.048502604166668                       0                       0
            9.0986328125                       0                       0
       9.148763020833334                       0                       0
       9.198893229166668                       0                       0
            9.2490234375                       0                       0
       9.299153645833334                       0                       0
       9.349283854166668                       0                       0
            9.3994140625                       0                       0
       9.449544270833334                       0                       0
       9.499674479166668                       0                       0
            9.5498046875                       0                       0
       9.599934895833334                       0                       0
       9.650065104166668                       0                       0
            9.7001953125                       0                       0
       9.750325520833334                       0                       0
       9.800455729166668                       0                       0
            9.8505859375                       0                       0
       9.900716145833334                       0                       0
       9.950846354166668                       0                       0
           10.0009765625                       0                       0
       10.05110677083333                       0                       0
       10.10123697916667                       0                       0
           10.1513671875                       0                       0
       10.20149739583333                       0                       0
       10.25162760416667                       0                       0
           10.3017578125                       0                       0
       10.35188802083333                       0                       0
       10.40201822916667                       0                       0
           10.4521484375                       0                       0
       10.50227864583333                       0                       0
       10.55240885416667                       0                       0
           10.6025390625                       0                       0
       10.65266927083333                       0                       0
       10.70279947916667                       0                       0
           10.7529296875                       0                       0
       10.80305989583333                       0                       0
       10.85319010416667                       0                       0
           10.9033203125                       0                       0
       10.95345052083333                       0                       0
       11.00358072916667                       0                       0
           11.0537109375                       0                       0
       11.10384114583333                       0                       0
       11.15397135416667                       0                       0
           11.2041015625                       0                       0
       11.25423177083333                       0                       0
       11.30436197916667                       0                       0
           11.3544921875                       0                       0
       11.40462239583333                       0                       0
       11.45475260416667                       0                       0
           11.5048828125                       0                       0
       11.55501302083333                       0                       0
       11.60514322916667                       0                       0
           11.6552734375                       0                       0
       11.70540364583333                       0                       0
       11.75553385416667                       0                       0
           11.8056640625                       0                       0
       11.85579427083333                       0                       0
       11.90592447916667                       0                       0
           11.9560546875                       0                       0
       12.00618489583333                       0                       0
       12.05631510416667                       0                       0
           12.1064453125                       0                       0
       12.15657552083333                       0                       0
       12.20670572916667                       0                       0
           12.2568359375                       0                       0
       12.30696614583333                       0                       0
       12.35709635416667                       0                       0
           12.4072265625                       0                       0
       12.45735677083333                       0                       0
       12.50748697916667                       0                       0
           12.5576171875                       0                       0
       12.60774739583333                       0                       0
       12.65787760416667                       0                       0
           12.7080078125                       0                       0
       12.75813802083333                       0                       0
       12.80826822916667                       0                       0
           12.8583984375                       0                       0
       12.90852864583333                       0                       0
       12.95865885416667                       0                       0
           13.0087890625                       0                       0
