# File created on Wed Jul  8 11:31:12 2026
# Data for Inflation GW initial data initial data at coord time 0.0377973 and central proper time 0.0377973
# Evolved with (264,10,9) gridpoints (including 4 ghosts)
# Evolution with geodesic slicing and constant shift shift condition 
# data for phi = 3.14159
#              r           theta                 S_r
#===============================================================
     0.025065104      0.78539816  -1.822993147001252e-05
     0.025065104       2.3561945  -1.822993147001252e-05

     0.075195312      0.78539816  -5.468002349692093e-05
     0.075195312       2.3561945  -5.468002349692093e-05

      0.12532552      0.78539816  -9.110081120649714e-05
      0.12532552       2.3561945  -9.110081120649714e-05

      0.17545573      0.78539816  -0.0001274727864487479
      0.17545573       2.3561945  -0.0001274727864487479

      0.22558594      0.78539816  -0.0001637764831296249
      0.22558594       2.3561945  -0.0001637764831296249

      0.27571615      0.78539816   -0.000199992493967477
      0.27571615       2.3561945   -0.000199992493967477

      0.32584635      0.78539816  -0.0002361014871715316
      0.32584635       2.3561945  -0.0002361014871715316

      0.37597656      0.78539816  -0.0002720842230395092
      0.37597656       2.3561945  -0.0002720842230395092

      0.42610677      0.78539816   -0.000307921570439128
      0.42610677       2.3561945  -0.0003079215704391281

      0.47623698      0.78539816  -0.0003435945231651529
      0.47623698       2.3561945   -0.000343594523165153

      0.52636719      0.78539816  -0.0003790842161454475
      0.52636719       2.3561945  -0.0003790842161454475

       0.5764974      0.78539816  -0.0004143719414859901
       0.5764974       2.3561945  -0.0004143719414859899

       0.6266276      0.78539816  -0.0004494391643188971
       0.6266276       2.3561945  -0.0004494391643188969

      0.67675781      0.78539816  -0.0004842675384621064
      0.67675781       2.3561945  -0.0004842675384621064

      0.72688802      0.78539816  -0.0005188389218379457
      0.72688802       2.3561945  -0.0005188389218379456

      0.77701823      0.78539816   -0.000553135391671313
      0.77701823       2.3561945  -0.0005531353916713132

      0.82714844      0.78539816  -0.0005871392594126482
      0.82714844       2.3561945  -0.0005871392594126481

      0.87727865      0.78539816  -0.0006208330853987376
      0.87727865       2.3561945  -0.0006208330853987372

      0.92740885      0.78539816  -0.0006541996932125939
      0.92740885       2.3561945  -0.0006541996932125939

      0.97753906      0.78539816     -0.0006872221837493
      0.97753906       2.3561945  -0.0006872221837492995

       1.0276693      0.78539816  -0.0007198839489377816
       1.0276693       2.3561945  -0.0007198839489377816

       1.0777995      0.78539816  -0.0007521686851452429
       1.0777995       2.3561945  -0.0007521686851452432

       1.1279297      0.78539816  -0.0007840604062152862
       1.1279297       2.3561945  -0.0007840604062152862

       1.1780599      0.78539816  -0.0008155434561440714
       1.1780599       2.3561945  -0.0008155434561440711

       1.2281901      0.78539816  -0.0008466025213726795
       1.2281901       2.3561945  -0.0008466025213726802

       1.2783203      0.78539816   -0.000877222642685728
       1.2783203       2.3561945  -0.0008772226426857279

       1.3284505      0.78539816  -0.0009073892267042142
       1.3284505       2.3561945  -0.0009073892267042139

       1.3785807      0.78539816  -0.0009370880569658336
       1.3785807       2.3561945  -0.0009370880569658337

       1.4287109      0.78539816   -0.000966305304551541
       1.4287109       2.3561945   -0.000966305304551541

       1.4788411      0.78539816  -0.0009950275383121671
       1.4788411       2.3561945  -0.0009950275383121667

       1.5289714      0.78539816   -0.001023241734602222
       1.5289714       2.3561945   -0.001023241734602222

       1.5791016      0.78539816   -0.001050935286586014
       1.5791016       2.3561945   -0.001050935286586015

       1.6292318      0.78539816   -0.001078096013055422
       1.6292318       2.3561945   -0.001078096013055422

        1.679362      0.78539816   -0.001104712166776214
        1.679362       2.3561945   -0.001104712166776214

       1.7294922      0.78539816   -0.001130772442359088
       1.7294922       2.3561945   -0.001130772442359088

       1.7796224      0.78539816   -0.001156265983636528
       1.7796224       2.3561945   -0.001156265983636528

       1.8297526      0.78539816    -0.00118118239051561
       1.8297526       2.3561945   -0.001181182390515609

       1.8798828      0.78539816   -0.001205511725390784
       1.8798828       2.3561945   -0.001205511725390783

        1.930013      0.78539816   -0.001229244518982063
        1.930013       2.3561945   -0.001229244518982063

       1.9801432      0.78539816    -0.00125237177571115
       1.9801432       2.3561945    -0.00125237177571115

       2.0302734      0.78539816   -0.001274884978544721
       2.0302734       2.3561945    -0.00127488497854472

       2.0804036      0.78539816   -0.001296776093314868
       2.0804036       2.3561945   -0.001296776093314868

       2.1305339      0.78539816   -0.001318037572552487
       2.1305339       2.3561945   -0.001318037572552488

       2.1806641      0.78539816   -0.001338662358757102
       2.1806641       2.3561945   -0.001338662358757102

       2.2307943      0.78539816   -0.001358643887195178
       2.2307943       2.3561945   -0.001358643887195178

       2.2809245      0.78539816   -0.001377976088146553
       2.2809245       2.3561945   -0.001377976088146553

       2.3310547      0.78539816   -0.001396653388645365
       2.3310547       2.3561945   -0.001396653388645365

       2.3811849      0.78539816   -0.001414670713702636
       2.3811849       2.3561945   -0.001414670713702636

       2.4313151      0.78539816   -0.001432023487032679
       2.4313151       2.3561945   -0.001432023487032679

       2.4814453      0.78539816   -0.001448707631230819
       2.4814453       2.3561945    -0.00144870763123082

       2.5315755      0.78539816   -0.001464719567489622
       2.5315755       2.3561945    -0.00146471956748962

       2.5817057      0.78539816    -0.00148005621478053
       2.5817057       2.3561945    -0.00148005621478053

       2.6318359      0.78539816   -0.001494714988547347
       2.6318359       2.3561945   -0.001494714988547349

       2.6819661      0.78539816    -0.00150869379892664
       2.6819661       2.3561945   -0.001508693798926638

       2.7320964      0.78539816   -0.001521991048431564
       2.7320964       2.3561945   -0.001521991048431564

       2.7822266      0.78539816   -0.001534605629247741
       2.7822266       2.3561945   -0.001534605629247744

       2.8323568      0.78539816   -0.001546536919929327
       2.8323568       2.3561945   -0.001546536919929325

        2.882487      0.78539816    -0.00155778478177471
        2.882487       2.3561945   -0.001557784781774709

       2.9326172      0.78539816   -0.001568349554621341
       2.9326172       2.3561945   -0.001568349554621343

       2.9827474      0.78539816   -0.001578232052284941
       2.9827474       2.3561945   -0.001578232052284942

       3.0328776      0.78539816    -0.00158743355749897
       3.0328776       2.3561945   -0.001587433557498969

       3.0830078      0.78539816   -0.001595955816475282
       3.0830078       2.3561945   -0.001595955816475284

        3.133138      0.78539816   -0.001603801033020488
        3.133138       2.3561945   -0.001603801033020488

       3.1832682      0.78539816   -0.001610971862237216
       3.1832682       2.3561945   -0.001610971862237211

       3.2333984      0.78539816   -0.001617471403868462
       3.2333984       2.3561945   -0.001617471403868463

       3.2835286      0.78539816   -0.001623303195235755
       3.2835286       2.3561945   -0.001623303195235755

       3.3336589      0.78539816   -0.001628471203777481
       3.3336589       2.3561945   -0.001628471203777477

       3.3837891      0.78539816   -0.001632979819301252
       3.3837891       2.3561945   -0.001632979819301255

       3.4339193      0.78539816   -0.001636833845816909
       3.4339193       2.3561945    -0.00163683384581691

       3.4840495      0.78539816     -0.0016400384930794
       3.4840495       2.3561945   -0.001640038493079399

       3.5341797      0.78539816   -0.001642599367795142
       3.5341797       2.3561945   -0.001642599367795141

       3.5843099      0.78539816   -0.001644522464529482
       3.5843099       2.3561945   -0.001644522464529484

       3.6344401      0.78539816   -0.001645814156328456
       3.6344401       2.3561945   -0.001645814156328455

       3.6845703      0.78539816   -0.001646481185024936
       3.6845703       2.3561945   -0.001646481185024933

       3.7347005      0.78539816   -0.001646530651344976
       3.7347005       2.3561945   -0.001646530651344973

       3.7848307      0.78539816   -0.001645970004708287
       3.7848307       2.3561945   -0.001645970004708285

       3.8349609      0.78539816   -0.001644807032805596
       3.8349609       2.3561945   -0.001644807032805598

       3.8850911      0.78539816   -0.001643049850998802
       3.8850911       2.3561945     -0.0016430498509988

       3.9352214      0.78539816    -0.00164070689143056
       3.9352214       2.3561945   -0.001640706891430558

       3.9853516      0.78539816   -0.001637786892050106
       3.9853516       2.3561945   -0.001637786892050108

       4.0354818      0.78539816   -0.001634298885352072
       4.0354818       2.3561945   -0.001634298885352068

        4.085612      0.78539816   -0.001630252187061542
        4.085612       2.3561945   -0.001630252187061534

       4.1357422      0.78539816   -0.001625656384579152
       4.1357422       2.3561945   -0.001625656384579154

       4.1858724      0.78539816   -0.001620521325364842
       4.1858724       2.3561945   -0.001620521325364839

       4.2360026      0.78539816   -0.001614857105169476
       4.2360026       2.3561945   -0.001614857105169473

       4.2861328      0.78539816   -0.001608674056181366
       4.2861328       2.3561945   -0.001608674056181371

        4.336263      0.78539816   -0.001601982735076626
        4.336263       2.3561945   -0.001601982735076624

       4.3863932      0.78539816   -0.001594793911007113
       4.3863932       2.3561945   -0.001594793911007108

       4.4365234      0.78539816   -0.001587118553540563
       4.4365234       2.3561945   -0.001587118553540566

       4.4866536      0.78539816    -0.00157896782053404
       4.4866536       2.3561945   -0.001578967820534038

       4.5367839      0.78539816   -0.001570353045994011
       4.5367839       2.3561945   -0.001570353045994005

       4.5869141      0.78539816   -0.001561285727942911
       4.5869141       2.3561945   -0.001561285727942913

       4.6370443      0.78539816   -0.001551777516258471
       4.6370443       2.3561945   -0.001551777516258473

       4.6871745      0.78539816   -0.001541840200533146
       4.6871745       2.3561945   -0.001541840200533141

       4.7373047      0.78539816   -0.001531485697996088
       4.7373047       2.3561945   -0.001531485697996084

       4.7874349      0.78539816   -0.001520726041410121
       4.7874349       2.3561945    -0.00152072604141012

       4.8375651      0.78539816   -0.001509573367114156
       4.8375651       2.3561945   -0.001509573367114151

       4.8876953      0.78539816   -0.001498039903057833
       4.8876953       2.3561945   -0.001498039903057832

       4.9378255      0.78539816   -0.001486137956936465
       4.9378255       2.3561945   -0.001486137956936468

       4.9879557      0.78539816   -0.001473879904482803
       4.9879557       2.3561945   -0.001473879904482797

       5.0380859      0.78539816   -0.001461278177753093
       5.0380859       2.3561945   -0.001461278177753091

       5.0882161      0.78539816   -0.001448345253622736
       5.0882161       2.3561945    -0.00144834525362274

       5.1383464      0.78539816   -0.001435093642406221
       5.1383464       2.3561945   -0.001435093642406222

       5.1884766      0.78539816   -0.001421535876527334
       5.1884766       2.3561945   -0.001421535876527329

       5.2386068      0.78539816   -0.001407684499485974
       5.2386068       2.3561945    -0.00140768449948597

        5.288737      0.78539816     -0.0013935520548331
        5.288737       2.3561945   -0.001393552054833099

       5.3388672      0.78539816   -0.001379151075463724
       5.3388672       2.3561945   -0.001379151075463724

       5.3889974      0.78539816   -0.001364494072970688
       5.3889974       2.3561945   -0.001364494072970679

       5.4391276      0.78539816   -0.001349593527260073
       5.4391276       2.3561945   -0.001349593527260072

       5.4892578      0.78539816   -0.001334461876369637
       5.4892578       2.3561945   -0.001334461876369639

        5.539388      0.78539816    -0.00131911150642941
        5.539388       2.3561945   -0.001319111506429407

       5.5895182      0.78539816   -0.001303554741925231
       5.5895182       2.3561945   -0.001303554741925234

       5.6396484      0.78539816   -0.001287803836138065
       5.6396484       2.3561945   -0.001287803836138063

       5.6897786      0.78539816   -0.001271870961804918
       5.6897786       2.3561945   -0.001271870961804918

       5.7399089      0.78539816   -0.001255768202075678
       5.7399089       2.3561945   -0.001255768202075678

       5.7900391      0.78539816    -0.00123950754164004
       5.7900391       2.3561945   -0.001239507541640039

       5.8401693      0.78539816   -0.001223100858167181
       5.8401693       2.3561945   -0.001223100858167179

       5.8902995      0.78539816    -0.00120655991399274
       5.8902995       2.3561945    -0.00120655991399274

       5.9404297      0.78539816   -0.001189896348012903
       5.9404297       2.3561945   -0.001189896348012903

       5.9905599      0.78539816   -0.001173121667941701
       5.9905599       2.3561945   -0.001173121667941701

       6.0406901      0.78539816   -0.001156247242746189
       6.0406901       2.3561945    -0.00115624724274619

       6.0908203      0.78539816   -0.001139284295424079
       6.0908203       2.3561945   -0.001139284295424079

       6.1409505      0.78539816   -0.001122243896023236
       6.1409505       2.3561945   -0.001122243896023236

       6.1910807      0.78539816   -0.001105136954954889
       6.1910807       2.3561945    -0.00110513695495489

       6.2412109      0.78539816   -0.001087974216603691
       6.2412109       2.3561945   -0.001087974216603688

       6.2913411      0.78539816   -0.001070766253191498
       6.2913411       2.3561945     -0.0010707662531915

       6.3414714      0.78539816   -0.001053523458984724
       6.3414714       2.3561945    -0.00105352345898473

       6.3916016      0.78539816   -0.001036256044719559
       6.3916016       2.3561945   -0.001036256044719558

       6.4417318      0.78539816   -0.001018974032397209
       6.4417318       2.3561945   -0.001018974032397213

        6.491862      0.78539816   -0.001001687250307966
        6.491862       2.3561945   -0.001001687250307968

       6.5419922      0.78539816  -0.0009844053283724263
       6.5419922       2.3561945    -0.00098440532837242

       6.5921224      0.78539816  -0.0009671376937989538
       6.5921224       2.3561945  -0.0009671376937989554

       6.6422526      0.78539816  -0.0009498935669761066
       6.6422526       2.3561945  -0.0009498935669761114

       6.6923828      0.78539816  -0.0009326819577118858
       6.6923828       2.3561945  -0.0009326819577118855

        6.742513      0.78539816  -0.0009155116617360369
        6.742513       2.3561945   -0.000915511661736042

       6.7926432      0.78539816  -0.0008983912574683784
       6.7926432       2.3561945  -0.0008983912574683792

       6.8427734      0.78539816  -0.0008813291031620096
       6.8427734       2.3561945  -0.0008813291031620059

       6.8929036      0.78539816  -0.0008643333341700804
       6.8929036       2.3561945  -0.0008643333341700819

       6.9430339      0.78539816  -0.0008474118606915879
       6.9430339       2.3561945   -0.000847411860691584

       6.9931641      0.78539816  -0.0008305723656216516
       6.9931641       2.3561945  -0.0008305723656216527

       7.0432943      0.78539816  -0.0008138223027819965
       7.0432943       2.3561945  -0.0008138223027819961

       7.0934245      0.78539816  -0.0007971688953928916
       7.0934245       2.3561945  -0.0007971688953928954

       7.1435547      0.78539816  -0.0007806191347840127
       7.1435547       2.3561945  -0.0007806191347840176

       7.1936849      0.78539816  -0.0007641797794254529
       7.1936849       2.3561945  -0.0007641797794254509

       7.2438151      0.78539816  -0.0007478573541783645
       7.2438151       2.3561945  -0.0007478573541783678

       7.2939453      0.78539816  -0.0007316581497956138
       7.2939453       2.3561945  -0.0007316581497956142

       7.3440755      0.78539816  -0.0007155882227108932
       7.3440755       2.3561945   -0.000715588222710898

       7.3942057      0.78539816  -0.0006996533950287104
       7.3942057       2.3561945  -0.0006996533950287124

       7.4443359      0.78539816  -0.0006838592547860026
       7.4443359       2.3561945  -0.0006838592547860004

       7.4944661      0.78539816   -0.000668211156427851
       7.4944661       2.3561945  -0.0006682111564278566

       7.5445964      0.78539816  -0.0006527142215294448
       7.5445964       2.3561945   -0.000652714221529446

       7.5947266      0.78539816  -0.0006373733397246648
       7.5947266       2.3561945  -0.0006373733397246615

       7.6448568      0.78539816  -0.0006221931698463224
       7.6448568       2.3561945   -0.000622193169846326

        7.694987      0.78539816  -0.0006071781413158688
        7.694987       2.3561945  -0.0006071781413158724

       7.7451172      0.78539816  -0.0005923324556845919
       7.7451172       2.3561945  -0.0005923324556845948

       7.7952474      0.78539816  -0.0005776600884076497
       7.7952474       2.3561945  -0.0005776600884076472

       7.8453776      0.78539816  -0.0005631647908043655
       7.8453776       2.3561945  -0.0005631647908043626

       7.8955078      0.78539816  -0.0005488500921771359
       7.8955078       2.3561945  -0.0005488500921771415

        7.945638      0.78539816  -0.0005347193021589967
        7.945638       2.3561945  -0.0005347193021590038

       7.9957682      0.78539816  -0.0005207755131771697
       7.9957682       2.3561945  -0.0005207755131771708

       8.0458984      0.78539816  -0.0005070216031104087
       8.0458984       2.3561945  -0.0005070216031104074

       8.0960286      0.78539816  -0.0004934602381176996
       8.0960286       2.3561945  -0.0004934602381177017

       8.1461589      0.78539816  -0.0004800938755609443
       8.1461589       2.3561945  -0.0004800938755609459

       8.1962891      0.78539816  -0.0004669247671404829
       8.1962891       2.3561945  -0.0004669247671404846

       8.2464193      0.78539816    -0.00045395496211993
       8.2464193       2.3561945  -0.0004539549621199316

       8.2965495      0.78539816   -0.000441186310687045
       8.2965495       2.3561945  -0.0004411863106870464

       8.3466797      0.78539816  -0.0004286204674578111
       8.3466797       2.3561945  -0.0004286204674578135

       8.3968099      0.78539816  -0.0004162588950562849
       8.3968099       2.3561945  -0.0004162588950562829

       8.4469401      0.78539816  -0.0004041028678569895
       8.4469401       2.3561945  -0.0004041028678569945

       8.4970703      0.78539816   -0.000392153475759132
       8.4970703       2.3561945  -0.0003921534757591372

       8.5472005      0.78539816   -0.000380411628127078
       8.5472005       2.3561945  -0.0003804116281270762

       8.5973307      0.78539816  -0.0003688780577504902
       8.5973307       2.3561945  -0.0003688780577504928

       8.6474609      0.78539816   -0.000357553324934856
       8.6474609       2.3561945  -0.0003575533249348543

       8.6975911      0.78539816  -0.0003464378216340912
       8.6975911       2.3561945  -0.0003464378216340916

       8.7477214      0.78539816  -0.0003355317756669644
       8.7477214       2.3561945  -0.0003355317756669673

       8.7978516      0.78539816  -0.0003248352549748077
       8.7978516       2.3561945  -0.0003248352549748074

       8.8479818      0.78539816  -0.0003143481719607202
       8.8479818       2.3561945  -0.0003143481719607197

        8.898112      0.78539816   -0.000304070287826624
        8.898112       2.3561945  -0.0003040702878266232

       8.9482422      0.78539816  -0.0002940012170153276
       8.9482422       2.3561945  -0.0002940012170153268

       8.9983724      0.78539816  -0.0002841404316264778
       8.9983724       2.3561945  -0.0002841404316264775

       9.0485026      0.78539816  -0.0002744872658826582
       9.0485026       2.3561945   -0.000274487265882659

       9.0986328      0.78539816  -0.0002650409206416154
       9.0986328       2.3561945  -0.0002650409206416133

        9.148763      0.78539816  -0.0002558004678692344
        9.148763       2.3561945  -0.0002558004678692344

       9.1988932      0.78539816  -0.0002467648551722334
       9.1988932       2.3561945  -0.0002467648551722352

       9.2490234      0.78539816  -0.0002379329103152686
       9.2490234       2.3561945   -0.000237932910315267

       9.2991536      0.78539816  -0.0002293033457220521
       9.2991536       2.3561945  -0.0002293033457220539

       9.3492839      0.78539816  -0.0002208747630007357
       9.3492839       2.3561945  -0.0002208747630007352

       9.3994141      0.78539816  -0.0002126456574262896
       9.3994141       2.3561945  -0.0002126456574262876

       9.4495443      0.78539816  -0.0002046144224253927
       9.4495443       2.3561945  -0.0002046144224253934

       9.4996745      0.78539816  -0.0001967793540339072
       9.4996745       2.3561945   -0.000196779354033907

       9.5498047      0.78539816  -0.0001891386553237889
       9.5498047       2.3561945  -0.0001891386553237894

       9.5999349      0.78539816   -0.000181690440803566
       9.5999349       2.3561945   -0.000181690440803566

       9.6500651      0.78539816  -0.0001744327407735106
       9.6500651       2.3561945  -0.0001744327407735124

       9.7001953      0.78539816  -0.0001673635056610036
       9.7001953       2.3561945  -0.0001673635056610048

       9.7503255      0.78539816  -0.0001604806102860335
       9.7503255       2.3561945  -0.0001604806102860313

       9.8004557      0.78539816  -0.0001537818581002547
       9.8004557       2.3561945  -0.0001537818581002546

       9.8505859      0.78539816  -0.0001472649853597881
       9.8505859       2.3561945  -0.0001472649853597898

       9.9007161      0.78539816  -0.0001409276652497364
       9.9007161       2.3561945  -0.0001409276652497365

       9.9508464      0.78539816  -0.0001347675119532481
       9.9508464       2.3561945  -0.0001347675119532514

       10.000977      0.78539816   -0.000128782084651183
       10.000977       2.3561945   -0.000128782084651185

       10.051107      0.78539816  -0.0001229688914594083
       10.051107       2.3561945  -0.0001229688914594076

       10.101237      0.78539816  -0.0001173253933051642
       10.101237       2.3561945  -0.0001173253933051667

       10.151367      0.78539816  -0.0001118490077198487
       10.151367       2.3561945  -0.0001118490077199035

       10.201497      0.78539816  -0.0001065371125795005
       10.201497       2.3561945  -0.0001065371125794491

       10.251628      0.78539816  -0.0001013870497454637
       10.251628       2.3561945  -0.0001013870497455201

       10.301758      0.78539816  -9.639612865021047e-05
       10.301758       2.3561945  -9.639612865021001e-05

       10.351888      0.78539816  -9.156162979297648e-05
       10.351888       2.3561945  -9.156162979297622e-05

       10.402018      0.78539816   -8.68808081517533e-05
       10.402018       2.3561945  -8.688080815175428e-05

       10.452148      0.78539816   -8.23508965265643e-05
       10.452148       2.3561945  -8.235089652656731e-05

       10.502279      0.78539816  -7.796910878407592e-05
       10.502279       2.3561945  -7.796910878407654e-05

       10.552409      0.78539816  -7.373264302366673e-05
       10.552409       2.3561945  -7.373264302366725e-05

       10.602539      0.78539816  -6.963868466285599e-05
       10.602539       2.3561945  -6.963868466285733e-05

       10.652669      0.78539816   -6.56844094209989e-05
       10.652669       2.3561945  -6.568440942099921e-05

       10.702799      0.78539816  -6.186698622919908e-05
       10.702799       2.3561945  -6.186698622919912e-05

        10.75293      0.78539816  -5.818358004762783e-05
        10.75293       2.3561945  -5.818358004762836e-05

        10.80306      0.78539816  -5.463135458433759e-05
        10.80306       2.3561945  -5.463135458433943e-05

        10.85319      0.78539816  -5.120747493945448e-05
        10.85319       2.3561945  -5.120747493945423e-05

        10.90332      0.78539816  -4.790911014712249e-05
        10.90332       2.3561945  -4.790911014712363e-05

       10.953451      0.78539816  -4.473343563319598e-05
       10.953451       2.3561945  -4.473343563319776e-05

       11.003581      0.78539816  -4.167763558238956e-05
       11.003581       2.3561945   -4.16776355823879e-05

       11.053711      0.78539816  -3.873890521342538e-05
       11.053711       2.3561945  -3.873890521342683e-05

       11.103841      0.78539816  -3.591445296800871e-05
       11.103841       2.3561945  -3.591445296800826e-05

       11.153971      0.78539816  -3.320150260141645e-05
       11.153971       2.3561945  -3.320150260141437e-05

       11.204102      0.78539816   -3.05972951994083e-05
       11.204102       2.3561945   -3.05972951994098e-05

       11.254232      0.78539816  -2.809909109155695e-05
       11.254232       2.3561945  -2.809909109155868e-05

       11.304362      0.78539816  -2.570417168550601e-05
       11.304362       2.3561945  -2.570417168550652e-05

       11.354492      0.78539816   -2.34098412131231e-05
       11.354492       2.3561945  -2.340984121312324e-05

       11.404622      0.78539816  -2.121342838470719e-05
       11.404622       2.3561945  -2.121342838470738e-05

       11.454753      0.78539816  -1.911228797043356e-05
       11.454753       2.3561945  -1.911228797043428e-05

       11.504883      0.78539816  -1.710380228155058e-05
       11.504883       2.3561945   -1.71038022815512e-05

       11.555013      0.78539816  -1.518538258436391e-05
       11.555013       2.3561945  -1.518538258436446e-05

       11.605143      0.78539816  -1.335447041928826e-05
       11.605143       2.3561945  -1.335447041928743e-05

       11.655273      0.78539816  -1.160853885067949e-05
       11.655273       2.3561945  -1.160853885068064e-05

       11.705404      0.78539816  -9.945093622803604e-06
       11.705404       2.3561945  -9.945093622803971e-06

       11.755534      0.78539816  -8.361674269170971e-06
       11.755534       2.3561945  -8.361674269170586e-06

       11.805664      0.78539816  -6.855855065785496e-06
       11.805664       2.3561945  -6.855855065788197e-06

       11.855794      0.78539816  -5.425246119793462e-06
       11.855794       2.3561945  -5.425246119792643e-06

       11.905924      0.78539816  -4.067493840237572e-06
       11.905924       2.3561945  -4.067493840236123e-06

       11.956055      0.78539816  -2.780282715197703e-06
       11.956055       2.3561945  -2.780282715198208e-06

       12.006185      0.78539816  -1.561333571510162e-06
       12.006185       2.3561945  -1.561333571510965e-06

       12.056315      0.78539816  -4.084103510684057e-07
       12.056315       2.3561945  -4.084103510687202e-07

       12.106445      0.78539816    6.80694394287168e-07
       12.106445       2.3561945   6.806943942877969e-07

       12.156576      0.78539816   1.708122362070387e-06
       12.156576       2.3561945   1.708122362070532e-06

       12.206706      0.78539816   2.676042213721684e-06
       12.206706       2.3561945   2.676042213722415e-06

       12.256836      0.78539816   3.586309183085217e-06
       12.256836       2.3561945   3.586309183085178e-06

       12.306966      0.78539816    4.44246126340526e-06
       12.306966       2.3561945   4.442461263404651e-06

       12.357096      0.78539816   5.239133370081059e-06
       12.357096       2.3561945   5.239133370080823e-06

       12.407227      0.78539816   5.964720452345771e-06
       12.407227       2.3561945    5.96472045234576e-06

       12.457357      0.78539816   7.222067565018037e-06
       12.457357       2.3561945   7.222067565016849e-06

       12.507487      0.78539816   3.874722634829213e-06
       12.507487       2.3561945   3.874722634828715e-06

       12.557617      0.78539816   1.536106453078061e-05
       12.557617       2.3561945    1.53610645307812e-05

       12.607747      0.78539816   0.0001495652289304387
       12.607747       2.3561945   0.0001495652289304385

       12.657878      0.78539816   -0.001764238664244162
       12.657878       2.3561945   -0.001764238664244154

       12.708008      0.78539816    -0.00136709268543648
       12.708008       2.3561945    -0.00136709268543646

       12.758138      0.78539816    0.004088033335771418
       12.758138       2.3561945     0.00408803333577153

       12.808268      0.78539816      -9.483921517598642
       12.808268       2.3561945      -9.483921517598628

       12.858398      0.78539816                       0
       12.858398       2.3561945                       0

       12.908529      0.78539816                       0
       12.908529       2.3561945                       0

       12.958659      0.78539816                       0
       12.958659       2.3561945                       0

       13.008789      0.78539816                       0
       13.008789       2.3561945                       0

