# File created on Wed Jul  8 11:31:12 2026
# ======================================== 
# = Running code assuming AXISYMMETRY    = 
# ======================================== 
# Data for Inflation GW initial data initial data at coord. time 0.0377973 and proper central time 0.0377973
# Evolved with (264,10,9) gridpoints (including 4 ghosts)
# Evolution with geodesic slicing and constant shift
# using eighth-order spatial differencing with 4 ghost zones 
# data 1 at theta = 0 and phi = 3.14159
# data 2 at theta = 1.5708 and phi = 3.14159
#                      r                     S_r                     S_r
#                               (     0,3.14159)        (1.5708,3.14159)
#========================================================================
     -0.1754557291666667   0.0001274727864487479   0.0001274727864487479
     -0.1253255208333333   9.110081120649714e-05   9.110081120649714e-05
           -0.0751953125   5.468002349692093e-05   5.468002349692093e-05
    -0.02506510416666667   1.822993147001252e-05   1.822993147001252e-05
     0.02506510416666667  -1.822993147001252e-05  -1.822993147001252e-05
            0.0751953125  -5.468002349692093e-05  -5.468002349692093e-05
      0.1253255208333333  -9.110081120649714e-05  -9.110081120649714e-05
      0.1754557291666667  -0.0001274727864487479  -0.0001274727864487479
            0.2255859375  -0.0001637764831296249  -0.0001637764831296249
      0.2757161458333334   -0.000199992493967477   -0.000199992493967477
      0.3258463541666667  -0.0002361014871715316  -0.0002361014871715316
            0.3759765625  -0.0002720842230395092  -0.0002720842230395092
      0.4261067708333334   -0.000307921570439128  -0.0003079215704391281
      0.4762369791666667  -0.0003435945231651529  -0.0003435945231651529
            0.5263671875  -0.0003790842161454475  -0.0003790842161454475
      0.5764973958333334  -0.0004143719414859902    -0.00041437194148599
      0.6266276041666667  -0.0004494391643188971   -0.000449439164318897
            0.6767578125  -0.0004842675384621064  -0.0004842675384621064
      0.7268880208333334  -0.0005188389218379457  -0.0005188389218379456
      0.7770182291666667   -0.000553135391671313  -0.0005531353916713131
            0.8271484375  -0.0005871392594126482  -0.0005871392594126482
      0.8772786458333334  -0.0006208330853987376  -0.0006208330853987374
      0.9274088541666667  -0.0006541996932125939  -0.0006541996932125939
            0.9775390625     -0.0006872221837493  -0.0006872221837492998
       1.027669270833333  -0.0007198839489377816  -0.0007198839489377816
       1.077799479166667  -0.0007521686851452429  -0.0007521686851452431
            1.1279296875  -0.0007840604062152862  -0.0007840604062152862
       1.178059895833333  -0.0008155434561440714  -0.0008155434561440713
       1.228190104166667  -0.0008466025213726794  -0.0008466025213726798
            1.2783203125   -0.000877222642685728   -0.000877222642685728
       1.328450520833333  -0.0009073892267042142   -0.000907389226704214
       1.378580729166667  -0.0009370880569658336  -0.0009370880569658337
            1.4287109375   -0.000966305304551541   -0.000966305304551541
       1.478841145833333  -0.0009950275383121671  -0.0009950275383121669
       1.528971354166667   -0.001023241734602222   -0.001023241734602222
            1.5791015625   -0.001050935286586014   -0.001050935286586015
       1.629231770833333   -0.001078096013055422   -0.001078096013055422
       1.679361979166667   -0.001104712166776214   -0.001104712166776214
            1.7294921875   -0.001130772442359088   -0.001130772442359088
       1.779622395833333   -0.001156265983636527   -0.001156265983636528
       1.829752604166667    -0.00118118239051561    -0.00118118239051561
            1.8798828125   -0.001205511725390784   -0.001205511725390783
       1.930013020833333   -0.001229244518982063   -0.001229244518982063
       1.980143229166667    -0.00125237177571115    -0.00125237177571115
            2.0302734375   -0.001274884978544721   -0.001274884978544721
       2.080403645833333   -0.001296776093314868   -0.001296776093314868
       2.130533854166667   -0.001318037572552487   -0.001318037572552488
            2.1806640625   -0.001338662358757102   -0.001338662358757102
       2.230794270833333   -0.001358643887195178   -0.001358643887195178
       2.280924479166667   -0.001377976088146553   -0.001377976088146553
            2.3310546875   -0.001396653388645365   -0.001396653388645365
       2.381184895833333   -0.001414670713702636   -0.001414670713702636
       2.431315104166667   -0.001432023487032679   -0.001432023487032679
            2.4814453125   -0.001448707631230819   -0.001448707631230819
       2.531575520833333   -0.001464719567489622   -0.001464719567489621
       2.581705729166667    -0.00148005621478053    -0.00148005621478053
            2.6318359375   -0.001494714988547347   -0.001494714988547348
       2.681966145833333   -0.001508693798926641   -0.001508693798926639
       2.732096354166667   -0.001521991048431564   -0.001521991048431564
            2.7822265625   -0.001534605629247741   -0.001534605629247743
       2.832356770833333   -0.001546536919929327   -0.001546536919929326
       2.882486979166667   -0.001557784781774711    -0.00155778478177471
            2.9326171875   -0.001568349554621341   -0.001568349554621342
       2.982747395833333    -0.00157823205228494   -0.001578232052284942
       3.032877604166667    -0.00158743355749897   -0.001587433557498969
            3.0830078125   -0.001595955816475281   -0.001595955816475283
       3.133138020833333   -0.001603801033020488   -0.001603801033020488
       3.183268229166667   -0.001610971862237217   -0.001610971862237214
            3.2333984375   -0.001617471403868461   -0.001617471403868462
       3.283528645833333   -0.001623303195235755   -0.001623303195235755
       3.333658854166667   -0.001628471203777481   -0.001628471203777479
            3.3837890625   -0.001632979819301252   -0.001632979819301253
       3.433919270833333   -0.001636833845816909    -0.00163683384581691
       3.484049479166667   -0.001640038493079401     -0.0016400384930794
            3.5341796875   -0.001642599367795142   -0.001642599367795141
       3.584309895833333   -0.001644522464529482   -0.001644522464529483
       3.634440104166667   -0.001645814156328456   -0.001645814156328455
            3.6845703125   -0.001646481185024937   -0.001646481185024935
       3.734700520833333   -0.001646530651344977   -0.001646530651344975
       3.784830729166667   -0.001645970004708287   -0.001645970004708286
            3.8349609375   -0.001644807032805596   -0.001644807032805597
       3.885091145833333   -0.001643049850998802   -0.001643049850998801
       3.935221354166667    -0.00164070689143056   -0.001640706891430559
            3.9853515625   -0.001637786892050105   -0.001637786892050107
       4.035481770833334   -0.001634298885352073    -0.00163429888535207
       4.085611979166667   -0.001630252187061543   -0.001630252187061538
            4.1357421875   -0.001625656384579151   -0.001625656384579153
       4.185872395833334   -0.001620521325364842    -0.00162052132536484
       4.236002604166667   -0.001614857105169476   -0.001614857105169474
            4.2861328125   -0.001608674056181365   -0.001608674056181369
       4.336263020833334   -0.001601982735076626   -0.001601982735076625
       4.386393229166667   -0.001594793911007114   -0.001594793911007111
            4.4365234375   -0.001587118553540563   -0.001587118553540565
       4.486653645833334    -0.00157896782053404   -0.001578967820534039
       4.536783854166667   -0.001570353045994012   -0.001570353045994008
            4.5869140625   -0.001561285727942911   -0.001561285727942912
       4.637044270833334   -0.001551777516258471   -0.001551777516258472
       4.687174479166667   -0.001541840200533147   -0.001541840200533144
            4.7373046875   -0.001531485697996088   -0.001531485697996086
       4.787434895833334   -0.001520726041410121   -0.001520726041410121
       4.837565104166667   -0.001509573367114157   -0.001509573367114153
            4.8876953125   -0.001498039903057833   -0.001498039903057832
       4.937825520833334   -0.001486137956936465   -0.001486137956936466
       4.987955729166667   -0.001473879904482804     -0.0014738799044828
            5.0380859375   -0.001461278177753093   -0.001461278177753092
       5.088216145833334   -0.001448345253622735   -0.001448345253622738
       5.138346354166667   -0.001435093642406221   -0.001435093642406222
            5.1884765625   -0.001421535876527335   -0.001421535876527332
       5.238606770833334   -0.001407684499485975   -0.001407684499485972
       5.288736979166667     -0.0013935520548331   -0.001393552054833099
            5.3388671875   -0.001379151075463724   -0.001379151075463724
       5.388997395833334    -0.00136449407297069   -0.001364494072970684
       5.439127604166667   -0.001349593527260073   -0.001349593527260072
            5.4892578125   -0.001334461876369637   -0.001334461876369638
       5.539388020833334   -0.001319111506429411   -0.001319111506429408
       5.589518229166667    -0.00130355474192523   -0.001303554741925232
            5.6396484375   -0.001287803836138066   -0.001287803836138064
       5.689778645833334   -0.001271870961804918   -0.001271870961804918
       5.739908854166667   -0.001255768202075678   -0.001255768202075678
            5.7900390625    -0.00123950754164004    -0.00123950754164004
       5.840169270833334   -0.001223100858167181    -0.00122310085816718
       5.890299479166667    -0.00120655991399274    -0.00120655991399274
            5.9404296875   -0.001189896348012903   -0.001189896348012903
       5.990559895833334   -0.001173121667941701   -0.001173121667941701
       6.040690104166667   -0.001156247242746189    -0.00115624724274619
            6.0908203125   -0.001139284295424079   -0.001139284295424079
       6.140950520833334   -0.001122243896023236   -0.001122243896023236
       6.191080729166667   -0.001105136954954889    -0.00110513695495489
            6.2412109375   -0.001087974216603692    -0.00108797421660369
       6.291341145833334   -0.001070766253191498   -0.001070766253191499
       6.341471354166667   -0.001053523458984723   -0.001053523458984727
            6.3916015625   -0.001036256044719559   -0.001036256044719559
       6.441731770833334   -0.001018974032397208   -0.001018974032397211
       6.491861979166667   -0.001001687250307965   -0.001001687250307966
            6.5419921875  -0.0009844053283724274   -0.000984405328372423
       6.592122395833334  -0.0009671376937989535  -0.0009671376937989546
       6.642252604166667  -0.0009498935669761059  -0.0009498935669761091
            6.6923828125  -0.0009326819577118858  -0.0009326819577118856
       6.742513020833334   -0.000915511661736036  -0.0009155116617360394
       6.792643229166667  -0.0008983912574683783  -0.0008983912574683789
            6.8427734375  -0.0008813291031620102  -0.0008813291031620077
       6.892903645833334  -0.0008643333341700801  -0.0008643333341700812
       6.943033854166667  -0.0008474118606915887  -0.0008474118606915861
            6.9931640625  -0.0008305723656216515  -0.0008305723656216521
       7.043294270833334  -0.0008138223027819966  -0.0008138223027819964
       7.093424479166667  -0.0007971688953928909  -0.0007971688953928935
            7.1435546875  -0.0007806191347840118  -0.0007806191347840151
       7.193684895833334  -0.0007641797794254532  -0.0007641797794254519
       7.243815104166667  -0.0007478573541783639  -0.0007478573541783661
            7.2939453125  -0.0007316581497956137  -0.0007316581497956139
       7.344075520833334  -0.0007155882227108923  -0.0007155882227108956
       7.394205729166667  -0.0006996533950287101  -0.0006996533950287114
            7.4443359375  -0.0006838592547860029  -0.0006838592547860015
       7.494466145833334  -0.0006682111564278501  -0.0006682111564278538
       7.544596354166667  -0.0006527142215294446  -0.0006527142215294454
            7.5947265625  -0.0006373733397246654  -0.0006373733397246632
       7.644856770833334  -0.0006221931698463217  -0.0006221931698463241
       7.694986979166667  -0.0006071781413158682  -0.0006071781413158706
            7.7451171875  -0.0005923324556845915  -0.0005923324556845934
       7.795247395833334  -0.0005776600884076501  -0.0005776600884076484
       7.845377604166667  -0.0005631647908043659  -0.0005631647908043641
            7.8955078125   -0.000548850092177135  -0.0005488500921771387
       7.945638020833334  -0.0005347193021589955  -0.0005347193021590002
       7.995768229166667  -0.0005207755131771696  -0.0005207755131771703
            8.0458984375   -0.000507021603110409   -0.000507021603110408
       8.096028645833334  -0.0004934602381176993  -0.0004934602381177007
       8.146158854166668  -0.0004800938755609441  -0.0004800938755609451
            8.1962890625  -0.0004669247671404827  -0.0004669247671404838
       8.246419270833334  -0.0004539549621199297  -0.0004539549621199308
       8.296549479166668  -0.0004411863106870448  -0.0004411863106870457
            8.3466796875  -0.0004286204674578106  -0.0004286204674578123
       8.396809895833334  -0.0004162588950562852  -0.0004162588950562838
       8.446940104166668  -0.0004041028678569887   -0.000404102867856992
            8.4970703125  -0.0003921534757591311  -0.0003921534757591346
       8.547200520833334  -0.0003804116281270783   -0.000380411628127077
       8.597330729166668  -0.0003688780577504898  -0.0003688780577504915
            8.6474609375  -0.0003575533249348563  -0.0003575533249348552
       8.697591145833334  -0.0003464378216340912  -0.0003464378216340914
       8.747721354166668   -0.000335531775666964  -0.0003355317756669658
            8.7978515625  -0.0003248352549748077  -0.0003248352549748075
       8.847981770833334  -0.0003143481719607202    -0.00031434817196072
       8.898111979166668  -0.0003040702878266241  -0.0003040702878266236
            8.9482421875  -0.0002940012170153278  -0.0002940012170153272
       8.998372395833334  -0.0002841404316264779  -0.0002841404316264776
       9.048502604166668   -0.000274487265882658  -0.0002744872658826586
            9.0986328125  -0.0002650409206416158  -0.0002650409206416144
       9.148763020833334  -0.0002558004678692344  -0.0002558004678692344
       9.198893229166668  -0.0002467648551722331  -0.0002467648551722343
            9.2490234375  -0.0002379329103152689  -0.0002379329103152678
       9.299153645833334  -0.0002293033457220518   -0.000229303345722053
       9.349283854166668  -0.0002208747630007358  -0.0002208747630007355
            9.3994140625    -0.00021264565742629  -0.0002126456574262886
       9.449544270833334  -0.0002046144224253926   -0.000204614422425393
       9.499674479166668  -0.0001967793540339072  -0.0001967793540339071
            9.5498046875  -0.0001891386553237888  -0.0001891386553237891
       9.599934895833334   -0.000181690440803566   -0.000181690440803566
       9.650065104166668  -0.0001744327407735103  -0.0001744327407735115
            9.7001953125  -0.0001673635056610035  -0.0001673635056610042
       9.750325520833334  -0.0001604806102860339  -0.0001604806102860324
       9.800455729166668  -0.0001537818581002547  -0.0001537818581002546
            9.8505859375  -0.0001472649853597878  -0.0001472649853597889
       9.900716145833334  -0.0001409276652497364  -0.0001409276652497364
       9.950846354166668  -0.0001347675119532475  -0.0001347675119532498
           10.0009765625  -0.0001287820846511826   -0.000128782084651184
       10.05110677083333  -0.0001229688914594084  -0.0001229688914594079
       10.10123697916667  -0.0001173253933051638  -0.0001173253933051655
           10.1513671875  -0.0001118490077198392  -0.0001118490077198761
       10.20149739583333  -0.0001065371125795093  -0.0001065371125794748
       10.25162760416667   -0.000101387049745454  -0.0001013870497454919
           10.3017578125  -9.639612865021055e-05  -9.639612865021024e-05
       10.35188802083333  -9.156162979297652e-05  -9.156162979297636e-05
       10.40201822916667  -8.688080815175314e-05  -8.688080815175379e-05
           10.4521484375  -8.235089652656379e-05   -8.23508965265658e-05
       10.50227864583333  -7.796910878407581e-05  -7.796910878407623e-05
       10.55240885416667  -7.373264302366664e-05  -7.373264302366699e-05
           10.6025390625  -6.963868466285576e-05  -6.963868466285667e-05
       10.65266927083333  -6.568440942099884e-05  -6.568440942099905e-05
       10.70279947916667  -6.186698622919908e-05   -6.18669862291991e-05
           10.7529296875  -5.818358004762774e-05   -5.81835800476281e-05
       10.80305989583333  -5.463135458433727e-05  -5.463135458433851e-05
       10.85319010416667  -5.120747493945453e-05  -5.120747493945435e-05
           10.9033203125  -4.790911014712229e-05  -4.790911014712306e-05
       10.95345052083333  -4.473343563319567e-05  -4.473343563319687e-05
       11.00358072916667  -4.167763558238984e-05  -4.167763558238872e-05
           11.0537109375  -3.873890521342513e-05  -3.873890521342611e-05
       11.10384114583333  -3.591445296800879e-05  -3.591445296800849e-05
       11.15397135416667  -3.320150260141681e-05  -3.320150260141541e-05
           11.2041015625  -3.059729519940804e-05  -3.059729519940904e-05
       11.25423177083333  -2.809909109155665e-05  -2.809909109155781e-05
       11.30436197916667  -2.570417168550592e-05  -2.570417168550627e-05
           11.3544921875  -2.340984121312308e-05  -2.340984121312317e-05
       11.40462239583333  -2.121342838470715e-05  -2.121342838470728e-05
       11.45475260416667  -1.911228797043343e-05  -1.911228797043392e-05
           11.5048828125  -1.710380228155047e-05  -1.710380228155089e-05
       11.55501302083333  -1.518538258436381e-05  -1.518538258436418e-05
       11.60514322916667   -1.33544704192884e-05  -1.335447041928785e-05
           11.6552734375  -1.160853885067929e-05  -1.160853885068006e-05
       11.70540364583333  -9.945093622803541e-06  -9.945093622803788e-06
       11.75553385416667  -8.361674269171037e-06  -8.361674269170778e-06
           11.8056640625  -6.855855065785032e-06  -6.855855065786847e-06
       11.85579427083333  -5.425246119793602e-06  -5.425246119793052e-06
       11.90592447916667  -4.067493840237821e-06  -4.067493840236847e-06
           11.9560546875  -2.780282715197616e-06  -2.780282715197955e-06
       12.00618489583333  -1.561333571510024e-06  -1.561333571510564e-06
       12.05631510416667  -4.084103510683516e-07  -4.084103510685629e-07
           12.1064453125     6.8069439428706e-07   6.806943942874826e-07
       12.15657552083333   1.708122362070362e-06    1.70812236207046e-06
       12.20670572916667   2.676042213721558e-06   2.676042213722049e-06
           12.2568359375   3.586309183085224e-06   3.586309183085198e-06
       12.30696614583333   4.442461263405365e-06   4.442461263404955e-06
       12.35709635416667     5.2391333700811e-06   5.239133370080942e-06
           12.4072265625   5.964720452345774e-06   5.964720452345766e-06
       12.45735677083333   7.222067565018241e-06   7.222067565017443e-06
       12.50748697916667   3.874722634829299e-06   3.874722634828963e-06
           12.5576171875   1.536106453078051e-05   1.536106453078091e-05
       12.60774739583333   0.0001495652289304387   0.0001495652289304386
       12.65787760416667   -0.001764238664244163   -0.001764238664244158
           12.7080078125   -0.001367092685436484    -0.00136709268543647
       12.75813802083333    0.004088033335771399    0.004088033335771474
       12.80826822916667      -9.483921517598644      -9.483921517598635
           12.8583984375                       0                       0
       12.90852864583333                       0                       0
       12.95865885416667                       0                       0
           13.0087890625                       0                       0
