                 0.03125                       0                       0
                 0.09375                       0                       0
                 0.15625                       0                       0
                 0.21875                       0                       0
                 0.28125                       0                       0
                 0.34375                       0                       0
                 0.40625                       0                       0
                 0.46875                       0                       0
                 0.53125                       0                       0
                 0.59375                       0                       0
                 0.65625                       0                       0
                 0.71875                       0                       0
                 0.78125                       0                       0
                 0.84375                       0                       0
                 0.90625                       0                       0
                 0.96875                       0                       0
                 1.03125                       0                       0
                 1.09375                       0                       0
                 1.15625                       0                       0
                 1.21875                       0                       0
                 1.28125                       0                       0
                 1.34375                       0                       0
                 1.40625                       0                       0
                 1.46875                       0                       0
                 1.53125                       0                       0
                 1.59375                       0                       0
                 1.65625                       0                       0
                 1.71875                       0                       0
                 1.78125                       0                       0
                 1.84375                       0                       0
                 1.90625                       0                       0
                 1.96875                       0                       0
                 2.03125                       0                       0
                 2.09375                       0                       0
                 2.15625                       0                       0
                 2.21875                       0                       0
                 2.28125                       0                       0
                 2.34375                       0                       0
                 2.40625                       0                       0
                 2.46875                       0                       0
                 2.53125                       0                       0
                 2.59375                       0                       0
                 2.65625                       0                       0
                 2.71875                       0                       0
                 2.78125                       0                       0
                 2.84375                       0                       0
                 2.90625                       0                       0
                 2.96875                       0                       0
                 3.03125                       0                       0
                 3.09375                       0                       0
                 3.15625                       0                       0
                 3.21875                       0                       0
                 3.28125                       0                       0
                 3.34375                       0                       0
                 3.40625                       0                       0
                 3.46875                       0                       0
                 3.53125                       0                       0
                 3.59375                       0                       0
                 3.65625                       0                       0
                 3.71875                       0                       0
                 3.78125                       0                       0
                 3.84375                       0                       0
                 3.90625                       0                       0
                 3.96875                       0                       0
                 4.03125                       0                       0
                 4.09375                       0                       0
                 4.15625                       0                       0
                 4.21875                       0                       0
                 4.28125                       0                       0
                 4.34375                       0                       0
                 4.40625                       0                       0
                 4.46875                       0                       0
                 4.53125                       0                       0
                 4.59375                       0                       0
                 4.65625                       0                       0
                 4.71875                       0                       0
                 4.78125                       0                       0
                 4.84375                       0                       0
                 4.90625                       0                       0
                 4.96875                       0                       0
                 5.03125                       0                       0
                 5.09375                       0                       0
                 5.15625                       0                       0
                 5.21875                       0                       0
                 5.28125                       0                       0
                 5.34375                       0                       0
                 5.40625                       0                       0
                 5.46875                       0                       0
                 5.53125                       0                       0
                 5.59375                       0                       0
                 5.65625                       0                       0
                 5.71875                       0                       0
                 5.78125                       0                       0
                 5.84375                       0                       0
                 5.90625                       0                       0
                 5.96875                       0                       0
                 6.03125                       0                       0
                 6.09375                       0                       0
                 6.15625                       0                       0
                 6.21875                       0                       0
                 6.28125                       0                       0
                 6.34375                       0                       0
                 6.40625                       0                       0
                 6.46875                       0                       0
                 6.53125                       0                       0
                 6.59375                       0                       0
                 6.65625                       0                       0
                 6.71875                       0                       0
                 6.78125                       0                       0
                 6.84375                       0                       0
                 6.90625                       0                       0
                 6.96875                       0                       0
                 7.03125                       0                       0
                 7.09375                       0                       0
                 7.15625                       0                       0
                 7.21875                       0                       0
                 7.28125                       0                       0
                 7.34375                       0                       0
                 7.40625                       0                       0
                 7.46875                       0                       0
                 7.53125                       0                       0
                 7.59375                       0                       0
                 7.65625                       0                       0
                 7.71875                       0                       0
                 7.78125                       0                       0
                 7.84375                       0                       0
                 7.90625                       0                       0
                 7.96875                       0                       0
                 8.03125                       0                       0
                 8.09375                       0                       0
                 8.15625                       0                       0
                 8.21875                       0                       0
