# File created on Tue Jul  7 16:46:47 2026
# Data for Inflation GW initial data initial data at coord time 0 and central proper time 0
# Evolved with (264,10,9) gridpoints (including 4 ghosts)
# Evolution with geodesic slicing and constant shift shift condition 
# data for phi = 3.14159
#              r           theta                 S_r
#===============================================================
       0.0390625      0.78539816                      -0
       0.0390625       2.3561945                      -0

       0.1171875      0.78539816                      -0
       0.1171875       2.3561945                      -0

       0.1953125      0.78539816                      -0
       0.1953125       2.3561945                      -0

       0.2734375      0.78539816                      -0
       0.2734375       2.3561945                      -0

       0.3515625      0.78539816                      -0
       0.3515625       2.3561945                      -0

       0.4296875      0.78539816                      -0
       0.4296875       2.3561945                      -0

       0.5078125      0.78539816                      -0
       0.5078125       2.3561945                      -0

       0.5859375      0.78539816                      -0
       0.5859375       2.3561945                      -0

       0.6640625      0.78539816                      -0
       0.6640625       2.3561945                      -0

       0.7421875      0.78539816                      -0
       0.7421875       2.3561945                      -0

       0.8203125      0.78539816                      -0
       0.8203125       2.3561945                      -0

       0.8984375      0.78539816                      -0
       0.8984375       2.3561945                      -0

       0.9765625      0.78539816                      -0
       0.9765625       2.3561945                      -0

       1.0546875      0.78539816                      -0
       1.0546875       2.3561945                      -0

       1.1328125      0.78539816                      -0
       1.1328125       2.3561945                      -0

       1.2109375      0.78539816                      -0
       1.2109375       2.3561945                      -0

       1.2890625      0.78539816                      -0
       1.2890625       2.3561945                      -0

       1.3671875      0.78539816                      -0
       1.3671875       2.3561945                      -0

       1.4453125      0.78539816                      -0
       1.4453125       2.3561945                      -0

       1.5234375      0.78539816                      -0
       1.5234375       2.3561945                      -0

       1.6015625      0.78539816                      -0
       1.6015625       2.3561945                      -0

       1.6796875      0.78539816                      -0
       1.6796875       2.3561945                      -0

       1.7578125      0.78539816                      -0
       1.7578125       2.3561945                      -0

       1.8359375      0.78539816                      -0
       1.8359375       2.3561945                      -0

       1.9140625      0.78539816                      -0
       1.9140625       2.3561945                      -0

       1.9921875      0.78539816                      -0
       1.9921875       2.3561945                      -0

       2.0703125      0.78539816                      -0
       2.0703125       2.3561945                      -0

       2.1484375      0.78539816                      -0
       2.1484375       2.3561945                      -0

       2.2265625      0.78539816                      -0
       2.2265625       2.3561945                      -0

       2.3046875      0.78539816                      -0
       2.3046875       2.3561945                      -0

       2.3828125      0.78539816                      -0
       2.3828125       2.3561945                      -0

       2.4609375      0.78539816                      -0
       2.4609375       2.3561945                      -0

       2.5390625      0.78539816                      -0
       2.5390625       2.3561945                      -0

       2.6171875      0.78539816                      -0
       2.6171875       2.3561945                      -0

       2.6953125      0.78539816                      -0
       2.6953125       2.3561945                      -0

       2.7734375      0.78539816                      -0
       2.7734375       2.3561945                      -0

       2.8515625      0.78539816                      -0
       2.8515625       2.3561945                      -0

       2.9296875      0.78539816                      -0
       2.9296875       2.3561945                      -0

       3.0078125      0.78539816                      -0
       3.0078125       2.3561945                      -0

       3.0859375      0.78539816                      -0
       3.0859375       2.3561945                      -0

       3.1640625      0.78539816                      -0
       3.1640625       2.3561945                      -0

       3.2421875      0.78539816                      -0
       3.2421875       2.3561945                      -0

       3.3203125      0.78539816                      -0
       3.3203125       2.3561945                      -0

       3.3984375      0.78539816                       0
       3.3984375       2.3561945                       0

       3.4765625      0.78539816                       0
       3.4765625       2.3561945                       0

       3.5546875      0.78539816                       0
       3.5546875       2.3561945                       0

       3.6328125      0.78539816                       0
       3.6328125       2.3561945                       0

       3.7109375      0.78539816                       0
       3.7109375       2.3561945                       0

       3.7890625      0.78539816                       0
       3.7890625       2.3561945                       0

       3.8671875      0.78539816                       0
       3.8671875       2.3561945                       0

       3.9453125      0.78539816                       0
       3.9453125       2.3561945                       0

       4.0234375      0.78539816                       0
       4.0234375       2.3561945                       0

       4.1015625      0.78539816                       0
       4.1015625       2.3561945                       0

       4.1796875      0.78539816                       0
       4.1796875       2.3561945                       0

       4.2578125      0.78539816                       0
       4.2578125       2.3561945                       0

       4.3359375      0.78539816                       0
       4.3359375       2.3561945                       0

       4.4140625      0.78539816                       0
       4.4140625       2.3561945                       0

       4.4921875      0.78539816                       0
       4.4921875       2.3561945                       0

       4.5703125      0.78539816                       0
       4.5703125       2.3561945                       0

       4.6484375      0.78539816                       0
       4.6484375       2.3561945                       0

       4.7265625      0.78539816                       0
       4.7265625       2.3561945                       0

       4.8046875      0.78539816                       0
       4.8046875       2.3561945                       0

       4.8828125      0.78539816                       0
       4.8828125       2.3561945                       0

       4.9609375      0.78539816                       0
       4.9609375       2.3561945                       0

       5.0390625      0.78539816                       0
       5.0390625       2.3561945                       0

       5.1171875      0.78539816                       0
       5.1171875       2.3561945                       0

       5.1953125      0.78539816                       0
       5.1953125       2.3561945                       0

       5.2734375      0.78539816                       0
       5.2734375       2.3561945                       0

       5.3515625      0.78539816                       0
       5.3515625       2.3561945                       0

       5.4296875      0.78539816                       0
       5.4296875       2.3561945                       0

       5.5078125      0.78539816                       0
       5.5078125       2.3561945                       0

       5.5859375      0.78539816                       0
       5.5859375       2.3561945                       0

       5.6640625      0.78539816                       0
       5.6640625       2.3561945                       0

       5.7421875      0.78539816                       0
       5.7421875       2.3561945                       0

       5.8203125      0.78539816                       0
       5.8203125       2.3561945                       0

       5.8984375      0.78539816                       0
       5.8984375       2.3561945                       0

       5.9765625      0.78539816                       0
       5.9765625       2.3561945                       0

       6.0546875      0.78539816                       0
       6.0546875       2.3561945                       0

       6.1328125      0.78539816                       0
       6.1328125       2.3561945                       0

       6.2109375      0.78539816                       0
       6.2109375       2.3561945                       0

       6.2890625      0.78539816                       0
       6.2890625       2.3561945                       0

       6.3671875      0.78539816                       0
       6.3671875       2.3561945                       0

       6.4453125      0.78539816                       0
       6.4453125       2.3561945                       0

       6.5234375      0.78539816                       0
       6.5234375       2.3561945                       0

       6.6015625      0.78539816                       0
       6.6015625       2.3561945                       0

       6.6796875      0.78539816                       0
       6.6796875       2.3561945                       0

       6.7578125      0.78539816                       0
       6.7578125       2.3561945                       0

       6.8359375      0.78539816                       0
       6.8359375       2.3561945                       0

       6.9140625      0.78539816                       0
       6.9140625       2.3561945                       0

       6.9921875      0.78539816                       0
       6.9921875       2.3561945                       0

       7.0703125      0.78539816                       0
       7.0703125       2.3561945                       0

       7.1484375      0.78539816                       0
       7.1484375       2.3561945                       0

       7.2265625      0.78539816                       0
       7.2265625       2.3561945                       0

       7.3046875      0.78539816                       0
       7.3046875       2.3561945                       0

       7.3828125      0.78539816                       0
       7.3828125       2.3561945                       0

       7.4609375      0.78539816                       0
       7.4609375       2.3561945                       0

       7.5390625      0.78539816                       0
       7.5390625       2.3561945                       0

       7.6171875      0.78539816                       0
       7.6171875       2.3561945                       0

       7.6953125      0.78539816                       0
       7.6953125       2.3561945                       0

       7.7734375      0.78539816                       0
       7.7734375       2.3561945                       0

       7.8515625      0.78539816                       0
       7.8515625       2.3561945                       0

       7.9296875      0.78539816                       0
       7.9296875       2.3561945                       0

       8.0078125      0.78539816                       0
       8.0078125       2.3561945                       0

       8.0859375      0.78539816                       0
       8.0859375       2.3561945                       0

       8.1640625      0.78539816                       0
       8.1640625       2.3561945                       0

       8.2421875      0.78539816                       0
       8.2421875       2.3561945                       0

       8.3203125      0.78539816                       0
       8.3203125       2.3561945                       0

       8.3984375      0.78539816                       0
       8.3984375       2.3561945                       0

       8.4765625      0.78539816                       0
       8.4765625       2.3561945                       0

       8.5546875      0.78539816                       0
       8.5546875       2.3561945                       0

       8.6328125      0.78539816                       0
       8.6328125       2.3561945                       0

       8.7109375      0.78539816                       0
       8.7109375       2.3561945                       0

       8.7890625      0.78539816                       0
       8.7890625       2.3561945                       0

       8.8671875      0.78539816                       0
       8.8671875       2.3561945                       0

       8.9453125      0.78539816                       0
       8.9453125       2.3561945                       0

       9.0234375      0.78539816                       0
       9.0234375       2.3561945                       0

       9.1015625      0.78539816                       0
       9.1015625       2.3561945                       0

       9.1796875      0.78539816                       0
       9.1796875       2.3561945                       0

       9.2578125      0.78539816                       0
       9.2578125       2.3561945                       0

       9.3359375      0.78539816                       0
       9.3359375       2.3561945                       0

       9.4140625      0.78539816                       0
       9.4140625       2.3561945                       0

       9.4921875      0.78539816                       0
       9.4921875       2.3561945                       0

       9.5703125      0.78539816                       0
       9.5703125       2.3561945                       0

       9.6484375      0.78539816                       0
       9.6484375       2.3561945                       0

       9.7265625      0.78539816                       0
       9.7265625       2.3561945                       0

       9.8046875      0.78539816                       0
       9.8046875       2.3561945                       0

       9.8828125      0.78539816                       0
       9.8828125       2.3561945                       0

       9.9609375      0.78539816                       0
       9.9609375       2.3561945                       0

       10.039062      0.78539816                       0
       10.039062       2.3561945                       0

       10.117188      0.78539816                       0
       10.117188       2.3561945                       0

       10.195312      0.78539816                       0
       10.195312       2.3561945                       0

       10.273438      0.78539816                       0
       10.273438       2.3561945                       0

       10.351562      0.78539816                       0
       10.351562       2.3561945                       0

       10.429688      0.78539816                       0
       10.429688       2.3561945                       0

       10.507812      0.78539816                       0
       10.507812       2.3561945                       0

       10.585938      0.78539816                       0
       10.585938       2.3561945                       0

       10.664062      0.78539816                       0
       10.664062       2.3561945                       0

       10.742188      0.78539816                       0
       10.742188       2.3561945                       0

       10.820312      0.78539816                       0
       10.820312       2.3561945                       0

       10.898438      0.78539816                       0
       10.898438       2.3561945                       0

       10.976562      0.78539816                       0
       10.976562       2.3561945                       0

       11.054688      0.78539816                       0
       11.054688       2.3561945                       0

       11.132812      0.78539816                       0
       11.132812       2.3561945                       0

       11.210938      0.78539816                       0
       11.210938       2.3561945                       0

       11.289062      0.78539816                       0
       11.289062       2.3561945                       0

       11.367188      0.78539816                       0
       11.367188       2.3561945                       0

       11.445312      0.78539816                       0
       11.445312       2.3561945                       0

       11.523438      0.78539816                       0
       11.523438       2.3561945                       0

       11.601562      0.78539816                       0
       11.601562       2.3561945                       0

       11.679688      0.78539816                       0
       11.679688       2.3561945                       0

       11.757812      0.78539816                       0
       11.757812       2.3561945                       0

       11.835938      0.78539816                       0
       11.835938       2.3561945                       0

       11.914062      0.78539816                       0
       11.914062       2.3561945                       0

       11.992188      0.78539816                       0
       11.992188       2.3561945                       0

       12.070312      0.78539816                       0
       12.070312       2.3561945                       0

       12.148438      0.78539816                       0
       12.148438       2.3561945                       0

       12.226562      0.78539816                       0
       12.226562       2.3561945                       0

       12.304688      0.78539816                       0
       12.304688       2.3561945                       0

       12.382812      0.78539816                       0
       12.382812       2.3561945                       0

       12.460938      0.78539816                       0
       12.460938       2.3561945                       0

       12.539062      0.78539816                       0
       12.539062       2.3561945                       0

       12.617188      0.78539816                       0
       12.617188       2.3561945                       0

       12.695312      0.78539816                       0
       12.695312       2.3561945                       0

       12.773438      0.78539816                       0
       12.773438       2.3561945                       0

       12.851562      0.78539816                       0
       12.851562       2.3561945                       0

       12.929688      0.78539816                       0
       12.929688       2.3561945                       0

       13.007812      0.78539816                       0
       13.007812       2.3561945                       0

       13.085938      0.78539816                       0
       13.085938       2.3561945                       0

       13.164062      0.78539816                       0
       13.164062       2.3561945                       0

       13.242188      0.78539816                       0
       13.242188       2.3561945                       0

       13.320312      0.78539816                       0
       13.320312       2.3561945                       0

       13.398438      0.78539816                       0
       13.398438       2.3561945                       0

       13.476562      0.78539816                       0
       13.476562       2.3561945                       0

       13.554688      0.78539816                       0
       13.554688       2.3561945                       0

       13.632812      0.78539816                       0
       13.632812       2.3561945                       0

       13.710938      0.78539816                       0
       13.710938       2.3561945                       0

       13.789062      0.78539816                       0
       13.789062       2.3561945                       0

       13.867188      0.78539816                       0
       13.867188       2.3561945                       0

       13.945312      0.78539816                       0
       13.945312       2.3561945                       0

       14.023438      0.78539816                       0
       14.023438       2.3561945                       0

       14.101562      0.78539816                       0
       14.101562       2.3561945                       0

       14.179688      0.78539816                       0
       14.179688       2.3561945                       0

       14.257812      0.78539816                       0
       14.257812       2.3561945                       0

       14.335938      0.78539816                       0
       14.335938       2.3561945                       0

       14.414062      0.78539816                       0
       14.414062       2.3561945                       0

       14.492188      0.78539816                       0
       14.492188       2.3561945                       0

       14.570312      0.78539816                       0
       14.570312       2.3561945                       0

       14.648438      0.78539816                       0
       14.648438       2.3561945                       0

       14.726562      0.78539816                       0
       14.726562       2.3561945                       0

       14.804688      0.78539816                       0
       14.804688       2.3561945                       0

       14.882812      0.78539816                       0
       14.882812       2.3561945                       0

       14.960938      0.78539816                       0
       14.960938       2.3561945                       0

       15.039062      0.78539816                       0
       15.039062       2.3561945                       0

       15.117188      0.78539816                       0
       15.117188       2.3561945                       0

       15.195312      0.78539816                       0
       15.195312       2.3561945                       0

       15.273438      0.78539816                       0
       15.273438       2.3561945                       0

       15.351562      0.78539816                       0
       15.351562       2.3561945                       0

       15.429688      0.78539816                       0
       15.429688       2.3561945                       0

       15.507812      0.78539816                       0
       15.507812       2.3561945                       0

       15.585938      0.78539816                       0
       15.585938       2.3561945                       0

       15.664062      0.78539816                       0
       15.664062       2.3561945                       0

       15.742188      0.78539816                       0
       15.742188       2.3561945                       0

       15.820312      0.78539816                       0
       15.820312       2.3561945                       0

       15.898438      0.78539816                       0
       15.898438       2.3561945                       0

       15.976562      0.78539816                       0
       15.976562       2.3561945                       0

       16.054688      0.78539816                       0
       16.054688       2.3561945                       0

       16.132812      0.78539816                       0
       16.132812       2.3561945                       0

       16.210938      0.78539816                       0
       16.210938       2.3561945                       0

       16.289062      0.78539816                       0
       16.289062       2.3561945                       0

       16.367188      0.78539816                       0
       16.367188       2.3561945                       0

       16.445312      0.78539816                       0
       16.445312       2.3561945                       0

       16.523438      0.78539816                       0
       16.523438       2.3561945                       0

       16.601562      0.78539816                       0
       16.601562       2.3561945                       0

       16.679688      0.78539816                       0
       16.679688       2.3561945                       0

       16.757812      0.78539816                       0
       16.757812       2.3561945                       0

       16.835938      0.78539816                       0
       16.835938       2.3561945                       0

       16.914062      0.78539816                       0
       16.914062       2.3561945                       0

       16.992188      0.78539816                       0
       16.992188       2.3561945                       0

       17.070312      0.78539816                       0
       17.070312       2.3561945                       0

       17.148438      0.78539816                       0
       17.148438       2.3561945                       0

       17.226562      0.78539816                       0
       17.226562       2.3561945                       0

       17.304688      0.78539816                       0
       17.304688       2.3561945                       0

       17.382812      0.78539816                       0
       17.382812       2.3561945                       0

       17.460938      0.78539816                       0
       17.460938       2.3561945                       0

       17.539062      0.78539816                       0
       17.539062       2.3561945                       0

       17.617188      0.78539816                       0
       17.617188       2.3561945                       0

       17.695312      0.78539816                       0
       17.695312       2.3561945                       0

       17.773438      0.78539816                       0
       17.773438       2.3561945                       0

       17.851562      0.78539816                       0
       17.851562       2.3561945                       0

       17.929688      0.78539816                       0
       17.929688       2.3561945                       0

       18.007812      0.78539816                       0
       18.007812       2.3561945                       0

       18.085938      0.78539816                       0
       18.085938       2.3561945                       0

       18.164062      0.78539816                       0
       18.164062       2.3561945                       0

       18.242188      0.78539816                       0
       18.242188       2.3561945                       0

       18.320312      0.78539816                       0
       18.320312       2.3561945                       0

       18.398438      0.78539816                       0
       18.398438       2.3561945                       0

       18.476562      0.78539816                       0
       18.476562       2.3561945                       0

       18.554688      0.78539816                       0
       18.554688       2.3561945                       0

       18.632812      0.78539816                       0
       18.632812       2.3561945                       0

       18.710938      0.78539816                       0
       18.710938       2.3561945                       0

       18.789062      0.78539816                       0
       18.789062       2.3561945                       0

       18.867188      0.78539816                       0
       18.867188       2.3561945                       0

       18.945312      0.78539816                       0
       18.945312       2.3561945                       0

       19.023438      0.78539816                       0
       19.023438       2.3561945                       0

       19.101562      0.78539816                       0
       19.101562       2.3561945                       0

       19.179688      0.78539816                       0
       19.179688       2.3561945                       0

       19.257812      0.78539816                       0
       19.257812       2.3561945                       0

       19.335938      0.78539816                       0
       19.335938       2.3561945                       0

       19.414062      0.78539816                       0
       19.414062       2.3561945                       0

       19.492188      0.78539816                       0
       19.492188       2.3561945                       0

       19.570312      0.78539816                       0
       19.570312       2.3561945                       0

       19.648438      0.78539816                       0
       19.648438       2.3561945                       0

       19.726562      0.78539816                       0
       19.726562       2.3561945                       0

       19.804688      0.78539816                       0
       19.804688       2.3561945                       0

       19.882812      0.78539816                       0
       19.882812       2.3561945                       0

       19.960938      0.78539816                       0
       19.960938       2.3561945                       0

       20.039062      0.78539816                       0
       20.039062       2.3561945                       0

       20.117188      0.78539816                       0
       20.117188       2.3561945                       0

       20.195312      0.78539816                       0
       20.195312       2.3561945                       0

       20.273438      0.78539816                       0
       20.273438       2.3561945                       0

