# File created on Wed Jul  8 11:31:18 2026
# ======================================== 
# = Running code assuming AXISYMMETRY    = 
# ======================================== 
# Data for Inflation GW initial data initial data at coord. time 1.12447 and proper central time 1.12447
# Evolved with (264,10,9) gridpoints (including 4 ghosts)
# Evolution with geodesic slicing and constant shift
# using eighth-order spatial differencing with 4 ghost zones 
# data 1 at theta = 0 and phi = 3.14159
# data 2 at theta = 1.5708 and phi = 3.14159
#                      r                     S_r                     S_r
#                               (     0,3.14159)        (1.5708,3.14159)
#========================================================================
     -0.1754557291666667    0.000934285782693841   0.0009342857826985129
     -0.1253255208333333   0.0006676000251116719   0.0006676000251119839
           -0.0751953125    0.000400661287619584   0.0004006612876204264
    -0.02506510416666667   0.0001335706338934503   0.0001335706338890421
     0.02506510416666667  -0.0001335706338846339  -0.0001335706338890421
            0.0751953125  -0.0004006612876212688  -0.0004006612876204264
      0.1253255208333333  -0.0006676000251122958  -0.0006676000251119839
      0.1754557291666667  -0.0009342857827031847  -0.0009342857826985129
            0.2255859375   -0.001200618072222864   -0.001200618072227654
      0.2757161458333334    -0.00146649689754477   -0.001466496897547004
      0.3258463541666667   -0.001731822936242161   -0.001731822936238078
            0.3759765625   -0.001996497735010727   -0.001996497735014182
      0.4261067708333334   -0.002260423825011993   -0.002260423825011934
      0.4762369791666667   -0.002523504865044485    -0.00252350486504062
            0.5263671875   -0.002785645789688008    -0.00278564578968565
      0.5764973958333334   -0.003046752969313234   -0.003046752969313996
      0.6266276041666667   -0.003306734316167788   -0.003306734316170154
            0.6767578125    -0.00356549948572551   -0.003565499485726115
      0.7268880208333334   -0.003822959958791566   -0.003822959958791384
      0.7770182291666667   -0.004079029179773499   -0.004079029179773932
            0.8271484375   -0.004333622797552277    -0.00433362279755339
      0.8772786458333334   -0.004586658528390245   -0.004586658528388085
      0.9274088541666667   -0.004838056385046912   -0.004838056385046264
            0.9775390625   -0.005087739312263469   -0.005087739312265338
       1.027669270833333   -0.005335633092866791   -0.005335633092866614
       1.077799479166667    -0.00558166587908821   -0.005581665879084406
            1.1279296875    -0.00582576819633111   -0.005825768196334145
       1.178059895833333    -0.00606787315986399   -0.006067873159866257
       1.228190104166667   -0.006307916548315521   -0.006307916548311277
            1.2783203125   -0.006545836820218483   -0.006545836820220851
       1.328450520833333   -0.006781575145913148   -0.006781575145914435
       1.378580729166667   -0.007015075428619801   -0.007015075428617046
            1.4287109375   -0.007246284310293565   -0.007246284310292934
       1.478841145833333   -0.007475151169639861    -0.00747515116963968
       1.528971354166667   -0.007701628112081871   -0.007701628112083397
            1.5791015625   -0.007925669951250358   -0.007925669951248071
       1.629231770833333   -0.008147234182824819   -0.008147234182827985
       1.679361979166667   -0.008366280951152898   -0.008366280951153372
            1.7294921875   -0.008582773008553845    -0.00858277300855104
       1.779622395833333   -0.008796675668317842   -0.008796675668316815
       1.829752604166667   -0.009007956751394592   -0.009007956751395627
            1.8798828125   -0.009216586527222636   -0.009216586527227327
       1.930013020833333   -0.009422537649369308   -0.009422537649370216
       1.980143229166667   -0.009625785086028314   -0.009625785086026626
            2.0302734375   -0.009826306045991303   -0.009826306045988572
       2.080403645833333    -0.01002407990040928    -0.01002407990041568
       2.130533854166667    -0.01021908810102409    -0.01021908810102383
            2.1806640625    -0.01041131409488677    -0.01041131409487983
       2.230794270833333     -0.0106007432363815    -0.01060074323638091
       2.280924479166667    -0.01078736269682413     -0.0107873626968251
            2.3310546875    -0.01097116137184885    -0.01097116137184929
       2.381184895833333    -0.01115212978716475    -0.01115212978716486
       2.431315104166667    -0.01133026000323633     -0.0113302600032376
            2.4814453125    -0.01150554551894098    -0.01150554551893895
       2.531575520833333    -0.01167798117472045       -0.01167798117472
       2.581705729166667    -0.01184756305574284    -0.01184756305574583
            2.6318359375     -0.0120142883951287    -0.01201428839512809
       2.681966145833333    -0.01217815547760373    -0.01217815547760226
       2.732096354166667    -0.01233916354422178    -0.01233916354421903
            2.7822265625    -0.01249731269804776    -0.01249731269805012
       2.832356770833333    -0.01265260381129029    -0.01265260381129372
       2.882486979166667    -0.01280503843424651    -0.01280503843424869
            2.9326171875    -0.01295461870588858    -0.01295461870588739
       2.982747395833333     -0.0131013472668262      -0.013101347266824
       3.032877604166667    -0.01324522717462583    -0.01324522717462536
            3.0830078125    -0.01338626182162144    -0.01338626182162039
       3.133138020833333    -0.01352445485550382    -0.01352445485550399
       3.183268229166667    -0.01365981010291909    -0.01365981010291589
            3.2333984375    -0.01379233149605396    -0.01379233149605839
       3.283528645833333     -0.0139220230024783    -0.01392202300247503
       3.333658854166667    -0.01404888855839284    -0.01404888855839613
            3.3837890625    -0.01417293200525779    -0.01417293200525253
       3.433919270833333    -0.01429415703004962    -0.01429415703004729
       3.484049479166667    -0.01441256710922531    -0.01441256710922797
            3.5341796875    -0.01452816545631718    -0.01452816545631739
       3.584309895833333    -0.01464095497339512    -0.01464095497339522
       3.634440104166667    -0.01475093820647555    -0.01475093820647228
            3.6845703125    -0.01485811730465715    -0.01485811730465948
       3.734700520833333    -0.01496249398344506    -0.01496249398344573
       3.784830729166667    -0.01506406949183804    -0.01506406949184006
            3.8349609375    -0.01516284458362503    -0.01516284458362155
       3.885091145833333    -0.01525881949247302    -0.01525881949247345
       3.935221354166667    -0.01535199391134336    -0.01535199391134407
            3.9853515625     -0.0154423669756197    -0.01544236697561281
       4.035481770833334    -0.01552993725046431    -0.01552993725045901
       4.085611979166667    -0.01561470272210703    -0.01561470272210964
            4.1357421875    -0.01569666079306562    -0.01569666079306428
       4.185872395833334    -0.01577580828137917    -0.01577580828137908
       4.236002604166667    -0.01585214142378417    -0.01585214142378184
            4.2861328125    -0.01592565588265298    -0.01592565588265519
       4.336263020833334    -0.01599634675689758     -0.0159963467568881
       4.386393229166667    -0.01606420859640805     -0.0160642085964147
            4.4365234375    -0.01612923542052579    -0.01612923542052361
       4.486653645833334    -0.01619142073982772    -0.01619142073982825
       4.536783854166667    -0.01625075758171367    -0.01625075758171296
            4.5869140625     -0.0163072385193993    -0.01630723851939559
       4.637044270833334    -0.01636085570422205    -0.01636085570422897
       4.687174479166667    -0.01641160090134152    -0.01641160090133572
            4.7373046875    -0.01645946552849266    -0.01645946552849083
       4.787434895833334    -0.01650444069803434    -0.01650444069803141
       4.837565104166667    -0.01654651726179788    -0.01654651726179767
            4.8876953125    -0.01658568585883401    -0.01658568585883255
       4.937825520833334    -0.01662193696583632    -0.01662193696583836
       4.987955729166667    -0.01665526095001148    -0.01665526095001247
            5.0380859375    -0.01668564812444381    -0.01668564812443518
       5.088216145833334    -0.01671308880586653    -0.01671308880586838
       5.138346354166667    -0.01673757337420904    -0.01673757337421428
            5.1884765625    -0.01675909233424917    -0.01675909233424914
       5.238606770833334    -0.01677763637885906    -0.01677763637885593
       5.288736979166667    -0.01679319645375254    -0.01679319645374963
            5.3388671875    -0.01680576382357948    -0.01680576382357582
       5.388997395833334    -0.01681533013928348    -0.01681533013928401
       5.439127604166667    -0.01682188750609576    -0.01682188750608848
            5.4892578125    -0.01682542855234976    -0.01682542855235344
       5.539388020833334    -0.01682594649874682    -0.01682594649874798
       5.589518229166667    -0.01682343522755068    -0.01682343522754733
            5.6396484375    -0.01681788935208883     -0.0168178893520841
       5.689778645833334     -0.0168093042858463    -0.01680930428585497
       5.739908854166667    -0.01679767631103855    -0.01679767631103825
            5.7900390625    -0.01678300264625068    -0.01678300264623994
       5.840169270833334    -0.01676528151335658    -0.01676528151335756
       5.890299479166667    -0.01674451220259521    -0.01674451220260009
            5.9404296875    -0.01672069513671013    -0.01672069513671137
       5.990559895833334    -0.01669383193296618    -0.01669383193296558
       6.040690104166667    -0.01666392546303784    -0.01666392546303641
            6.0908203125    -0.01663097991097138    -0.01663097991096993
       6.140950520833334    -0.01659500082812786    -0.01659500082813051
       6.191080729166667    -0.01655599518547475    -0.01655599518547048
            6.2412109375    -0.01651397142310708     -0.0165139714231068
       6.291341145833334    -0.01646893949639705    -0.01646893949639517
       6.341471354166667    -0.01642091091849019    -0.01642091091848868
            6.3916015625     -0.0163698987996498    -0.01636989879964993
       6.441731770833334    -0.01631591788220249    -0.01631591788220632
       6.491861979166667    -0.01625898457165916    -0.01625898457165524
            6.5419921875    -0.01619911696392643    -0.01619911696392675
       6.592122395833334    -0.01613633486801606    -0.01613633486801518
       6.642252604166667    -0.01607065982424687    -0.01607065982424441
            6.6923828125    -0.01600211511814546    -0.01600211511814724
       6.742513020833334    -0.01593072578935743    -0.01593072578935698
       6.792643229166667    -0.01585651863598815    -0.01585651863598661
            6.8427734375    -0.01577952221450027    -0.01577952221450028
       6.892903645833334    -0.01569976683443157    -0.01569976683443503
       6.943033854166667    -0.01561728454850336    -0.01561728454850238
            6.9931640625    -0.01553210913799181    -0.01553210913799358
       7.043294270833334    -0.01544427609309012    -0.01544427609308902
       7.093424479166667    -0.01535382258877935     -0.0153538225887796
            7.1435546875    -0.01526078745623744    -0.01526078745623796
       7.193684895833334    -0.01516521114946506     -0.0151652111494667
       7.243815104166667    -0.01506713570765846     -0.0150671357076554
            7.2939453125     -0.0149666047133203    -0.01496660471332412
       7.344075520833334    -0.01486366324601519    -0.01486366324601492
       7.394205729166667    -0.01475835783251112    -0.01475835783250926
            7.4443359375    -0.01465073639321413    -0.01465073639321097
       7.494466145833334    -0.01454084818480107    -0.01454084818480141
       7.544596354166667    -0.01442874373988259    -0.01442874373988563
            7.5947265625    -0.01431447480322539    -0.01431447480322409
       7.644856770833334    -0.01419809426525558    -0.01419809426525856
       7.694986979166667     -0.0140796560933554    -0.01407965609335656
            7.7451171875    -0.01395921526054532    -0.01395921526054414
       7.795247395833334     -0.0138368276721871    -0.01383682767218717
       7.845377604166667    -0.01371255009130027     -0.0137125500913002
            7.8955078125    -0.01358644006178315    -0.01358644006178613
       7.945638020833334    -0.01345855583097536    -0.01345855583097435
       7.995768229166667    -0.01332895627152856     -0.0133289562715319
            8.0458984375      -0.013197700802345    -0.01319770080234187
       8.096028645833334    -0.01306484930943448    -0.01306484930943875
       8.146158854166668    -0.01293046206703445    -0.01293046206703403
            8.1962890625    -0.01279459965825766    -0.01279459965825759
       8.246419270833334     -0.0126573228971526    -0.01265732289715082
       8.296549479166668    -0.01251869275152855    -0.01251869275152632
            8.3466796875    -0.01237877026644858    -0.01237877026644689
       8.396809895833334    -0.01223761648958164    -0.01223761648958547
       8.446940104166668    -0.01209529239799262    -0.01209529239799495
            8.4970703125    -0.01195185882634468    -0.01195185882633861
       8.547200520833334    -0.01180737639774405      -0.011807376397746
       8.597330729166668    -0.01166190545690405    -0.01166190545690993
            8.6474609375    -0.01151550600519282    -0.01151550600519633
       8.697591145833334    -0.01136823763872382    -0.01136823763872325
       8.747721354166668    -0.01122015948912135    -0.01122015948911776
            8.7978515625    -0.01107133016677971    -0.01107133016678521
       8.847981770833334    -0.01092180770778978    -0.01092180770778618
       8.898111979166668    -0.01077164952367373    -0.01077164952367831
            8.9482421875    -0.01062091235442278    -0.01062091235441804
       8.998372395833334    -0.01046965222471708    -0.01046965222471942
       9.048502604166668    -0.01031792440354159    -0.01031792440354178
            9.0986328125    -0.01016578336703829    -0.01016578336703969
       9.148763020833334    -0.01001328276514122    -0.01001328276514204
       9.198893229166668   -0.009860475391313794   -0.009860475391313947
            9.2490234375   -0.009707413155978816   -0.009707413155976945
       9.299153645833334    -0.00955414706313288    -0.00955414706313398
       9.349283854166668   -0.009400727190193192   -0.009400727190195038
            9.3994140625    -0.00924720267154727   -0.009247202671546655
       9.449544270833334   -0.009093621685115287   -0.009093621685113042
       9.499674479166668   -0.008940031442115986   -0.008940031442121271
            9.5498046875   -0.008786478180294053   -0.008786478180290502
       9.599934895833334   -0.008633007159589302   -0.008633007159589982
       9.650065104166668   -0.008479662661046435   -0.008479662661049492
            9.7001953125   -0.008326487988690384   -0.008326487988685276
       9.750325520833334    -0.00817352547377471   -0.008173525473776906
       9.800455729166668   -0.008020816481840153   -0.008020816481838319
            9.8505859375   -0.007868401422212623   -0.007868401422216301
       9.900716145833334   -0.007716319759728088   -0.007716319759727319
       9.950846354166668   -0.007564610028450981   -0.007564610028453588
           10.0009765625   -0.007413309847940729   -0.007413309847939866
       10.05110677083333   -0.007262455940896272   -0.007262455940894674
       10.10123697916667   -0.007112084152714612   -0.007112084152717274
           10.1513671875   -0.006962229472739338   -0.006962229472738582
       10.20149739583333   -0.006812926056660668   -0.006812926056660371
       10.25162760416667   -0.006664207250424004   -0.006664207250423992
           10.3017578125    -0.00651610561523198   -0.006516105615235354
       10.35188802083333   -0.006368652953408012    -0.00636865295340332
       10.40201822916667   -0.006221880335006581   -0.006221880335007744
           10.4521484375   -0.006075818125215719   -0.006075818125214712
       10.50227864583333   -0.005930496012141729   -0.005930496012141939
       10.55240885416667   -0.005785943035141487   -0.005785943035141985
           10.6025390625   -0.005642187613076202   -0.005642187613077113
       10.65266927083333   -0.005499257572827805   -0.005499257572825196
       10.70279947916667   -0.005357180177798717    -0.00535718017780152
           10.7529296875   -0.005215982155142736   -0.005215982155141987
       10.80305989583333   -0.005075689724590351   -0.005075689724589494
       10.85319010416667   -0.004936328633727357   -0.004936328633729617
           10.9033203125   -0.004797924138659394   -0.004797924138660337
       10.95345052083333   -0.004660501087935182   -0.004660501087934938
       11.00358072916667   -0.004524084360836803   -0.004524084360834586
           11.0537109375   -0.004388696824324151   -0.004388696824326067
       11.10384114583333   -0.004254360640946891   -0.004254360640947753
       11.15397135416667   -0.004121117241357363   -0.004121117241355787
           11.2041015625   -0.003988960568241369   -0.003988960568239389
       11.25423177083333   -0.003857797740743792   -0.003857797740744963
       11.30436197916667   -0.003728187591596111   -0.003728187591599245
           11.3544921875   -0.003600170081661226   -0.003600170081660132
       11.40462239583333   -0.003469166878993216   -0.003469166878991192
       11.45475260416667   -0.003342020072451149   -0.003342020072451591
           11.5048828125   -0.003242855263749513    -0.00324285526375076
       11.55501302083333   -0.003089134930821468   -0.003089134930819243
       11.60514322916667   -0.002738443112323114   -0.002738443112325751
           11.6552734375   -0.002572131026389938   -0.002572131026389262
       11.70540364583333   -0.003252927261331017   -0.003252927261330194
       11.75553385416667   -0.004199406448733666   -0.004199406448733184
           11.8056640625   -0.004303943235877131    -0.00430394323587862
       11.85579427083333   -0.004270158674056744    -0.00427015867405319
       11.90592447916667   -0.004894861921542408   -0.004894861921543103
           11.9560546875   -0.005773015818834609   -0.005773015818832704
       12.00618489583333   -0.006557061705488623   -0.006557061705489755
       12.05631510416667   -0.007519653812286717   -0.007519653812285333
           12.1064453125    -0.00891553189643551    -0.00891553189643539
       12.15657552083333    -0.01063991501313771    -0.01063991501313543
       12.20670572916667    -0.01252884830709185    -0.01252884830709169
           12.2568359375    -0.01468147282042847    -0.01468147282043186
       12.30696614583333     -0.0173803860685511    -0.01738038606854676
       12.35709635416667    -0.02077186220320216    -0.02077186220320032
           12.4072265625    -0.02473248666826805    -0.02473248666826718
       12.45735677083333    -0.02900585109631123    -0.02900585109630669
       12.50748697916667    -0.03349127115316085    -0.03349127115316429
           12.5576171875    -0.03784298783617263    -0.03784298783617415
       12.60774739583333     -0.0386692412616436    -0.03866924126164316
       12.65787760416667    -0.02667784402115544    -0.02667784402115822
           12.7080078125    -0.01087190724616708    -0.01087190724617594
       12.75813802083333    0.004605749815349103    0.004605749815325447
       12.80826822916667     -0.5102972233743939     -0.5102972233774588
           12.8583984375                       0                       0
       12.90852864583333                       0                       0
       12.95865885416667                       0                       0
           13.0087890625                       0                       0
