# File created on Wed Jul  8 11:31:18 2026
# Data for Inflation GW initial data initial data at coord time 1.12447 and central proper time 1.12447
# Evolved with (264,10,9) gridpoints (including 4 ghosts)
# Evolution with geodesic slicing and constant shift shift condition 
# data for phi = 3.14159
#              r           theta                 S_r
#===============================================================
     0.025065104      0.78539816  -0.0001335706338857616
     0.025065104       2.3561945  -0.0001335706338923226

     0.075195312      0.78539816  -0.0004006612876210533
     0.075195312       2.3561945  -0.0004006612876197995

      0.12532552      0.78539816   -0.000667600025112216
      0.12532552       2.3561945  -0.0006676000251117517

      0.17545573      0.78539816  -0.0009342857827019896
      0.17545573       2.3561945  -0.0009342857826950361

      0.22558594      0.78539816    -0.00120061807222409
      0.22558594       2.3561945   -0.001200618072231217

      0.27571615      0.78539816   -0.001466496897545342
      0.27571615       2.3561945   -0.001466496897548666

      0.32584635      0.78539816   -0.001731822936241117
      0.32584635       2.3561945    -0.00173182293623504

      0.37597656      0.78539816   -0.001996497735011611
      0.37597656       2.3561945   -0.001996497735016753

      0.42610677      0.78539816   -0.002260423825011978
      0.42610677       2.3561945    -0.00226042382501189

      0.47623698      0.78539816   -0.002523504865043496
      0.47623698       2.3561945   -0.002523504865037744

      0.52636719      0.78539816   -0.002785645789687405
      0.52636719       2.3561945   -0.002785645789683894

       0.5764974      0.78539816   -0.003046752969313429
       0.5764974       2.3561945   -0.003046752969314564

       0.6266276      0.78539816   -0.003306734316168394
       0.6266276       2.3561945   -0.003306734316171915

      0.67675781      0.78539816   -0.003565499485725665
      0.67675781       2.3561945   -0.003565499485726566

      0.72688802      0.78539816   -0.003822959958791519
      0.72688802       2.3561945   -0.003822959958791249

      0.77701823      0.78539816    -0.00407902917977361
      0.77701823       2.3561945   -0.004079029179774255

      0.82714844      0.78539816   -0.004333622797552562
      0.82714844       2.3561945   -0.004333622797554218

      0.87727865      0.78539816   -0.004586658528389693
      0.87727865       2.3561945   -0.004586658528386478

      0.92740885      0.78539816   -0.004838056385046747
      0.92740885       2.3561945   -0.004838056385045781

      0.97753906      0.78539816   -0.005087739312263947
      0.97753906       2.3561945   -0.005087739312266727

       1.0276693      0.78539816   -0.005335633092866746
       1.0276693       2.3561945   -0.005335633092866482

       1.0777995      0.78539816   -0.005581665879087237
       1.0777995       2.3561945   -0.005581665879081576

       1.1279297      0.78539816   -0.005825768196331886
       1.1279297       2.3561945   -0.005825768196336403

       1.1780599      0.78539816   -0.006067873159864569
       1.1780599       2.3561945   -0.006067873159867944

       1.2281901      0.78539816   -0.006307916548314436
       1.2281901       2.3561945   -0.006307916548308119

       1.2783203      0.78539816   -0.006545836820219089
       1.2783203       2.3561945   -0.006545836820222615

       1.3284505      0.78539816   -0.006781575145913477
       1.3284505       2.3561945   -0.006781575145915392

       1.3785807      0.78539816   -0.007015075428619096
       1.3785807       2.3561945   -0.007015075428614997

       1.4287109      0.78539816   -0.007246284310293403
       1.4287109       2.3561945   -0.007246284310292466

       1.4788411      0.78539816   -0.007475151169639815
       1.4788411       2.3561945   -0.007475151169639545

       1.5289714      0.78539816   -0.007701628112082261
       1.5289714       2.3561945   -0.007701628112084533

       1.5791016      0.78539816   -0.007925669951249773
       1.5791016       2.3561945   -0.007925669951246368

       1.6292318      0.78539816   -0.008147234182825628
       1.6292318       2.3561945   -0.008147234182830339

        1.679362      0.78539816   -0.008366280951153019
        1.679362       2.3561945   -0.008366280951153725

       1.7294922      0.78539816   -0.008582773008553127
       1.7294922       2.3561945   -0.008582773008548955

       1.7796224      0.78539816    -0.00879667566831758
       1.7796224       2.3561945    -0.00879667566831605

       1.8297526      0.78539816   -0.009007956751394857
       1.8297526       2.3561945   -0.009007956751396397

       1.8798828      0.78539816   -0.009216586527223836
       1.8798828       2.3561945   -0.009216586527230815

        1.930013      0.78539816   -0.009422537649369541
        1.930013       2.3561945   -0.009422537649370892

       1.9801432      0.78539816   -0.009625785086027882
       1.9801432       2.3561945    -0.00962578508602537

       2.0302734      0.78539816   -0.009826306045990604
       2.0302734       2.3561945   -0.009826306045986541

       2.0804036      0.78539816    -0.01002407990041092
       2.0804036       2.3561945    -0.01002407990042045

       2.1305339      0.78539816    -0.01021908810102402
       2.1305339       2.3561945    -0.01021908810102364

       2.1806641      0.78539816      -0.010411314094885
       2.1806641       2.3561945    -0.01041131409487467

       2.2307943      0.78539816    -0.01060074323638135
       2.2307943       2.3561945    -0.01060074323638047

       2.2809245      0.78539816    -0.01078736269682438
       2.2809245       2.3561945    -0.01078736269682582

       2.3310547      0.78539816    -0.01097116137184896
       2.3310547       2.3561945    -0.01097116137184962

       2.3811849      0.78539816    -0.01115212978716478
       2.3811849       2.3561945    -0.01115212978716495

       2.4313151      0.78539816    -0.01133026000323666
       2.4313151       2.3561945    -0.01133026000323855

       2.4814453      0.78539816    -0.01150554551894046
       2.4814453       2.3561945    -0.01150554551893744

       2.5315755      0.78539816    -0.01167798117472034
       2.5315755       2.3561945    -0.01167798117471966

       2.5817057      0.78539816     -0.0118475630557436
       2.5817057       2.3561945    -0.01184756305574806

       2.6318359      0.78539816    -0.01201428839512854
       2.6318359       2.3561945    -0.01201428839512765

       2.6819661      0.78539816    -0.01217815547760336
       2.6819661       2.3561945    -0.01217815547760116

       2.7320964      0.78539816    -0.01233916354422107
       2.7320964       2.3561945    -0.01233916354421699

       2.7822266      0.78539816    -0.01249731269804837
       2.7822266       2.3561945    -0.01249731269805187

       2.8323568      0.78539816    -0.01265260381129116
       2.8323568       2.3561945    -0.01265260381129627

        2.882487      0.78539816    -0.01280503843424707
        2.882487       2.3561945    -0.01280503843425032

       2.9326172      0.78539816    -0.01295461870588828
       2.9326172       2.3561945    -0.01295461870588651

       2.9827474      0.78539816    -0.01310134726682564
       2.9827474       2.3561945    -0.01310134726682237

       3.0328776      0.78539816    -0.01324522717462571
       3.0328776       2.3561945    -0.01324522717462501

       3.0830078      0.78539816    -0.01338626182162117
       3.0830078       2.3561945    -0.01338626182161962

        3.133138      0.78539816    -0.01352445485550387
        3.133138       2.3561945    -0.01352445485550412

       3.1832682      0.78539816    -0.01365981010291827
       3.1832682       2.3561945    -0.01365981010291351

       3.2333984      0.78539816     -0.0137923314960551
       3.2333984       2.3561945    -0.01379233149606167

       3.2835286      0.78539816    -0.01392202300247746
       3.2835286       2.3561945    -0.01392202300247261

       3.3336589      0.78539816    -0.01404888855839368
       3.3336589       2.3561945    -0.01404888855839857

       3.3837891      0.78539816    -0.01417293200525645
       3.3837891       2.3561945    -0.01417293200524861

       3.4339193      0.78539816    -0.01429415703004903
       3.4339193       2.3561945    -0.01429415703004555

       3.4840495      0.78539816    -0.01441256710922599
       3.4840495       2.3561945    -0.01441256710922995

       3.5341797      0.78539816    -0.01452816545631723
       3.5341797       2.3561945    -0.01452816545631755

       3.5843099      0.78539816    -0.01464095497339515
       3.5843099       2.3561945     -0.0146409549733953

       3.6344401      0.78539816    -0.01475093820647472
       3.6344401       2.3561945    -0.01475093820646984

       3.6845703      0.78539816    -0.01485811730465774
       3.6845703       2.3561945    -0.01485811730466121

       3.7347005      0.78539816    -0.01496249398344523
       3.7347005       2.3561945    -0.01496249398344623

       3.7848307      0.78539816    -0.01506406949183856
       3.7848307       2.3561945    -0.01506406949184157

       3.8349609      0.78539816    -0.01516284458362414
       3.8349609       2.3561945    -0.01516284458361897

       3.8850911      0.78539816    -0.01525881949247313
       3.8850911       2.3561945    -0.01525881949247377

       3.9352214      0.78539816    -0.01535199391134354
       3.9352214       2.3561945    -0.01535199391134461

       3.9853516      0.78539816    -0.01544236697561794
       3.9853516       2.3561945    -0.01544236697560768

       4.0354818      0.78539816    -0.01552993725046295
       4.0354818       2.3561945    -0.01552993725045507

        4.085612      0.78539816    -0.01561470272210769
        4.085612       2.3561945    -0.01561470272211159

       4.1357422      0.78539816    -0.01569666079306528
       4.1357422       2.3561945    -0.01569666079306329

       4.1858724      0.78539816    -0.01577580828137914
       4.1858724       2.3561945    -0.01577580828137902

       4.2360026      0.78539816    -0.01585214142378357
       4.2360026       2.3561945     -0.0158521414237801

       4.2861328      0.78539816    -0.01592565588265354
       4.2861328       2.3561945    -0.01592565588265683

        4.336263      0.78539816    -0.01599634675689516
        4.336263       2.3561945    -0.01599634675688104

       4.3863932      0.78539816    -0.01606420859640975
       4.3863932       2.3561945    -0.01606420859641964

       4.4365234      0.78539816    -0.01612923542052523
       4.4365234       2.3561945    -0.01612923542052198

       4.4866536      0.78539816    -0.01619142073982786
       4.4866536       2.3561945    -0.01619142073982863

       4.5367839      0.78539816    -0.01625075758171349
       4.5367839       2.3561945    -0.01625075758171243

       4.5869141      0.78539816    -0.01630723851939835
       4.5869141       2.3561945    -0.01630723851939283

       4.6370443      0.78539816    -0.01636085570422382
       4.6370443       2.3561945    -0.01636085570423413

       4.6871745      0.78539816    -0.01641160090134004
       4.6871745       2.3561945     -0.0164116009013314

       4.7373047      0.78539816    -0.01645946552849219
       4.7373047       2.3561945    -0.01645946552848946

       4.7874349      0.78539816    -0.01650444069803359
       4.7874349       2.3561945    -0.01650444069802922

       4.8375651      0.78539816    -0.01654651726179783
       4.8375651       2.3561945    -0.01654651726179752

       4.8876953      0.78539816    -0.01658568585883364
       4.8876953       2.3561945    -0.01658568585883147

       4.9378255      0.78539816    -0.01662193696583684
       4.9378255       2.3561945    -0.01662193696583989

       4.9879557      0.78539816    -0.01665526095001174
       4.9879557       2.3561945     -0.0166552609500132

       5.0380859      0.78539816     -0.0166856481244416
       5.0380859       2.3561945    -0.01668564812442876

       5.0882161      0.78539816    -0.01671308880586701
       5.0882161       2.3561945    -0.01671308880586975

       5.1383464      0.78539816    -0.01673757337421038
       5.1383464       2.3561945    -0.01673757337421817

       5.1884766      0.78539816    -0.01675909233424916
       5.1884766       2.3561945    -0.01675909233424911

       5.2386068      0.78539816    -0.01677763637885826
       5.2386068       2.3561945    -0.01677763637885359

        5.288737      0.78539816     -0.0167931964537518
        5.288737       2.3561945    -0.01679319645374747

       5.3388672      0.78539816    -0.01680576382357854
       5.3388672       2.3561945     -0.0168057638235731

       5.3889974      0.78539816    -0.01681533013928362
       5.3889974       2.3561945    -0.01681533013928441

       5.4391276      0.78539816     -0.0168218875060939
       5.4391276       2.3561945    -0.01682188750608307

       5.4892578      0.78539816     -0.0168254285523507
       5.4892578       2.3561945    -0.01682542855235617

        5.539388      0.78539816    -0.01682594649874711
        5.539388       2.3561945    -0.01682594649874885

       5.5895182      0.78539816    -0.01682343522754982
       5.5895182       2.3561945    -0.01682343522754483

       5.6396484      0.78539816    -0.01681788935208762
       5.6396484       2.3561945    -0.01681788935208058

       5.6897786      0.78539816    -0.01680930428584852
       5.6897786       2.3561945    -0.01680930428586142

       5.7399089      0.78539816    -0.01679767631103847
       5.7399089       2.3561945    -0.01679767631103802

       5.7900391      0.78539816    -0.01678300264624793
       5.7900391       2.3561945    -0.01678300264623195

       5.8401693      0.78539816    -0.01676528151335683
       5.8401693       2.3561945    -0.01676528151335828

       5.8902995      0.78539816    -0.01674451220259646
       5.8902995       2.3561945    -0.01674451220260372

       5.9404297      0.78539816    -0.01672069513671045
       5.9404297       2.3561945    -0.01672069513671229

       5.9905599      0.78539816    -0.01669383193296603
       5.9905599       2.3561945    -0.01669383193296513

       6.0406901      0.78539816    -0.01666392546303748
       6.0406901       2.3561945    -0.01666392546303535

       6.0908203      0.78539816    -0.01663097991097101
       6.0908203       2.3561945    -0.01663097991096885

       6.1409505      0.78539816    -0.01659500082812854
       6.1409505       2.3561945    -0.01659500082813248

       6.1910807      0.78539816    -0.01655599518547366
       6.1910807       2.3561945     -0.0165559951854673

       6.2412109      0.78539816    -0.01651397142310701
       6.2412109       2.3561945    -0.01651397142310659

       6.2913411      0.78539816    -0.01646893949639657
       6.2913411       2.3561945    -0.01646893949639376

       6.3414714      0.78539816    -0.01642091091848981
       6.3414714       2.3561945    -0.01642091091848755

       6.3916016      0.78539816    -0.01636989879964984
       6.3916016       2.3561945    -0.01636989879965002

       6.4417318      0.78539816    -0.01631591788220347
       6.4417318       2.3561945    -0.01631591788220917

        6.491862      0.78539816    -0.01625898457165816
        6.491862       2.3561945    -0.01625898457165232

       6.5419922      0.78539816    -0.01619911696392651
       6.5419922       2.3561945    -0.01619911696392699

       6.5921224      0.78539816    -0.01613633486801584
       6.5921224       2.3561945    -0.01613633486801452

       6.6422526      0.78539816    -0.01607065982424624
       6.6422526       2.3561945    -0.01607065982424257

       6.6923828      0.78539816    -0.01600211511814592
       6.6923828       2.3561945    -0.01600211511814856

        6.742513      0.78539816    -0.01593072578935731
        6.742513       2.3561945    -0.01593072578935664

       6.7926432      0.78539816    -0.01585651863598775
       6.7926432       2.3561945    -0.01585651863598546

       6.8427734      0.78539816    -0.01577952221450027
       6.8427734       2.3561945    -0.01577952221450028

       6.8929036      0.78539816    -0.01569976683443245
       6.8929036       2.3561945    -0.01569976683443761

       6.9430339      0.78539816    -0.01561728454850311
       6.9430339       2.3561945    -0.01561728454850164

       6.9931641      0.78539816    -0.01553210913799227
       6.9931641       2.3561945     -0.0155321091379949

       7.0432943      0.78539816    -0.01544427609308984
       7.0432943       2.3561945    -0.01544427609308821

       7.0934245      0.78539816    -0.01535382258877942
       7.0934245       2.3561945    -0.01535382258877979

       7.1435547      0.78539816    -0.01526078745623758
       7.1435547       2.3561945    -0.01526078745623834

       7.1936849      0.78539816    -0.01516521114946548
       7.1936849       2.3561945    -0.01516521114946792

       7.2438151      0.78539816    -0.01506713570765768
       7.2438151       2.3561945    -0.01506713570765312

       7.2939453      0.78539816    -0.01496660471332127
       7.2939453       2.3561945    -0.01496660471332697

       7.3440755      0.78539816    -0.01486366324601512
       7.3440755       2.3561945    -0.01486366324601472

       7.3942057      0.78539816    -0.01475835783251065
       7.3942057       2.3561945    -0.01475835783250787

       7.4443359      0.78539816    -0.01465073639321332
       7.4443359       2.3561945    -0.01465073639320862

       7.4944661      0.78539816    -0.01454084818480116
       7.4944661       2.3561945    -0.01454084818480166

       7.5445964      0.78539816    -0.01442874373988337
       7.5445964       2.3561945    -0.01442874373988789

       7.5947266      0.78539816    -0.01431447480322506
       7.5947266       2.3561945    -0.01431447480322312

       7.6448568      0.78539816    -0.01419809426525634
       7.6448568       2.3561945    -0.01419809426526077

        7.694987      0.78539816    -0.01407965609335569
        7.694987       2.3561945    -0.01407965609335742

       7.7451172      0.78539816    -0.01395921526054502
       7.7451172       2.3561945    -0.01395921526054326

       7.7952474      0.78539816    -0.01383682767218711
       7.7952474       2.3561945    -0.01383682767218722

       7.8453776      0.78539816    -0.01371255009130025
       7.8453776       2.3561945    -0.01371255009130015

       7.8955078      0.78539816    -0.01358644006178391
       7.8955078       2.3561945    -0.01358644006178834

        7.945638      0.78539816     -0.0134585558309751
        7.945638       2.3561945     -0.0134585558309736

       7.9957682      0.78539816    -0.01332895627152941
       7.9957682       2.3561945    -0.01332895627153438

       8.0458984      0.78539816     -0.0131977008023442
       8.0458984       2.3561945    -0.01319770080233955

       8.0960286      0.78539816    -0.01306484930943557
       8.0960286       2.3561945    -0.01306484930944193

       8.1461589      0.78539816    -0.01293046206703435
       8.1461589       2.3561945    -0.01293046206703371

       8.1962891      0.78539816    -0.01279459965825764
       8.1962891       2.3561945    -0.01279459965825755

       8.2464193      0.78539816    -0.01265732289715214
       8.2464193       2.3561945     -0.0126573228971495

       8.2965495      0.78539816    -0.01251869275152798
       8.2965495       2.3561945    -0.01251869275152467

       8.3466797      0.78539816    -0.01237877026644815
       8.3466797       2.3561945    -0.01237877026644562

       8.3968099      0.78539816    -0.01223761648958262
       8.3968099       2.3561945    -0.01223761648958833

       8.4469401      0.78539816    -0.01209529239799322
       8.4469401       2.3561945    -0.01209529239799668

       8.4970703      0.78539816    -0.01195185882634313
       8.4970703       2.3561945     -0.0119518588263341

       8.5472005      0.78539816    -0.01180737639774455
       8.5472005       2.3561945    -0.01180737639774744

       8.5973307      0.78539816    -0.01166190545690555
       8.5973307       2.3561945    -0.01166190545691431

       8.6474609      0.78539816    -0.01151550600519372
       8.6474609       2.3561945    -0.01151550600519894

       8.6975911      0.78539816    -0.01136823763872367
       8.6975911       2.3561945    -0.01136823763872283

       8.7477214      0.78539816    -0.01122015948912043
       8.7477214       2.3561945    -0.01122015948911509

       8.7978516      0.78539816    -0.01107133016678112
       8.7978516       2.3561945    -0.01107133016678931

       8.8479818      0.78539816    -0.01092180770778886
       8.8479818       2.3561945     -0.0109218077077835

        8.898112      0.78539816     -0.0107716495236749
        8.898112       2.3561945    -0.01077164952368172

       8.9482422      0.78539816    -0.01062091235442157
       8.9482422       2.3561945    -0.01062091235441451

       8.9983724      0.78539816    -0.01046965222471768
       8.9983724       2.3561945    -0.01046965222472117

       9.0485026      0.78539816    -0.01031792440354164
       9.0485026       2.3561945    -0.01031792440354191

       9.0986328      0.78539816    -0.01016578336703865
       9.0986328       2.3561945    -0.01016578336704074

        9.148763      0.78539816    -0.01001328276514143
        9.148763       2.3561945    -0.01001328276514266

       9.1988932      0.78539816   -0.009860475391313834
       9.1988932       2.3561945   -0.009860475391314063

       9.2490234      0.78539816   -0.009707413155978338
       9.2490234       2.3561945   -0.009707413155975552

       9.2991536      0.78539816   -0.009554147063133161
       9.2991536       2.3561945     -0.0095541470631348

       9.3492839      0.78539816   -0.009400727190193664
       9.3492839       2.3561945   -0.009400727190196412

       9.3994141      0.78539816   -0.009247202671547113
       9.3994141       2.3561945   -0.009247202671546197

       9.4495443      0.78539816   -0.009093621685114713
       9.4495443       2.3561945   -0.009093621685111374

       9.4996745      0.78539816   -0.008940031442117339
       9.4996745       2.3561945   -0.008940031442125206

       9.5498047      0.78539816   -0.008786478180293144
       9.5498047       2.3561945   -0.008786478180287861

       9.5999349      0.78539816   -0.008633007159589475
       9.5999349       2.3561945   -0.008633007159590488

       9.6500651      0.78539816   -0.008479662661047218
       9.6500651       2.3561945   -0.008479662661051764

       9.7001953      0.78539816   -0.008326487988689077
       9.7001953       2.3561945   -0.008326487988681474

       9.7503255      0.78539816   -0.008173525473775272
       9.7503255       2.3561945   -0.008173525473778542

       9.8004557      0.78539816   -0.008020816481839683
       9.8004557       2.3561945   -0.008020816481836954

       9.8505859      0.78539816   -0.007868401422213563
       9.8505859       2.3561945   -0.007868401422219036

       9.9007161      0.78539816   -0.007716319759727891
       9.9007161       2.3561945   -0.007716319759726746

       9.9508464      0.78539816   -0.007564610028451648
       9.9508464       2.3561945   -0.007564610028455528

       10.000977      0.78539816   -0.007413309847940508
       10.000977       2.3561945   -0.007413309847939223

       10.051107      0.78539816   -0.007262455940895863
       10.051107       2.3561945   -0.007262455940893486

       10.101237      0.78539816   -0.007112084152715293
       10.101237       2.3561945   -0.007112084152719254

       10.151367      0.78539816   -0.006962229472739145
       10.151367       2.3561945   -0.006962229472738019

       10.201497      0.78539816   -0.006812926056660592
       10.201497       2.3561945    -0.00681292605666015

       10.251628      0.78539816   -0.006664207250424001
       10.251628       2.3561945   -0.006664207250423985

       10.301758      0.78539816   -0.006516105615232843
       10.301758       2.3561945   -0.006516105615237865

       10.351888      0.78539816   -0.006368652953406812
       10.351888       2.3561945   -0.006368652953399828

       10.402018      0.78539816   -0.006221880335006879
       10.402018       2.3561945   -0.006221880335008609

       10.452148      0.78539816   -0.006075818125215461
       10.452148       2.3561945   -0.006075818125213962

       10.502279      0.78539816   -0.005930496012141783
       10.502279       2.3561945   -0.005930496012142094

       10.552409      0.78539816   -0.005785943035141614
       10.552409       2.3561945   -0.005785943035142354

       10.602539      0.78539816   -0.005642187613076434
       10.602539       2.3561945   -0.005642187613077791

       10.652669      0.78539816   -0.005499257572827137
       10.652669       2.3561945   -0.005499257572823254

       10.702799      0.78539816   -0.005357180177799434
       10.702799       2.3561945   -0.005357180177803605

        10.75293      0.78539816   -0.005215982155142545
        10.75293       2.3561945   -0.005215982155141428

        10.80306      0.78539816   -0.005075689724590131
        10.80306       2.3561945   -0.005075689724588857

        10.85319      0.78539816   -0.004936328633727936
        10.85319       2.3561945   -0.004936328633731299

        10.90332      0.78539816   -0.004797924138659635
        10.90332       2.3561945    -0.00479792413866104

       10.953451      0.78539816   -0.004660501087935119
       10.953451       2.3561945   -0.004660501087934757

       11.003581      0.78539816   -0.004524084360836235
       11.003581       2.3561945   -0.004524084360832936

       11.053711      0.78539816   -0.004388696824324641
       11.053711       2.3561945   -0.004388696824327492

       11.103841      0.78539816   -0.004254360640947111
       11.103841       2.3561945   -0.004254360640948395

       11.153971      0.78539816    -0.00412111724135696
       11.153971       2.3561945   -0.004121117241354613

       11.204102      0.78539816   -0.003988960568240863
       11.204102       2.3561945   -0.003988960568237915

       11.254232      0.78539816   -0.003857797740744091
       11.254232       2.3561945   -0.003857797740745835

       11.304362      0.78539816   -0.003728187591596913
       11.304362       2.3561945   -0.003728187591601578

       11.354492      0.78539816   -0.003600170081660946
       11.354492       2.3561945   -0.003600170081659318

       11.404622      0.78539816   -0.003469166878992698
       11.404622       2.3561945   -0.003469166878989685

       11.454753      0.78539816   -0.003342020072451262
       11.454753       2.3561945   -0.003342020072451921

       11.504883      0.78539816   -0.003242855263749832
       11.504883       2.3561945   -0.003242855263751689

       11.555013      0.78539816   -0.003089134930820899
       11.555013       2.3561945   -0.003089134930817587

       11.605143      0.78539816   -0.002738443112323789
       11.605143       2.3561945   -0.002738443112327714

       11.655273      0.78539816   -0.002572131026389765
       11.655273       2.3561945   -0.002572131026388759

       11.705404      0.78539816   -0.003252927261330806
       11.705404       2.3561945   -0.003252927261329581

       11.755534      0.78539816   -0.004199406448733543
       11.755534       2.3561945   -0.004199406448732826

       11.805664      0.78539816   -0.004303943235877511
       11.805664       2.3561945   -0.004303943235879727

       11.855794      0.78539816   -0.004270158674055835
       11.855794       2.3561945   -0.004270158674050546

       11.905924      0.78539816   -0.004894861921542586
       11.905924       2.3561945    -0.00489486192154362

       11.956055      0.78539816   -0.005773015818834121
       11.956055       2.3561945   -0.005773015818831286

       12.006185      0.78539816   -0.006557061705488912
       12.006185       2.3561945   -0.006557061705490599

       12.056315      0.78539816   -0.007519653812286363
       12.056315       2.3561945   -0.007519653812284303

       12.106445      0.78539816   -0.008915531896435479
       12.106445       2.3561945   -0.008915531896435302

       12.156576      0.78539816    -0.01063991501313713
       12.156576       2.3561945    -0.01063991501313373

       12.206706      0.78539816    -0.01252884830709181
       12.206706       2.3561945    -0.01252884830709157

       12.256836      0.78539816    -0.01468147282042934
       12.256836       2.3561945    -0.01468147282043438

       12.306966      0.78539816    -0.01738038606854999
       12.306966       2.3561945    -0.01738038606854353

       12.357096      0.78539816    -0.02077186220320169
       12.357096       2.3561945    -0.02077186220319895

       12.407227      0.78539816    -0.02473248666826782
       12.407227       2.3561945    -0.02473248666826653

       12.457357      0.78539816    -0.02900585109631007
       12.457357       2.3561945    -0.02900585109630332

       12.507487      0.78539816    -0.03349127115316173
       12.507487       2.3561945    -0.03349127115316684

       12.557617      0.78539816    -0.03784298783617301
       12.557617       2.3561945    -0.03784298783617528

       12.607747      0.78539816    -0.03866924126164348
       12.607747       2.3561945    -0.03866924126164284

       12.657878      0.78539816    -0.02667784402115615
       12.657878       2.3561945    -0.02667784402116029

       12.708008      0.78539816    -0.01087190724616935
       12.708008       2.3561945    -0.01087190724618254

       12.758138      0.78539816    0.004605749815343051
       12.758138       2.3561945    0.004605749815307842

       12.808268      0.78539816     -0.5102972233751779
       12.808268       2.3561945     -0.5102972233797395

       12.858398      0.78539816                       0
       12.858398       2.3561945                       0

       12.908529      0.78539816                       0
       12.908529       2.3561945                       0

       12.958659      0.78539816                       0
       12.958659       2.3561945                       0

       13.008789      0.78539816                       0
       13.008789       2.3561945                       0

