# File created on Wed Jul  8 11:31:11 2026
# Data for Inflation GW initial data initial data at coord time 0.0377973 and central proper time 0.0377973
# Evolved with (264,10,9) gridpoints (including 4 ghosts)
# Evolution with geodesic slicing and constant shift shift condition 
# data for phi = 3.14159
#              r           theta                 S_r
#===============================================================
     0.030078125      0.78539816  -1.822993147001252e-05
     0.030078125       2.3561945  -1.822993147001252e-05

     0.090234375      0.78539816  -5.468002349692093e-05
     0.090234375       2.3561945  -5.468002349692093e-05

      0.15039062      0.78539816  -9.110081120649714e-05
      0.15039062       2.3561945  -9.110081120649714e-05

      0.21054687      0.78539816  -0.0001274727864487479
      0.21054687       2.3561945  -0.0001274727864487479

      0.27070312      0.78539816  -0.0001637764831296249
      0.27070312       2.3561945  -0.0001637764831296249

      0.33085938      0.78539816   -0.000199992493967477
      0.33085938       2.3561945   -0.000199992493967477

      0.39101563      0.78539816  -0.0002361014871715316
      0.39101563       2.3561945  -0.0002361014871715316

      0.45117188      0.78539816  -0.0002720842230395092
      0.45117188       2.3561945  -0.0002720842230395092

      0.51132813      0.78539816   -0.000307921570439128
      0.51132813       2.3561945  -0.0003079215704391281

      0.57148438      0.78539816  -0.0003435945231651529
      0.57148438       2.3561945   -0.000343594523165153

      0.63164063      0.78539816  -0.0003790842161454475
      0.63164063       2.3561945  -0.0003790842161454475

      0.69179687      0.78539816  -0.0004143719414859901
      0.69179687       2.3561945  -0.0004143719414859899

      0.75195312      0.78539816  -0.0004494391643188971
      0.75195312       2.3561945  -0.0004494391643188969

      0.81210938      0.78539816  -0.0004842675384621064
      0.81210938       2.3561945  -0.0004842675384621064

      0.87226563      0.78539816  -0.0005188389218379457
      0.87226563       2.3561945  -0.0005188389218379456

      0.93242188      0.78539816   -0.000553135391671313
      0.93242188       2.3561945  -0.0005531353916713132

      0.99257812      0.78539816  -0.0005871392594126482
      0.99257812       2.3561945  -0.0005871392594126481

       1.0527344      0.78539816  -0.0006208330853987376
       1.0527344       2.3561945  -0.0006208330853987372

       1.1128906      0.78539816  -0.0006541996932125939
       1.1128906       2.3561945  -0.0006541996932125939

       1.1730469      0.78539816     -0.0006872221837493
       1.1730469       2.3561945  -0.0006872221837492995

       1.2332031      0.78539816  -0.0007198839489377816
       1.2332031       2.3561945  -0.0007198839489377816

       1.2933594      0.78539816  -0.0007521686851452429
       1.2933594       2.3561945  -0.0007521686851452432

       1.3535156      0.78539816  -0.0007840604062152862
       1.3535156       2.3561945  -0.0007840604062152862

       1.4136719      0.78539816  -0.0008155434561440714
       1.4136719       2.3561945  -0.0008155434561440711

       1.4738281      0.78539816  -0.0008466025213726795
       1.4738281       2.3561945  -0.0008466025213726802

       1.5339844      0.78539816   -0.000877222642685728
       1.5339844       2.3561945  -0.0008772226426857279

       1.5941406      0.78539816  -0.0009073892267042142
       1.5941406       2.3561945  -0.0009073892267042139

       1.6542969      0.78539816  -0.0009370880569658336
       1.6542969       2.3561945  -0.0009370880569658337

       1.7144531      0.78539816   -0.000966305304551541
       1.7144531       2.3561945   -0.000966305304551541

       1.7746094      0.78539816  -0.0009950275383121671
       1.7746094       2.3561945  -0.0009950275383121667

       1.8347656      0.78539816   -0.001023241734602222
       1.8347656       2.3561945   -0.001023241734602222

       1.8949219      0.78539816   -0.001050935286586014
       1.8949219       2.3561945   -0.001050935286586015

       1.9550781      0.78539816   -0.001078096013055422
       1.9550781       2.3561945   -0.001078096013055422

       2.0152344      0.78539816   -0.001104712166776214
       2.0152344       2.3561945   -0.001104712166776214

       2.0753906      0.78539816   -0.001130772442359088
       2.0753906       2.3561945   -0.001130772442359088

       2.1355469      0.78539816   -0.001156265983636528
       2.1355469       2.3561945   -0.001156265983636528

       2.1957031      0.78539816    -0.00118118239051561
       2.1957031       2.3561945   -0.001181182390515609

       2.2558594      0.78539816   -0.001205511725390784
       2.2558594       2.3561945   -0.001205511725390783

       2.3160156      0.78539816   -0.001229244518982063
       2.3160156       2.3561945   -0.001229244518982063

       2.3761719      0.78539816    -0.00125237177571115
       2.3761719       2.3561945    -0.00125237177571115

       2.4363281      0.78539816   -0.001274884978544721
       2.4363281       2.3561945    -0.00127488497854472

       2.4964844      0.78539816   -0.001296776093314868
       2.4964844       2.3561945   -0.001296776093314868

       2.5566406      0.78539816   -0.001318037572552487
       2.5566406       2.3561945   -0.001318037572552488

       2.6167969      0.78539816   -0.001338662358757102
       2.6167969       2.3561945   -0.001338662358757102

       2.6769531      0.78539816   -0.001358643887195178
       2.6769531       2.3561945   -0.001358643887195178

       2.7371094      0.78539816   -0.001377976088146553
       2.7371094       2.3561945   -0.001377976088146553

       2.7972656      0.78539816   -0.001396653388645365
       2.7972656       2.3561945   -0.001396653388645365

       2.8574219      0.78539816   -0.001414670713702636
       2.8574219       2.3561945   -0.001414670713702636

       2.9175781      0.78539816   -0.001432023487032679
       2.9175781       2.3561945   -0.001432023487032679

       2.9777344      0.78539816   -0.001448707631230819
       2.9777344       2.3561945    -0.00144870763123082

       3.0378906      0.78539816   -0.001464719567489622
       3.0378906       2.3561945    -0.00146471956748962

       3.0980469      0.78539816    -0.00148005621478053
       3.0980469       2.3561945    -0.00148005621478053

       3.1582031      0.78539816   -0.001494714988547347
       3.1582031       2.3561945   -0.001494714988547349

       3.2183594      0.78539816    -0.00150869379892664
       3.2183594       2.3561945   -0.001508693798926638

       3.2785156      0.78539816   -0.001521991048431564
       3.2785156       2.3561945   -0.001521991048431564

       3.3386719      0.78539816   -0.001534605629247741
       3.3386719       2.3561945   -0.001534605629247744

       3.3988281      0.78539816   -0.001546536919929327
       3.3988281       2.3561945   -0.001546536919929325

       3.4589844      0.78539816    -0.00155778478177471
       3.4589844       2.3561945   -0.001557784781774709

       3.5191406      0.78539816   -0.001568349554621341
       3.5191406       2.3561945   -0.001568349554621343

       3.5792969      0.78539816   -0.001578232052284941
       3.5792969       2.3561945   -0.001578232052284942

       3.6394531      0.78539816    -0.00158743355749897
       3.6394531       2.3561945   -0.001587433557498969

       3.6996094      0.78539816   -0.001595955816475282
       3.6996094       2.3561945   -0.001595955816475284

       3.7597656      0.78539816   -0.001603801033020488
       3.7597656       2.3561945   -0.001603801033020488

       3.8199219      0.78539816   -0.001610971862237216
       3.8199219       2.3561945   -0.001610971862237211

       3.8800781      0.78539816   -0.001617471403868462
       3.8800781       2.3561945   -0.001617471403868463

       3.9402344      0.78539816   -0.001623303195235755
       3.9402344       2.3561945   -0.001623303195235755

       4.0003906      0.78539816   -0.001628471203777481
       4.0003906       2.3561945   -0.001628471203777477

       4.0605469      0.78539816   -0.001632979819301252
       4.0605469       2.3561945   -0.001632979819301255

       4.1207031      0.78539816   -0.001636833845816909
       4.1207031       2.3561945    -0.00163683384581691

       4.1808594      0.78539816     -0.0016400384930794
       4.1808594       2.3561945   -0.001640038493079399

       4.2410156      0.78539816   -0.001642599367795142
       4.2410156       2.3561945   -0.001642599367795141

       4.3011719      0.78539816   -0.001644522464529482
       4.3011719       2.3561945   -0.001644522464529484

       4.3613281      0.78539816   -0.001645814156328456
       4.3613281       2.3561945   -0.001645814156328455

       4.4214844      0.78539816   -0.001646481185024936
       4.4214844       2.3561945   -0.001646481185024933

       4.4816406      0.78539816   -0.001646530651344976
       4.4816406       2.3561945   -0.001646530651344973

       4.5417969      0.78539816   -0.001645970004708287
       4.5417969       2.3561945   -0.001645970004708285

       4.6019531      0.78539816   -0.001644807032805596
       4.6019531       2.3561945   -0.001644807032805598

       4.6621094      0.78539816   -0.001643049850998802
       4.6621094       2.3561945     -0.0016430498509988

       4.7222656      0.78539816    -0.00164070689143056
       4.7222656       2.3561945   -0.001640706891430558

       4.7824219      0.78539816   -0.001637786892050106
       4.7824219       2.3561945   -0.001637786892050108

       4.8425781      0.78539816   -0.001634298885352072
       4.8425781       2.3561945   -0.001634298885352068

       4.9027344      0.78539816   -0.001630252187061542
       4.9027344       2.3561945   -0.001630252187061534

       4.9628906      0.78539816   -0.001625656384579152
       4.9628906       2.3561945   -0.001625656384579154

       5.0230469      0.78539816   -0.001620521325364842
       5.0230469       2.3561945   -0.001620521325364839

       5.0832031      0.78539816   -0.001614857105169476
       5.0832031       2.3561945   -0.001614857105169473

       5.1433594      0.78539816   -0.001608674056181366
       5.1433594       2.3561945   -0.001608674056181371

       5.2035156      0.78539816   -0.001601982735076626
       5.2035156       2.3561945   -0.001601982735076624

       5.2636719      0.78539816   -0.001594793911007113
       5.2636719       2.3561945   -0.001594793911007108

       5.3238281      0.78539816   -0.001587118553540563
       5.3238281       2.3561945   -0.001587118553540566

       5.3839844      0.78539816    -0.00157896782053404
       5.3839844       2.3561945   -0.001578967820534038

       5.4441406      0.78539816   -0.001570353045994011
       5.4441406       2.3561945   -0.001570353045994005

       5.5042969      0.78539816   -0.001561285727942911
       5.5042969       2.3561945   -0.001561285727942913

       5.5644531      0.78539816   -0.001551777516258471
       5.5644531       2.3561945   -0.001551777516258473

       5.6246094      0.78539816   -0.001541840200533146
       5.6246094       2.3561945   -0.001541840200533141

       5.6847656      0.78539816   -0.001531485697996088
       5.6847656       2.3561945   -0.001531485697996084

       5.7449219      0.78539816   -0.001520726041410121
       5.7449219       2.3561945    -0.00152072604141012

       5.8050781      0.78539816   -0.001509573367114156
       5.8050781       2.3561945   -0.001509573367114151

       5.8652344      0.78539816   -0.001498039903057833
       5.8652344       2.3561945   -0.001498039903057832

       5.9253906      0.78539816   -0.001486137956936465
       5.9253906       2.3561945   -0.001486137956936468

       5.9855469      0.78539816   -0.001473879904482803
       5.9855469       2.3561945   -0.001473879904482797

       6.0457031      0.78539816   -0.001461278177753093
       6.0457031       2.3561945   -0.001461278177753091

       6.1058594      0.78539816   -0.001448345253622736
       6.1058594       2.3561945    -0.00144834525362274

       6.1660156      0.78539816   -0.001435093642406221
       6.1660156       2.3561945   -0.001435093642406222

       6.2261719      0.78539816   -0.001421535876527334
       6.2261719       2.3561945   -0.001421535876527329

       6.2863281      0.78539816   -0.001407684499485974
       6.2863281       2.3561945    -0.00140768449948597

       6.3464844      0.78539816     -0.0013935520548331
       6.3464844       2.3561945   -0.001393552054833099

       6.4066406      0.78539816   -0.001379151075463724
       6.4066406       2.3561945   -0.001379151075463724

       6.4667969      0.78539816   -0.001364494072970688
       6.4667969       2.3561945   -0.001364494072970679

       6.5269531      0.78539816   -0.001349593527260073
       6.5269531       2.3561945   -0.001349593527260072

       6.5871094      0.78539816   -0.001334461876369637
       6.5871094       2.3561945   -0.001334461876369639

       6.6472656      0.78539816    -0.00131911150642941
       6.6472656       2.3561945   -0.001319111506429407

       6.7074219      0.78539816   -0.001303554741925231
       6.7074219       2.3561945   -0.001303554741925234

       6.7675781      0.78539816   -0.001287803836138065
       6.7675781       2.3561945   -0.001287803836138063

       6.8277344      0.78539816   -0.001271870961804918
       6.8277344       2.3561945   -0.001271870961804918

       6.8878906      0.78539816   -0.001255768202075678
       6.8878906       2.3561945   -0.001255768202075678

       6.9480469      0.78539816    -0.00123950754164004
       6.9480469       2.3561945   -0.001239507541640039

       7.0082031      0.78539816   -0.001223100858167181
       7.0082031       2.3561945   -0.001223100858167179

       7.0683594      0.78539816    -0.00120655991399274
       7.0683594       2.3561945    -0.00120655991399274

       7.1285156      0.78539816   -0.001189896348012903
       7.1285156       2.3561945   -0.001189896348012903

       7.1886719      0.78539816   -0.001173121667941701
       7.1886719       2.3561945   -0.001173121667941701

       7.2488281      0.78539816   -0.001156247242746189
       7.2488281       2.3561945    -0.00115624724274619

       7.3089844      0.78539816   -0.001139284295424079
       7.3089844       2.3561945   -0.001139284295424079

       7.3691406      0.78539816   -0.001122243896023236
       7.3691406       2.3561945   -0.001122243896023236

       7.4292969      0.78539816   -0.001105136954954889
       7.4292969       2.3561945    -0.00110513695495489

       7.4894531      0.78539816   -0.001087974216603691
       7.4894531       2.3561945   -0.001087974216603688

       7.5496094      0.78539816   -0.001070766253191498
       7.5496094       2.3561945     -0.0010707662531915

       7.6097656      0.78539816   -0.001053523458984724
       7.6097656       2.3561945    -0.00105352345898473

       7.6699219      0.78539816   -0.001036256044719559
       7.6699219       2.3561945   -0.001036256044719558

       7.7300781      0.78539816   -0.001018974032397209
       7.7300781       2.3561945   -0.001018974032397213

       7.7902344      0.78539816   -0.001001687250307966
       7.7902344       2.3561945   -0.001001687250307968

       7.8503906      0.78539816  -0.0009844053283724263
       7.8503906       2.3561945    -0.00098440532837242

       7.9105469      0.78539816  -0.0009671376937989538
       7.9105469       2.3561945  -0.0009671376937989554

       7.9707031      0.78539816  -0.0009498935669761066
       7.9707031       2.3561945  -0.0009498935669761114

       8.0308594      0.78539816  -0.0009326819577118858
       8.0308594       2.3561945  -0.0009326819577118855

       8.0910156      0.78539816  -0.0009155116617360369
       8.0910156       2.3561945   -0.000915511661736042

       8.1511719      0.78539816  -0.0008983912574683784
       8.1511719       2.3561945  -0.0008983912574683792

       8.2113281      0.78539816  -0.0008813291031620096
       8.2113281       2.3561945  -0.0008813291031620059

       8.2714844      0.78539816  -0.0008643333341700804
       8.2714844       2.3561945  -0.0008643333341700819

       8.3316406      0.78539816  -0.0008474118606915879
       8.3316406       2.3561945   -0.000847411860691584

       8.3917969      0.78539816  -0.0008305723656216516
       8.3917969       2.3561945  -0.0008305723656216527

       8.4519531      0.78539816  -0.0008138223027819965
       8.4519531       2.3561945  -0.0008138223027819961

       8.5121094      0.78539816  -0.0007971688953928916
       8.5121094       2.3561945  -0.0007971688953928954

       8.5722656      0.78539816  -0.0007806191347840127
       8.5722656       2.3561945  -0.0007806191347840176

       8.6324219      0.78539816  -0.0007641797794254529
       8.6324219       2.3561945  -0.0007641797794254509

       8.6925781      0.78539816  -0.0007478573541783645
       8.6925781       2.3561945  -0.0007478573541783678

       8.7527344      0.78539816  -0.0007316581497956138
       8.7527344       2.3561945  -0.0007316581497956142

       8.8128906      0.78539816  -0.0007155882227108932
       8.8128906       2.3561945   -0.000715588222710898

       8.8730469      0.78539816  -0.0006996533950287104
       8.8730469       2.3561945  -0.0006996533950287124

       8.9332031      0.78539816  -0.0006838592547860026
       8.9332031       2.3561945  -0.0006838592547860004

       8.9933594      0.78539816   -0.000668211156427851
       8.9933594       2.3561945  -0.0006682111564278566

       9.0535156      0.78539816  -0.0006527142215294448
       9.0535156       2.3561945   -0.000652714221529446

       9.1136719      0.78539816  -0.0006373733397246648
       9.1136719       2.3561945  -0.0006373733397246615

       9.1738281      0.78539816  -0.0006221931698463224
       9.1738281       2.3561945   -0.000622193169846326

       9.2339844      0.78539816  -0.0006071781413158688
       9.2339844       2.3561945  -0.0006071781413158724

       9.2941406      0.78539816  -0.0005923324556845919
       9.2941406       2.3561945  -0.0005923324556845948

       9.3542969      0.78539816  -0.0005776600884076497
       9.3542969       2.3561945  -0.0005776600884076472

       9.4144531      0.78539816  -0.0005631647908043655
       9.4144531       2.3561945  -0.0005631647908043626

       9.4746094      0.78539816  -0.0005488500921771359
       9.4746094       2.3561945  -0.0005488500921771415

       9.5347656      0.78539816  -0.0005347193021589967
       9.5347656       2.3561945  -0.0005347193021590038

       9.5949219      0.78539816  -0.0005207755131771697
       9.5949219       2.3561945  -0.0005207755131771708

       9.6550781      0.78539816  -0.0005070216031104087
       9.6550781       2.3561945  -0.0005070216031104074

       9.7152344      0.78539816  -0.0004934602381176996
       9.7152344       2.3561945  -0.0004934602381177017

       9.7753906      0.78539816  -0.0004800938755609443
       9.7753906       2.3561945  -0.0004800938755609459

       9.8355469      0.78539816  -0.0004669247671404829
       9.8355469       2.3561945  -0.0004669247671404846

       9.8957031      0.78539816    -0.00045395496211993
       9.8957031       2.3561945  -0.0004539549621199316

       9.9558594      0.78539816   -0.000441186310687045
       9.9558594       2.3561945  -0.0004411863106870464

       10.016016      0.78539816  -0.0004286204674578111
       10.016016       2.3561945  -0.0004286204674578135

       10.076172      0.78539816  -0.0004162588950562849
       10.076172       2.3561945  -0.0004162588950562829

       10.136328      0.78539816  -0.0004041028678569895
       10.136328       2.3561945  -0.0004041028678569945

       10.196484      0.78539816   -0.000392153475759132
       10.196484       2.3561945  -0.0003921534757591372

       10.256641      0.78539816   -0.000380411628127078
       10.256641       2.3561945  -0.0003804116281270762

       10.316797      0.78539816  -0.0003688780577504902
       10.316797       2.3561945  -0.0003688780577504928

       10.376953      0.78539816   -0.000357553324934856
       10.376953       2.3561945  -0.0003575533249348543

       10.437109      0.78539816  -0.0003464378216340912
       10.437109       2.3561945  -0.0003464378216340916

       10.497266      0.78539816  -0.0003355317756669644
       10.497266       2.3561945  -0.0003355317756669673

       10.557422      0.78539816  -0.0003248352549748077
       10.557422       2.3561945  -0.0003248352549748074

       10.617578      0.78539816  -0.0003143481719607202
       10.617578       2.3561945  -0.0003143481719607197

       10.677734      0.78539816   -0.000304070287826624
       10.677734       2.3561945  -0.0003040702878266232

       10.737891      0.78539816  -0.0002940012170153276
       10.737891       2.3561945  -0.0002940012170153268

       10.798047      0.78539816  -0.0002841404316264778
       10.798047       2.3561945  -0.0002841404316264775

       10.858203      0.78539816  -0.0002744872658826582
       10.858203       2.3561945   -0.000274487265882659

       10.918359      0.78539816  -0.0002650409206416154
       10.918359       2.3561945  -0.0002650409206416133

       10.978516      0.78539816  -0.0002558004678692344
       10.978516       2.3561945  -0.0002558004678692344

       11.038672      0.78539816  -0.0002467648551722334
       11.038672       2.3561945  -0.0002467648551722352

       11.098828      0.78539816  -0.0002379329103152686
       11.098828       2.3561945   -0.000237932910315267

       11.158984      0.78539816  -0.0002293033457220521
       11.158984       2.3561945  -0.0002293033457220539

       11.219141      0.78539816  -0.0002208747630007357
       11.219141       2.3561945  -0.0002208747630007352

       11.279297      0.78539816  -0.0002126456574262896
       11.279297       2.3561945  -0.0002126456574262876

       11.339453      0.78539816  -0.0002046144224253927
       11.339453       2.3561945  -0.0002046144224253934

       11.399609      0.78539816  -0.0001967793540339072
       11.399609       2.3561945   -0.000196779354033907

       11.459766      0.78539816  -0.0001891386553237889
       11.459766       2.3561945  -0.0001891386553237894

       11.519922      0.78539816   -0.000181690440803566
       11.519922       2.3561945   -0.000181690440803566

       11.580078      0.78539816  -0.0001744327407735106
       11.580078       2.3561945  -0.0001744327407735124

       11.640234      0.78539816  -0.0001673635056610036
       11.640234       2.3561945  -0.0001673635056610048

       11.700391      0.78539816  -0.0001604806102860335
       11.700391       2.3561945  -0.0001604806102860313

       11.760547      0.78539816  -0.0001537818581002547
       11.760547       2.3561945  -0.0001537818581002546

       11.820703      0.78539816  -0.0001472649853597881
       11.820703       2.3561945  -0.0001472649853597898

       11.880859      0.78539816  -0.0001409276652497364
       11.880859       2.3561945  -0.0001409276652497365

       11.941016      0.78539816  -0.0001347675119532481
       11.941016       2.3561945  -0.0001347675119532514

       12.001172      0.78539816   -0.000128782084651183
       12.001172       2.3561945   -0.000128782084651185

       12.061328      0.78539816  -0.0001229688914594083
       12.061328       2.3561945  -0.0001229688914594076

       12.121484      0.78539816  -0.0001173253933051642
       12.121484       2.3561945  -0.0001173253933051667

       12.181641      0.78539816  -0.0001118490077198487
       12.181641       2.3561945  -0.0001118490077199035

       12.241797      0.78539816  -0.0001065371125795005
       12.241797       2.3561945  -0.0001065371125794491

       12.301953      0.78539816  -0.0001013870497454637
       12.301953       2.3561945  -0.0001013870497455201

       12.362109      0.78539816  -9.639612865021047e-05
       12.362109       2.3561945  -9.639612865021001e-05

       12.422266      0.78539816  -9.156162979297648e-05
       12.422266       2.3561945  -9.156162979297622e-05

       12.482422      0.78539816   -8.68808081517533e-05
       12.482422       2.3561945  -8.688080815175428e-05

       12.542578      0.78539816   -8.23508965265643e-05
       12.542578       2.3561945  -8.235089652656731e-05

       12.602734      0.78539816  -7.796910878407592e-05
       12.602734       2.3561945  -7.796910878407654e-05

       12.662891      0.78539816  -7.373264302366673e-05
       12.662891       2.3561945  -7.373264302366725e-05

       12.723047      0.78539816  -6.963868466285599e-05
       12.723047       2.3561945  -6.963868466285733e-05

       12.783203      0.78539816   -6.56844094209989e-05
       12.783203       2.3561945  -6.568440942099921e-05

       12.843359      0.78539816  -6.186698622919908e-05
       12.843359       2.3561945  -6.186698622919912e-05

       12.903516      0.78539816  -5.818358004762783e-05
       12.903516       2.3561945  -5.818358004762836e-05

       12.963672      0.78539816  -5.463135458433759e-05
       12.963672       2.3561945  -5.463135458433943e-05

       13.023828      0.78539816  -5.120747493945448e-05
       13.023828       2.3561945  -5.120747493945423e-05

       13.083984      0.78539816  -4.790911014712249e-05
       13.083984       2.3561945  -4.790911014712363e-05

       13.144141      0.78539816  -4.473343563319598e-05
       13.144141       2.3561945  -4.473343563319776e-05

       13.204297      0.78539816  -4.167763558238956e-05
       13.204297       2.3561945   -4.16776355823879e-05

       13.264453      0.78539816  -3.873890521342538e-05
       13.264453       2.3561945  -3.873890521342683e-05

       13.324609      0.78539816  -3.591445296800871e-05
       13.324609       2.3561945  -3.591445296800826e-05

       13.384766      0.78539816  -3.320150260141645e-05
       13.384766       2.3561945  -3.320150260141437e-05

       13.444922      0.78539816   -3.05972951994083e-05
       13.444922       2.3561945   -3.05972951994098e-05

       13.505078      0.78539816  -2.809909109155695e-05
       13.505078       2.3561945  -2.809909109155868e-05

       13.565234      0.78539816  -2.570417168550601e-05
       13.565234       2.3561945  -2.570417168550652e-05

       13.625391      0.78539816   -2.34098412131231e-05
       13.625391       2.3561945  -2.340984121312324e-05

       13.685547      0.78539816  -2.121342838470719e-05
       13.685547       2.3561945  -2.121342838470738e-05

       13.745703      0.78539816  -1.911228797043356e-05
       13.745703       2.3561945  -1.911228797043428e-05

       13.805859      0.78539816  -1.710380228155058e-05
       13.805859       2.3561945   -1.71038022815512e-05

       13.866016      0.78539816  -1.518538258436391e-05
       13.866016       2.3561945  -1.518538258436446e-05

       13.926172      0.78539816  -1.335447041928826e-05
       13.926172       2.3561945  -1.335447041928743e-05

       13.986328      0.78539816  -1.160853885067949e-05
       13.986328       2.3561945  -1.160853885068064e-05

       14.046484      0.78539816  -9.945093622803604e-06
       14.046484       2.3561945  -9.945093622803971e-06

       14.106641      0.78539816  -8.361674269170971e-06
       14.106641       2.3561945  -8.361674269170586e-06

       14.166797      0.78539816  -6.855855065785496e-06
       14.166797       2.3561945  -6.855855065788197e-06

       14.226953      0.78539816  -5.425246119793462e-06
       14.226953       2.3561945  -5.425246119792643e-06

       14.287109      0.78539816  -4.067493840237572e-06
       14.287109       2.3561945  -4.067493840236123e-06

       14.347266      0.78539816  -2.780282715197703e-06
       14.347266       2.3561945  -2.780282715198208e-06

       14.407422      0.78539816  -1.561333571510162e-06
       14.407422       2.3561945  -1.561333571510965e-06

       14.467578      0.78539816  -4.084103510684057e-07
       14.467578       2.3561945  -4.084103510687202e-07

       14.527734      0.78539816    6.80694394287168e-07
       14.527734       2.3561945   6.806943942877969e-07

       14.587891      0.78539816   1.708122362070387e-06
       14.587891       2.3561945   1.708122362070532e-06

       14.648047      0.78539816   2.676042213721684e-06
       14.648047       2.3561945   2.676042213722415e-06

       14.708203      0.78539816   3.586309183085217e-06
       14.708203       2.3561945   3.586309183085178e-06

       14.768359      0.78539816    4.44246126340526e-06
       14.768359       2.3561945   4.442461263404651e-06

       14.828516      0.78539816   5.239133370081059e-06
       14.828516       2.3561945   5.239133370080823e-06

       14.888672      0.78539816   5.964720452345771e-06
       14.888672       2.3561945    5.96472045234576e-06

       14.948828      0.78539816   7.222067565018037e-06
       14.948828       2.3561945   7.222067565016849e-06

       15.008984      0.78539816   3.874722634829213e-06
       15.008984       2.3561945   3.874722634828715e-06

       15.069141      0.78539816   1.536106453078061e-05
       15.069141       2.3561945    1.53610645307812e-05

       15.129297      0.78539816   0.0001495652289304387
       15.129297       2.3561945   0.0001495652289304385

       15.189453      0.78539816   -0.001764238664244162
       15.189453       2.3561945   -0.001764238664244154

       15.249609      0.78539816    -0.00136709268543648
       15.249609       2.3561945    -0.00136709268543646

       15.309766      0.78539816    0.004088033335771418
       15.309766       2.3561945     0.00408803333577153

       15.369922      0.78539816      -9.483921517598642
       15.369922       2.3561945      -9.483921517598628

       15.430078      0.78539816                       0
       15.430078       2.3561945                       0

       15.490234      0.78539816                       0
       15.490234       2.3561945                       0

       15.550391      0.78539816                       0
       15.550391       2.3561945                       0

       15.610547      0.78539816                       0
       15.610547       2.3561945                       0

