# File created on Wed Jul  8 11:33:17 2026
# ======================================== 
# = Running code assuming AXISYMMETRY    = 
# ======================================== 
# Data for Inflation GW initial data initial data at coord. time 0.188986 and proper central time 0.188986
# Evolved with (264,10,9) gridpoints (including 4 ghosts)
# Evolution with geodesic slicing and constant shift
# using eighth-order spatial differencing with 4 ghost zones 
# data 1 at theta = 0 and phi = 3.14159
# data 2 at theta = 1.5708 and phi = 3.14159
#                      r                     S_r                     S_r
#                               (     0,3.14159)        (1.5708,3.14159)
#========================================================================
            -0.210546875   0.0006095925918661085   0.0006095925918661086
            -0.150390625   0.0004356572190118516   0.0004356572190118516
    -0.09023437500000001   0.0002614879492334527   0.0002614879492334526
            -0.030078125   8.717825693514467e-05   8.717825693514467e-05
             0.030078125  -8.717825693514467e-05  -8.717825693514467e-05
     0.09023437500000001  -0.0002614879492334526  -0.0002614879492334526
             0.150390625  -0.0004356572190118516  -0.0004356572190118516
             0.210546875  -0.0006095925918661086  -0.0006095925918661086
             0.270703125  -0.0007832008040659202  -0.0007832008040659201
             0.330859375  -0.0009563888864242632  -0.0009563888864242633
             0.391015625    -0.00112906424772262    -0.00112906424772262
             0.451171875   -0.001301134757582694   -0.001301134757582694
             0.511328125   -0.001472508828710442   -0.001472508828710442
             0.571484375    -0.00164309549833923    -0.00164309549833923
      0.6316406250000001    -0.00181280450879283   -0.001812804508792831
             0.691796875    -0.00198154638703918   -0.001981546387039179
             0.751953125   -0.002149232523151878   -0.002149232523151878
             0.812109375   -0.002315775247535155   -0.002315775247535156
             0.872265625   -0.002481087906849508   -0.002481087906849508
      0.9324218750000001   -0.002645084938480668   -0.002645084938480669
             0.992578125   -0.002807681943542458   -0.002807681943542458
             1.052734375   -0.002968795758227593   -0.002968795758227591
             1.112890625   -0.003128344523469522   -0.003128344523469522
             1.173046875   -0.003286247752829399   -0.003286247752829397
             1.233203125   -0.003442426398512293   -0.003442426398512298
             1.293359375   -0.003596802915430344   -0.003596802915430343
             1.353515625   -0.003749301323255756   -0.003749301323255753
             1.413671875   -0.003899847266395691   -0.003899847266395691
             1.473828125   -0.004048368071818274   -0.004048368071818275
             1.533984375   -0.004194792804655641   -0.004194792804655641
             1.594140625   -0.004339052321555122   -0.004339052321555117
             1.654296875   -0.004481079321754041   -0.004481079321754041
             1.714453125   -0.004620808395728557   -0.004620808395728557
             1.774609375   -0.004758176071513264   -0.004758176071513265
             1.834765625   -0.004893120858549115   -0.004893120858549115
             1.894921875   -0.005025583289094216   -0.005025583289094216
             1.955078125   -0.005155505957119314   -0.005155505957119309
             2.015234375   -0.005282833554739507   -0.005282833554739503
             2.075390625   -0.005407512906056132   -0.005407512906056136
             2.135546875   -0.005529492998518561   -0.005529492998518566
             2.195703125    -0.00564872501169705   -0.005648725011697043
             2.255859375   -0.005765162343532599   -0.005765162343532595
             2.316015625   -0.005878760634014805    -0.00587876063401481
             2.376171875   -0.005989477786317318   -0.005989477786317305
             2.436328125   -0.006097273985382363   -0.006097273985382366
             2.496484375   -0.006202111714012763   -0.006202111714012656
             2.556640625   -0.006303955766385694   -0.006303955766385802
             2.616796875   -0.006402773259156682   -0.006402773259156563
             2.676953125   -0.006498533639989566   -0.006498533639989562
             2.737109375   -0.006591208693704765   -0.006591208693704761
             2.797265625   -0.006680772546010563   -0.006680772546010577
             2.857421875   -0.006767201664768768   -0.006767201664768768
             2.917578125   -0.006850474859012184   -0.006850474859012183
             2.977734375   -0.006930573275534611   -0.006930573275534611
             3.037890625   -0.007007480393253594   -0.007007480393253584
             3.098046875   -0.007081182015325711   -0.007081182015325715
             3.158203125   -0.007151666259037097   -0.007151666259037105
             3.218359375   -0.007218923543593898   -0.007218923543593893
             3.278515625   -0.007282946575647074    -0.00728294657564706
             3.338671875   -0.007343730333056013   -0.007343730333056011
             3.398828125    -0.00740127204622598    -0.00740127204622597
             3.458984375   -0.007455571177896636   -0.007455571177896634
             3.519140625   -0.007506629400718128   -0.007506629400718143
             3.579296875   -0.007554450573100672   -0.007554450573100672
             3.639453125   -0.007599040713285728    -0.00759904071328573
             3.699609375    -0.00764040797156998    -0.00764040797156996
             3.759765625   -0.007678562600923337   -0.007678562600923334
             3.819921875   -0.007713516925953224    -0.00771351692595321
             3.880078125   -0.007745285310263683   -0.007745285310263673
             3.940234375   -0.007773884122312714   -0.007773884122312735
       4.000390625000001    -0.00779933169982968   -0.007799331699829663
             4.060546875   -0.007821648312836684   -0.007821648312836667
             4.120703125   -0.007840856125220532   -0.007840856125220522
             4.180859375    -0.00785697915525041    -0.00785697915525041
             4.241015625    -0.00787004323460142   -0.007870043234601415
       4.301171875000001   -0.007880075966444309   -0.007880075966444291
             4.361328125   -0.007887106682278482   -0.007887106682278447
             4.421484375   -0.007891166397841872   -0.007891166397841843
             4.481640625   -0.007892287767935406   -0.007892287767935397
             4.541796875    -0.00789050504043423   -0.007890505040434381
       4.601953125000001   -0.007885854009293336   -0.007885854009293296
             4.662109375   -0.007878371966921684   -0.007878371966921488
             4.722265625    -0.00786809765567352   -0.007868097655673492
             4.782421875   -0.007855071218748771   -0.007855071218748753
             4.842578125   -0.007839334150403405   -0.007839334150403372
       4.902734375000001   -0.007820929245637698   -0.007820929245637685
             4.962890625   -0.007799900549331374   -0.007799900549331353
             5.023046875   -0.007776293305010581    -0.00777629330501052
             5.083203125   -0.007750153903090377   -0.007750153903090369
             5.143359375    -0.00772152982890422    -0.00772152982890422
       5.203515625000001   -0.007690469610382777   -0.007690469610382739
             5.263671875    -0.00765702276551834    -0.00765702276551831
             5.323828125   -0.007621239749631647   -0.007621239749631639
             5.383984375   -0.007583171902630195   -0.007583171902630182
             5.444140625   -0.007542871395969881    -0.00754287139596984
       5.504296875000001   -0.007500391179889207   -0.007500391179889168
             5.564453125   -0.007455784930466725   -0.007455784930466704
             5.624609375   -0.007409106996801538   -0.007409106996801524
             5.684765625    -0.00736041234847705   -0.007360412348477045
             5.744921875   -0.007309756522972746   -0.007309756522972702
       5.805078125000001   -0.007257195573499763   -0.007257195573499734
             5.865234375   -0.007202786017092047   -0.007202786017092032
             5.925390625    -0.00714658478287909   -0.007146584782879061
             5.985546875   -0.007088649160956358   -0.007088649160956348
             6.045703125   -0.007029036751440734     -0.0070290367514407
       6.105859375000001   -0.006967805414202249   -0.006967805414202192
             6.166015625   -0.006905013218924705   -0.006905013218924659
             6.226171875   -0.006840718395759684   -0.006840718395759674
             6.286328125   -0.006774979286676196   -0.006774979286676173
             6.346484375   -0.006707854297198932     -0.0067078542971989
       6.406640625000001   -0.006639401849050726   -0.006639401849050713
             6.466796875   -0.006569680333282693   -0.006569680333282684
             6.526953125   -0.006498748064302331   -0.006498748064302336
             6.587109375   -0.006426663234508216    -0.00642666323450815
             6.647265625   -0.006353483869848614   -0.006353483869848568
       6.707421875000001   -0.006279267786114879    -0.00627926778611487
             6.767578125   -0.006204072546166791   -0.006204072546166777
             6.827734375   -0.006127955417925304   -0.006127955417925276
             6.887890625   -0.006050973333449966   -0.006050973333449713
             6.948046875   -0.005973182848768335   -0.005973182848768036
       7.008203125000001   -0.005894640104788455   -0.005894640104788389
             7.068359375   -0.005815400789165352   -0.005815400789165022
             7.128515625   -0.005735520099132684   -0.005735520099132622
             7.188671875   -0.005655052705451712    -0.00565505270545167
             7.248828125   -0.005574052717292005   -0.005574052717291997
       7.308984375000001    -0.00549257364827389   -0.005492573648273928
             7.369140625   -0.005410668383549003   -0.005410668383548995
             7.429296875   -0.005328389147972274   -0.005328389147972266
             7.489453125   -0.005245787475405903   -0.005245787475405971
             7.549609375   -0.005162914179108417   -0.005162914179108408
       7.609765625000001   -0.005079819323338662   -0.005079819323338635
             7.669921875   -0.004996552195995453    -0.00499655219599549
             7.730078125   -0.004913161282488283   -0.004913161282488322
             7.790234375   -0.004829694240765093   -0.004829694240765008
             7.850390625   -0.004746197877442459   -0.004746197877442516
       7.910546875000001   -0.004662718125212355   -0.004662718125212416
             7.970703125   -0.004579300021306873   -0.004579300021306916
             8.030859375   -0.004495987687248629   -0.004495987687248643
       8.091015625000001   -0.004412824309724207   -0.004412824309724225
       8.151171875000001   -0.004329852122603847    -0.00432985212260385
             8.211328125   -0.004247112390258202   -0.004247112390258231
             8.271484375   -0.004164645391900466   -0.004164645391900453
             8.331640625   -0.004082490407230758   -0.004082490407230781
       8.391796875000001   -0.004000685703181391   -0.004000685703182082
       8.451953125000001    -0.00391926852182355   -0.003919268521822934
             8.512109375   -0.003838275069464035   -0.003838275069463542
             8.572265625   -0.003757740506879062   -0.003757740506880205
             8.632421875   -0.003677698940663638   -0.003677698940661812
       8.692578125000001   -0.003598183415761758   -0.003598183415762551
       8.752734375000001   -0.003519225909030226   -0.003519225909030391
             8.812890625   -0.003440857324051362   -0.003440857324051378
             8.873046875   -0.003363107486856914   -0.003363107486856965
             8.933203125   -0.003286005142926342   -0.003286005142926375
       8.993359375000001    -0.00320957795507083   -0.003209577955070867
       9.053515625000001   -0.003133852502524829   -0.003133852502524836
             9.113671875    -0.00305885428096353   -0.003058854280963529
             9.173828125   -0.002984607703604257   -0.002984607703604245
             9.233984375   -0.002911136103260916   -0.002911136103260894
       9.294140625000001   -0.002838461735414843   -0.002838461735414878
       9.354296875000001   -0.002766605782233966   -0.002766605782234027
             9.414453125   -0.002695588357541118    -0.00269558835754116
             9.474609375   -0.002625428512672998    -0.00262542851267304
             9.534765625   -0.002556144243313753   -0.002556144243313832
       9.594921875000001   -0.002487752497093797   -0.002487752497093814
       9.655078125000001   -0.002420269182141722   -0.002420269182141724
             9.715234375   -0.002353709176441472   -0.002353709176441521
             9.775390625   -0.002288086337944646   -0.002288086337944653
             9.835546875   -0.002223413515538114    -0.00222341351553812
       9.895703125000001   -0.002159702560731793   -0.002159702560731838
       9.955859375000001   -0.002096964340052493   -0.002096964340052528
            10.016015625   -0.002035208748240174   -0.002035208748240203
            10.076171875   -0.001974444721956046   -0.001974444721956075
            10.136328125   -0.001914680254363055   -0.001914680254363059
            10.196484375   -0.001855922410089916   -0.001855922410089834
            10.256640625   -0.001798177341003717    -0.00179817734100399
            10.316796875   -0.001741450302423207   -0.001741450302423171
            10.376953125   -0.001685745669908788   -0.001685745669908778
            10.437109375   -0.001631066956581741   -0.001631066956581762
            10.497265625    -0.00157741683091026   -0.001577416830910295
            10.557421875   -0.001524797134933927   -0.001524797134933941
            10.617578125   -0.001473208902987817   -0.001473208902987699
            10.677734375   -0.001422652380699007   -0.001422652380699335
            10.737890625   -0.001373127044497174   -0.001373127044497043
            10.798046875   -0.001324631621331432   -0.001324631621331415
            10.858203125   -0.001277164108800188   -0.001277164108800173
            10.918359375   -0.001230721795505573   -0.001230721795505567
            10.978515625   -0.001185301281672649   -0.001185301281672676
            11.038671875   -0.001140898500000421    -0.00114089850000043
            11.098828125   -0.001097508736710315    -0.00109750873671029
            11.158984375   -0.001055126652738418   -0.001055126652738429
            11.219140625   -0.001013746305104907   -0.001013746305104893
            11.279296875  -0.0009733611683607606   -0.000973361168360712
            11.339453125  -0.0009339641561302775  -0.0009339641561302913
            11.399609375  -0.0008955476427263057  -0.0008955476427263411
            11.459765625  -0.0008581034847496281   -0.000858103484749609
            11.519921875   -0.000821623042763723  -0.0008216230427637353
            11.580078125  -0.0007860972028641165  -0.0007860972028641381
            11.640234375  -0.0007515163982735634  -0.0007515163982735553
            11.700390625  -0.0007178706308119913  -0.0007178706308120944
            11.760546875  -0.0006851494922959515  -0.0006851494922958056
            11.820703125  -0.0006533421858158533  -0.0006533421858159394
            11.880859375  -0.0006224375468557449   -0.000622437546855553
            11.941015625  -0.0005924240642570936   -0.000592424064257464
            12.001171875   -0.000563289901000239  -0.0005632899010001692
            12.061328125  -0.0005350229147521744   -0.000535022914752199
            12.121484375  -0.0005076106782241305  -0.0005076106782241567
            12.181640625   -0.000481040499221584  -0.0004810404992216432
            12.241796875  -0.0004552994405091037  -0.0004552994405091235
            12.301953125  -0.0004303743392852177  -0.0004303743392852673
            12.362109375  -0.0004062518264530133  -0.0004062518264530035
            12.422265625  -0.0003829183455042034  -0.0003829183455042397
            12.482421875  -0.0003603601710876433  -0.0003603601710876454
            12.542578125  -0.0003385634272386408  -0.0003385634272386775
            12.602734375  -0.0003175141052258886    -0.00031751410522593
            12.662890625  -0.0002971980810212962  -0.0002971980810212986
            12.723046875  -0.0002776011324052309  -0.0002776011324052266
            12.783203125    -0.00025870895562468  -0.0002587089556247462
            12.843359375  -0.0002405071816835827  -0.0002405071816835884
            12.903515625  -0.0002229813921882738  -0.0002229813921882834
            12.963671875  -0.0002061171347549801  -0.0002061171347549836
            13.023828125  -0.0001898999380115742  -0.0001898999380115993
            13.083984375  -0.0001743153261139266  -0.0001743153261139417
            13.144140625  -0.0001593488328404433  -0.0001593488328404205
            13.204296875  -0.0001449860152091545  -0.0001449860152091581
            13.264453125  -0.0001312124666528598  -0.0001312124666527204
            13.324609375  -0.0001180138297112817  -0.0001180138297114034
            13.384765625  -0.0001053758082637801  -0.0001053758082636836
            13.444921875  -9.328417929852344e-05  -9.328417929852311e-05
            13.505078125  -8.172480418509324e-05  -8.172480418511416e-05
            13.565234375  -7.068363951659987e-05  -7.068363951661879e-05
            13.625390625   -6.01467474402691e-05  -6.014674744026829e-05
            13.685546875  -5.010030553697765e-05  -5.010030553698119e-05
            13.745703125  -4.053061623691867e-05  -4.053061623691995e-05
            13.805859375  -3.142411575177194e-05  -3.142411575178771e-05
            13.866015625  -2.276738256152742e-05  -2.276738256154599e-05
            13.926171875  -1.454714542841921e-05   -1.45471454284217e-05
            13.986328125  -6.750290964520981e-06  -6.750290964518855e-06
            14.046484375   6.361292713521837e-07   6.361292713254919e-07
            14.106640625   7.624891988159631e-06   7.624891988174738e-06
            14.166796875   1.422859626444276e-05   1.422859626429574e-05
            14.226953125   2.045965906778914e-05   2.045965906786532e-05
            14.287109375   2.633029057658978e-05   2.633029057653132e-05
            14.347265625   3.185257460555506e-05   3.185257460568564e-05
            14.407421875   3.703852645388582e-05   3.703852645377358e-05
            14.467578125   4.189695859904341e-05   4.189695859911837e-05
            14.527734375    4.64518252365675e-05    4.64518252365901e-05
            14.587890625   5.071699706529651e-05   5.071699706530638e-05
            14.648046875   5.434950764987673e-05   5.434950764988947e-05
            14.708203125   5.928213704808507e-05   5.928213704809158e-05
            14.768359375   6.361886550756872e-05   6.361886550756652e-05
            14.828515625   3.461814561903255e-05   3.461814561902877e-05
            14.888671875   0.0001715324733750259   0.0001715324733750427
            14.948828125   0.0002426648697961978   0.0002426648697963007
            15.008984375   -0.003605341839563164   -0.003605341839563053
            15.069140625    -0.07042699079042836    -0.07042699079039492
            15.129296875      -11297467.73415019      -11297467.73410042
            15.189453125      -1013385237.223262       -1013385237.21886
            15.249609375      -25993509826.37389      -25993509826.26852
            15.309765625       -1504689672732708       -1504689672726606
            15.369921875  5.261790402320784e+141  5.261790402113248e+141
            15.430078125                       0                       0
            15.490234375                       0                       0
            15.550390625                       0                       0
            15.610546875                       0                       0
