# File created on Wed Jul  8 11:31:18 2026
# ======================================== 
# = Running code assuming AXISYMMETRY    = 
# ======================================== 
# Data for Inflation GW initial data initial data at coord. time 1.12447 and proper central time 1.12447
# Evolved with (264,10,9) gridpoints (including 4 ghosts)
# Evolution with geodesic slicing and constant shift
# using eighth-order spatial differencing with 4 ghost zones 
# data 1 at theta = 0 and phi = 3.14159
# data 2 at theta = 1.5708 and phi = 3.14159
#                      r                     S_t                     S_t
#                               (     0,3.14159)        (1.5708,3.14159)
#========================================================================
     -0.1754557291666667                       0  -5.277060858749484e-17
     -0.1253255208333333                       0  -1.847447337684503e-16
           -0.0751953125                       0  -1.583798621373237e-16
    -0.02506510416666667                       0  -1.847924028567764e-16
     0.02506510416666667                       0  -1.847924028567764e-16
            0.0751953125                       0  -1.583798621373237e-16
      0.1253255208333333                       0  -1.847447337684503e-16
      0.1754557291666667                       0  -5.277060858749484e-17
            0.2255859375                       0   2.637625141506272e-17
      0.2757161458333334                       0  -3.163795024790753e-16
      0.3258463541666667                       0  -1.054057642324689e-16
            0.3759765625                       0  -1.580143037441624e-16
      0.4261067708333334                       0  -2.631780850665448e-16
      0.4762369791666667   1.232595164407831e-32    -1.3148869373384e-16
            0.5263671875                       0                       0
      0.5764973958333334                       0   7.875367909521463e-17
      0.6266276041666667                       0  -5.244969058966499e-17
            0.6767578125                       0  -5.239285229845129e-17
      0.7268880208333334   3.081487911019577e-33  -1.046640230253069e-16
      0.7770182291666667                       0  -7.840087001872382e-17
            0.8271484375                       0  -1.043972793718065e-16
      0.8772786458333334  -3.081487911019577e-33  -1.303156933145377e-16
      0.9274088541666667                       0                       0
            0.9775390625                       0  -1.039413012183567e-16
       1.027669270833333  -1.232595164407831e-32  -1.297189245597526e-16
       1.077799479166667                       0   -5.18011045436576e-17
            1.1279296875                       0   2.585567754238896e-17
       1.178059895833333                       0  -1.806644855556511e-16
       1.228190104166667                       0  -5.152241787283278e-17
            1.2783203125                       0  -5.142344266975011e-17
       1.328450520833333                       0  -1.539648235158174e-16
       1.378580729166667                       0  -7.682553565201677e-17
            1.4287109375                       0  -5.110980195082027e-17
       1.478841145833333                       0  -2.550002735122416e-17
       1.528971354166667                       0   2.544394744217045e-17
            1.5791015625                       0  -5.077343563559841e-17
       1.629231770833333                       0   5.065679011112871e-17
       1.679361979166667                       0  -7.580710684073044e-17
            1.7294921875                       0   2.520869570670244e-17
       1.779622395833333                       0                       0
       1.829752604166667                       0   7.525589228176326e-17
            1.8798828125                       0                       0
       1.930013020833333                       0  -1.497518437500083e-16
       1.980143229166667                       0  -1.493653497349233e-16
            2.0302734375  -6.162975822039155e-33  -7.448746378272061e-17
       2.080403645833333   1.540743955509789e-33  -4.952696188295011e-17
       2.130533854166667  -2.465190328815662e-32  -2.716697975418913e-16
            2.1806640625   1.925929944387236e-34  -2.463052390074672e-17
       2.230794270833333   5.777789833161708e-34  -2.456333760572174e-17
       2.280924479166667                       0  -2.449574205556028e-17
            2.3310546875                       0  -2.442778249223032e-17
       2.381184895833333                       0   4.871900543727005e-17
       2.431315104166667                       0  -4.858189008320484e-17
            2.4814453125                       0  -7.266645065836204e-17
       2.531575520833333                       0                       0
       2.581705729166667                       0   9.633601660353643e-17
            2.6318359375                       0   4.802945255206407e-17
       2.681966145833333                       0                       0
       2.732096354166667                       0   7.162779451570597e-17
            2.7822265625                       0   1.428388658669154e-16
       2.832356770833333                       0                       0
       2.882486979166667                       0  -7.100280365131509e-17
            2.9326171875                       0  -4.719646188470731e-17
       2.982747395833333  -1.232595164407831e-32  -1.176446889580791e-16
       3.032877604166667                       0   2.345974335652451e-17
            3.0830078125                       0                       0
       3.133138020833333                       0   4.664345571746679e-17
       3.183268229166667                       0   2.325294084562412e-17
            3.2333984375                       0   4.636864131888353e-17
       3.283528645833333                       0  -6.934763938170176e-17
       3.333658854166667                       0   9.219051580435293e-17
            3.3837890625                       0                       0
       3.433919270833333   1.232595164407831e-32   1.374703876681967e-16
       3.484049479166667  -1.540743955509789e-33   6.853229113245003e-17
            3.5341796875                       0   1.366600684087331e-16
       3.584309895833333                       0   4.541895274280815e-17
       3.634440104166667                       0   -9.05699692407313e-17
            3.6845703125  -6.162975822039155e-33   6.772717380983524e-17
       3.734700520833333   6.162975822039155e-33   6.752751108636727e-17
       3.784830729166667                       0    2.24428251220986e-17
            3.8349609375                       0  -2.237668287566631e-17
       3.885091145833333                       0                       0
       3.935221354166667                       0   -2.22449758268301e-17
            3.9853515625                       0                       0
       4.035481770833334                       0   1.769117731351686e-16
       4.085611979166667                       0   1.102435136947489e-16
            4.1357421875                       0   1.319014224592117e-16
       4.185872395833334                       0   6.575567666293348e-17
       4.236002604166667  -6.162975822039155e-33   2.622438140986734e-16
            4.2861328125   1.540743955509789e-33   1.960994617929452e-16
       4.336263020833334                       0   1.737925864253494e-16
       4.386393229166667                       0   3.032310876238645e-16
            4.4365234375                       0   1.943521012667578e-16
       4.486653645833334  -2.465190328815662e-32   2.583599326808886e-16
       4.536783854166667   6.162975822039155e-33   2.361181834402504e-16
            4.5869140625                       0   3.638091570130146e-16
       4.637044270833334                       0   2.773643205240962e-16
       4.687174479166667  -2.465190328815662e-32   2.765203791409493e-16
            4.7373046875   3.081487911019577e-33   1.484402937238397e-16
       4.787434895833334  -1.848892746611746e-32   2.748273206746769e-16
       4.837565104166667                       0   1.686015281714062e-16
            4.8876953125                       0   3.151441698411037e-16
       4.937825520833334                       0   2.303817439854973e-16
       4.987955729166667                       0    2.92287970579789e-16
            5.0380859375  -3.081487911019577e-32    2.70547330948582e-16
       5.088216145833334  -1.232595164407831e-32   1.452123921512142e-16
       5.138346354166667                       0   1.860980799281842e-16
            5.1884765625                       0   1.030505661242291e-16
       5.238606770833334                       0   1.643379420410918e-16
       5.288736979166667                       0   1.637913748015948e-16
            5.3388671875   1.232595164407831e-32   1.428358349289824e-16
       5.388997395833334                       0   1.626864303949991e-16
       5.439127604166667                       0    2.22925386771958e-16
            5.4892578125                       0   1.413685671017396e-16
       5.539388020833334                       0   2.414936272266218e-16
       5.589518229166667                       0   2.005279167609321e-16
            5.6396484375                       0     2.7972626476274e-16
       5.689778645833334   2.465190328815662e-32    2.38888876687141e-16
       5.739908854166667                       0   5.950091654832799e-17
            5.7900390625                       0   1.975911578403361e-16
       5.840169270833334                       0   1.968380864899879e-16
       5.890299479166667                       0   1.176461369039816e-16
            5.9404296875                       0   1.562458477457754e-16
       5.990559895833334                       0   1.750761582575528e-16
       6.040690104166667  -2.465190328815662e-32   2.712386615866586e-16
            6.0908203125   6.162975822039155e-33    2.70123795162285e-16
       6.140950520833334                       0   9.606991137241634e-17
       6.191080729166667                       0   1.913244318162475e-16
            6.2412109375   6.162975822039155e-33    2.28599005044101e-16
       6.291341145833334                       0   5.689914759676359e-17
       6.341471354166667                       0   1.888181907172916e-17
            6.3916015625                       0   1.221753475144228e-16
       6.441731770833334                       0    7.48381157426637e-17
       6.491861979166667                       0                       0
            6.5419921875                       0   8.339807121744629e-17
       6.592122395833334   6.162975822039155e-33   6.455024779020338e-17
       6.642252604166667  -7.703719777548943e-34   9.175911372262666e-18
            6.6923828125   7.703719777548943e-34  -9.129788328845559e-18
       6.742513020833334                       0   8.174780297650244e-17
       6.792643229166667                       0   5.421485427715107e-17
            6.8427734375   1.540743955509789e-33   -1.79758868741723e-17
       6.892903645833334   7.703719777548943e-34  -8.939488650839045e-18
       6.943033854166667                       0   8.890441577581716e-18
            6.9931640625                       0  -6.188559817233749e-17
       7.043294270833334                       0  -9.669617414441032e-17
       7.093424479166667                       0  -3.495889998122457e-17
            7.1435546875                       0  -9.557119291100319e-17
       7.193684895833334                       0  -1.122713423606695e-16
       7.243815104166667                       0  -1.030035135707414e-16
            7.2939453125                       0  -1.706079710633826e-17
       7.344075520833334   1.540743955509789e-33  -1.695315232724393e-17
       7.394205729166667   2.311115933264683e-33  -3.368864529284137e-17
            7.4443359375                       0  -8.367156946708473e-18
       7.494466145833334                       0   3.324626594484792e-17
       7.544596354166667                       0   5.778775739347309e-17
            7.5947265625                       0    4.91918622003255e-17
       7.644856770833334                       0   3.256528319274332e-17
       7.694986979166667                       0   4.041715309062246e-17
            7.7451171875  -1.925929944387236e-34   8.024979006159865e-18
       7.795247395833334                       0  -7.965972220957755e-18
       7.845377604166667                       0   3.162566763711412e-17
            7.8955078125                       0                       0
       7.945638020833334  -6.162975822039155e-33   7.007120173277968e-17
       7.995768229166667   7.703719777548943e-34  -2.317359470665385e-17
            8.0458984375   3.081487911019577e-33   -3.06514219356511e-17
       8.096028645833334  -7.703719777548943e-34   7.600669024022487e-18
       8.146158854166668                       0                       0
            8.1962890625                       0  -5.232359221519241e-17
       8.246419270833334                       0  -5.928906113503396e-17
       8.296549479166668  -7.703719777548943e-34  -7.346990826539379e-18
            8.3466796875                       0   2.912953003774197e-17
       8.396809895833334                       0   1.443463370032823e-17
       8.446940104166668                       0  -2.145540922096527e-17
            8.4970703125                       0  -2.125755133125297e-17
       8.547200520833334                       0   7.019468237660497e-18
       8.597330729166668                       0  -2.085799716327746e-17
            8.6474609375   6.162975822039155e-33  -6.196906911489371e-17
       8.697591145833334                       0   -6.81783661661021e-17
       8.747721354166668  -6.162975822039155e-33  -7.424811117015226e-17
            8.7978515625                       0  -5.345148899290448e-17
       8.847981770833334  -3.081487911019577e-33  -1.322533797210862e-16
       8.898111979166668                       0  -9.160949829670528e-17
            8.9482421875  -3.081487911019577e-33  -1.035847120174469e-16
       8.998372395833334   3.081487911019577e-33   -8.96588572663565e-17
       9.048502604166668                       0  -7.600827054816303e-17
            9.0986328125                       0   -2.50540313731249e-17
       9.148763020833334   6.162975822039155e-33  -6.811934512159846e-17
       9.198893229166668   1.540743955509789e-33  -1.836452925833461e-17
            9.2490234375                       0  -6.050041165341771e-18
       9.299153645833334  -3.081487911019577e-33  -2.989134501308277e-17
       9.349283854166668                       0  -2.362480012658299e-17
            9.3994140625                       0  -3.500304452490191e-17
       9.449544270833334   1.540743955509789e-33  -1.728359220612832e-17
       9.499674479166668   1.925929944387236e-34  -5.688275934480296e-18
            9.5498046875   3.851859888774472e-34   1.123016407313966e-17
       9.599934895833334                       0   3.879134783474141e-17
       9.650065104166668                       0  -2.733949160365264e-17
            9.7001953125  -7.703719777548943e-34   3.236351105735588e-17
       9.750325520833334   7.703719777548943e-34  -2.659843144441085e-17
       9.800455729166668                       0  -2.098082400890881e-17
            9.8505859375                       0    5.17048174078861e-17
       9.900716145833334                       0   3.566862146340795e-17
       9.950846354166668   1.155557966632342e-33  -1.506094934670382e-17
           10.0009765625                       0  -1.977952968933281e-17
       10.05110677083333                       0  -2.921531071483755e-17
       10.10123697916667                       0  -9.586655045836048e-18
           10.1513671875                       0   1.415163730673655e-17
       10.20149739583333                       0   2.784525496000999e-17
       10.25162760416667                       0   4.564320183873166e-18
           10.3017578125                       0   1.346264359391253e-17
       10.35188802083333  -7.703719777548943e-34  -8.821122230770388e-18
       10.40201822916667                       0  -4.333362091691993e-18
           10.4521484375                       0  -8.511905758812567e-18
       10.50227864583333  -3.851859888774472e-34  -4.178335516685737e-18
       10.55240885416667                       0                       0
           10.6025390625                       0  -6.033726587766155e-18
       10.65266927083333  -3.851859888774472e-34  -1.577701870633298e-17
       10.70279947916667                       0   5.798737430831945e-18
           10.7529296875                       0   2.651038165593392e-17
       10.80305989583333                       0  -5.562561312344997e-18
       10.85319010416667                       0   1.814678912982519e-18
           10.9033203125                       0   8.875376871797944e-18
       10.95345052083333    4.81482486096809e-35   1.735377841074673e-18
       11.00358072916667                       0  -6.782351616705323e-18
           11.0537109375                       0  -3.311413539698502e-18
       11.10384114583333                       0   -3.23147124383527e-18
       11.15397135416667                       0   4.727046420623829e-18
           11.2041015625                       0   1.074877355910322e-17
       11.25423177083333  -1.540743955509789e-33   1.495269404085001e-17
       11.30436197916667                       0   1.455055563886986e-17
           11.3544921875                       0   7.074574796129212e-18
       11.40462239583333                       0   1.373243685099923e-18
       11.45475260416667                       0  -5.329574237595754e-18
           11.5048828125                       0   1.301114399706369e-18
       11.55501302083333                       0   4.998613383426201e-18
       11.60514322916667   1.925929944387236e-34   2.247317632906963e-18
           11.6552734375                       0  -1.064335078404526e-18
       11.70540364583333                       0   -1.32467542697136e-18
       11.75553385416667                       0                       0
           11.8056640625                       0  -6.872756392069662e-18
       11.85579427083333  -1.925929944387236e-34   6.865669941551003e-18
       11.90592447916667                       0   1.169466251223011e-17
           11.9560546875   1.925929944387236e-34   2.265333821089185e-18
       12.00618489583333                       0   5.095171884381828e-18
       12.05631510416667                       0  -8.660587879161616e-18
           12.1064453125  -3.081487911019577e-33  -3.356186418184005e-17
       12.15657552083333                       0  -3.913377838787498e-17
       12.20670572916667                       0  -3.156172375849244e-17
           12.2568359375                       0  -4.653379512757108e-17
       12.30696614583333                       0  -4.772666429189639e-17
       12.35709635416667                       0  -2.077179886453153e-17
           12.4072265625                       0  -3.208502778951562e-17
       12.45735677083333                       0   9.246891502623301e-18
       12.50748697916667                       0  -3.189527923664122e-17
           12.5576171875                       0  -1.710185102956368e-16
       12.60774739583333   1.232595164407831e-32  -1.380616120855507e-16
       12.65787760416667                       0  -3.324961711858813e-16
           12.7080078125  -2.465190328815662e-32  -2.638485231955998e-16
       12.75813802083333   3.851859888774472e-34   3.681140438329098e-18
       12.80826822916667                       0  -9.867000666780878e-14
           12.8583984375                       0                       0
       12.90852864583333                       0                       0
       12.95865885416667                       0                       0
           13.0087890625                       0                       0
