# File created on Wed Jul  8 11:31:18 2026
# Data for Inflation GW initial data initial data at coord time 1.12447 and central proper time 1.12447
# Evolved with (264,10,9) gridpoints (including 4 ghosts)
# Evolution with geodesic slicing and constant shift shift condition 
# data for phi = 3.14159
#              r           theta                 S_t
#===============================================================
     0.025065104      0.78539816  -1.375199277073763e-16
     0.025065104       2.3561945  -1.375199277073607e-16

     0.075195312      0.78539816  -1.178640834510166e-16
     0.075195312       2.3561945  -1.178640834510465e-16

      0.12532552      0.78539816  -1.374844530369582e-16
      0.12532552       2.3561945  -1.374844530370143e-16

      0.17545573      0.78539816  -3.927115057675477e-17
      0.17545573       2.3561945  -3.927115057672592e-17

      0.22558594      0.78539816   1.962883826237067e-17
      0.22558594       2.3561945   1.962883826237384e-17

      0.27571615      0.78539816   -2.35445211147167e-16
      0.27571615       2.3561945  -2.354452111472708e-16

      0.32584635      0.78539816  -7.844149896371006e-17
      0.32584635       2.3561945  -7.844149896368547e-17

      0.37597656      0.78539816  -1.175920399956528e-16
      0.37597656       2.3561945  -1.175920399956587e-16

      0.42610677      0.78539816  -1.958534586541563e-16
      0.42610677       2.3561945  -1.958534586541894e-16

      0.47623698      0.78539816  -9.785205115077878e-17
      0.47623698       2.3561945  -9.785205115075052e-17

      0.52636719      0.78539816                      -0
      0.52636719       2.3561945                      -0

       0.5764974      0.78539816   5.860738909411761e-17
       0.5764974       2.3561945   5.860738909410882e-17

       0.6266276      0.78539816  -3.903232788067504e-17
       0.6266276       2.3561945  -3.903232788068681e-17

      0.67675781      0.78539816  -3.899002961744962e-17
      0.67675781       2.3561945  -3.899002961745463e-17

      0.72688802      0.78539816  -7.788950550721363e-17
      0.72688802       2.3561945  -7.788950550719666e-17

      0.77701823      0.78539816  -5.834483350229747e-17
      0.77701823       2.3561945  -5.834483350231472e-17

      0.82714844      0.78539816  -7.769099860227741e-17
      0.82714844       2.3561945  -7.769099860227177e-17

      0.87727865      0.78539816  -9.697912060617325e-17
      0.87727865       2.3561945    -9.6979120606162e-17

      0.92740885      0.78539816                      -0
      0.92740885       2.3561945                      -0

      0.97753906      0.78539816  -7.735166602296854e-17
      0.97753906       2.3561945  -7.735166602295766e-17

       1.0276693      0.78539816  -9.653501362585537e-17
       1.0276693       2.3561945   -9.65350136258695e-17

       1.0777995      0.78539816  -3.854965919528507e-17
       1.0777995       2.3561945  -3.854965919527508e-17

       1.1279297      0.78539816   1.924143445014835e-17
       1.1279297       2.3561945    1.92414344501515e-17

       1.1780599      0.78539816  -1.344479892507011e-16
       1.1780599       2.3561945  -1.344479892507331e-16

       1.2281901      0.78539816  -3.834226446350985e-17
       1.2281901       2.3561945  -3.834226446349709e-17

       1.2783203      0.78539816  -3.826860849841785e-17
       1.2783203       2.3561945  -3.826860849841953e-17

       1.3284505      0.78539816  -1.145784733140843e-16
       1.3284505       2.3561945  -1.145784733141091e-16

       1.3785807      0.78539816   -5.71724916480193e-17
       1.3785807       2.3561945  -5.717249164800566e-17

       1.4287109      0.78539816   -3.80352014517753e-17
       1.4287109       2.3561945  -3.803520145177114e-17

       1.4788411      0.78539816  -1.897676454044374e-17
       1.4788411       2.3561945  -1.897676454044802e-17

       1.5289714      0.78539816   1.893503065463723e-17
       1.5289714       2.3561945   1.893503065463971e-17

       1.5791016      0.78539816  -3.778488233347428e-17
       1.5791016       2.3561945  -3.778488233346287e-17

       1.6292318      0.78539816   3.769807636176071e-17
       1.6292318       2.3561945    3.76980763617797e-17

        1.679362      0.78539816  -5.641459113728833e-17
        1.679362       2.3561945  -5.641459113728721e-17

       1.7294922      0.78539816   1.875995959568816e-17
       1.7294922       2.3561945   1.875995959568291e-17

       1.7796224      0.78539816                      -0
       1.7796224       2.3561945                      -0

       1.8297526      0.78539816   5.600438495386244e-17
       1.8297526       2.3561945   5.600438495387825e-17

       1.8798828      0.78539816                      -0
       1.8798828       2.3561945                      -0

        1.930013      0.78539816  -1.114432325581541e-16
        1.930013       2.3561945  -1.114432325581373e-16

       1.9801432      0.78539816  -1.111556091050637e-16
       1.9801432       2.3561945  -1.111556091050547e-16

       2.0302734      0.78539816  -5.543253118714342e-17
       2.0302734       2.3561945  -5.543253118713839e-17

       2.0804036      0.78539816  -3.685727395939724e-17
       2.0804036       2.3561945  -3.685727395941223e-17

       2.1305339      0.78539816   -2.02172872589314e-16
       2.1305339       2.3561945  -2.021728725893149e-16

       2.1806641      0.78539816  -1.832969220521074e-17
       2.1806641       2.3561945  -1.832969220520298e-17

       2.2307943      0.78539816  -1.827969310193441e-17
       2.2307943       2.3561945   -1.82796931019305e-17

       2.2809245      0.78539816  -1.822938943669496e-17
       2.2809245       2.3561945  -1.822938943669708e-17

       2.3310547      0.78539816  -1.817881487793676e-17
       2.3310547       2.3561945  -1.817881487794092e-17

       2.3811849      0.78539816    3.62560040463407e-17
       2.3811849       2.3561945   3.625600404634032e-17

       2.4313151      0.78539816  -3.615396471308442e-17
       2.4313151       2.3561945  -3.615396471308091e-17

       2.4814453      0.78539816  -5.407735862948353e-17
       2.4814453       2.3561945   -5.40773586294739e-17

       2.5315755      0.78539816                      -0
       2.5315755       2.3561945                      -0

       2.5817057      0.78539816   7.169191933284822e-17
       2.5817057       2.3561945   7.169191933288041e-17

       2.6318359      0.78539816   3.574284841084349e-17
       2.6318359       2.3561945   3.574284841083325e-17

       2.6819661      0.78539816                      -0
       2.6819661       2.3561945                      -0

       2.7320964      0.78539816   5.330440522099153e-17
       2.7320964       2.3561945   5.330440522098947e-17

       2.7822266      0.78539816   1.062986908776955e-16
       2.7822266       2.3561945   1.062986908777134e-16

       2.8323568      0.78539816                      -0
       2.8323568       2.3561945                      -0

        2.882487      0.78539816  -5.283929574050605e-17
        2.882487       2.3561945  -5.283929574052103e-17

       2.9326172      0.78539816  -3.512294837932144e-17
       2.9326172       2.3561945  -3.512294837931268e-17

       2.9827474      0.78539816  -8.754953596880943e-17
       2.9827474       2.3561945  -8.754953596879672e-17

       3.0328776      0.78539816   1.745841366066828e-17
       3.0328776       2.3561945   1.745841366067053e-17

       3.0830078      0.78539816                      -0
       3.0830078       2.3561945                      -0

        3.133138      0.78539816   3.471140890602086e-17
        3.133138       2.3561945   3.471140890602273e-17

       3.1832682      0.78539816   1.730451411767647e-17
       3.1832682       2.3561945   1.730451411767106e-17

       3.2333984      0.78539816   3.450689586521064e-17
       3.2333984       2.3561945   3.450689586522067e-17

       3.2835286      0.78539816  -5.160754558638915e-17
       3.2835286       2.3561945  -5.160754558637625e-17

       3.3336589      0.78539816   6.860689548229437e-17
       3.3336589       2.3561945   6.860689548232394e-17

       3.3837891      0.78539816                      -0
       3.3837891       2.3561945                      -0

       3.4339193      0.78539816   1.023035443112231e-16
       3.4339193       2.3561945   1.023035443112093e-16

       3.4840495      0.78539816   5.100077479623577e-17
       3.4840495       2.3561945   5.100077479624799e-17

       3.5341797      0.78539816   1.017005160250994e-16
       3.5341797       2.3561945    1.01700516025108e-16

       3.5843099      0.78539816   3.380015087837519e-17
       3.5843099       2.3561945   3.380015087836252e-17

       3.6344401      0.78539816  -6.740090734194855e-17
       3.6344401       2.3561945  -6.740090734193058e-17

       3.6845703      0.78539816   5.040161771893477e-17
       3.6845703       2.3561945   5.040161771895954e-17

       3.7347005      0.78539816   5.025303150613471e-17
       3.7347005       2.3561945   5.025303150613285e-17

       3.7848307      0.78539816   1.670163730016567e-17
       3.7848307       2.3561945   1.670163730016712e-17

       3.8349609      0.78539816  -1.665241516328946e-17
       3.8349609       2.3561945  -1.665241516328366e-17

       3.8850911      0.78539816                      -0
       3.8850911       2.3561945                      -0

       3.9352214      0.78539816  -1.655440061531546e-17
       3.9352214       2.3561945  -1.655440061531539e-17

       3.9853516      0.78539816                      -0
       3.9853516       2.3561945                      -0

       4.0354818      0.78539816   1.316552730308489e-16
       4.0354818       2.3561945   1.316552730307974e-16

        4.085612      0.78539816   8.204168461003858e-17
        4.085612       2.3561945   8.204168461005288e-17

       4.1357422      0.78539816   9.815919810919142e-17
       4.1357422       2.3561945   9.815919810917017e-17

       4.1858724      0.78539816   4.893445705148148e-17
       4.1858724       2.3561945   4.893445705148929e-17

       4.2360026      0.78539816   1.951581872362239e-16
       4.2360026       2.3561945   1.951581872362202e-16

       4.2861328      0.78539816   1.459344831947511e-16
       4.2861328       2.3561945   1.459344831947488e-16

        4.336263      0.78539816    1.29334017804955e-16
        4.336263       2.3561945   1.293340178048673e-16

       4.3863932      0.78539816   2.256603442781547e-16
       4.3863932       2.3561945   2.256603442782947e-16

       4.4365234      0.78539816   1.446341218729563e-16
       4.4365234       2.3561945   1.446341218729158e-16

       4.4866536      0.78539816   1.922678568787916e-16
       4.4866536       2.3561945     1.9226785687881e-16

       4.5367839      0.78539816   1.757158574439017e-16
       4.5367839       2.3561945   1.757158574439128e-16

       4.5869141      0.78539816   2.707416982422821e-16
       4.5869141       2.3561945   2.707416982422047e-16

       4.6370443      0.78539816   2.064106571341558e-16
       4.6370443       2.3561945   2.064106571342665e-16

       4.6871745      0.78539816   2.057826077328705e-16
       4.6871745       2.3561945   2.057826077327286e-16

       4.7373047      0.78539816   1.104671953293762e-16
       4.7373047       2.3561945   1.104671953293619e-16

       4.7874349      0.78539816   2.045226572462969e-16
       4.7874349       2.3561945   2.045226572462455e-16

       4.8375651      0.78539816   1.254709046856967e-16
       4.8375651       2.3561945   1.254709046856985e-16

       4.8876953      0.78539816   2.345258938352442e-16
       4.8876953       2.3561945   2.345258938352358e-16

       4.9378255      0.78539816   1.714468792450123e-16
       4.9378255       2.3561945   1.714468792450302e-16

       4.9879557      0.78539816    2.17516629268657e-16
       4.9879557       2.3561945   2.175166292687034e-16

       5.0380859      0.78539816   2.013375486129972e-16
       5.0380859       2.3561945   2.013375486127994e-16

       5.0882161      0.78539816   1.080650360195024e-16
       5.0882161       2.3561945   1.080650360195141e-16

       5.1383464      0.78539816   1.384915943651302e-16
       5.1383464       2.3561945   1.384915943651904e-16

       5.1884766      0.78539816   7.668879339477697e-17
       5.1884766       2.3561945   7.668879339477325e-17

       5.2386068      0.78539816   1.222980033794277e-16
       5.2386068       2.3561945   1.222980033794067e-16

        5.288737      0.78539816   1.218912556663218e-16
        5.288737       2.3561945   1.218912556662844e-16

       5.3388672      0.78539816   1.062964352960052e-16
       5.3388672       2.3561945   1.062964352959686e-16

       5.3889974      0.78539816   1.210689714567327e-16
       5.3889974       2.3561945   1.210689714567543e-16

       5.4391276      0.78539816   1.658979622489578e-16
       5.4391276       2.3561945   1.658979622488403e-16

       5.4892578      0.78539816    1.05204515052439e-16
       5.4892578       2.3561945   1.052045150524758e-16

        5.539388      0.78539816   1.797161877035168e-16
        5.539388       2.3561945   1.797161877035483e-16

       5.5895182      0.78539816   1.492300775895523e-16
       5.5895182       2.3561945   1.492300775895096e-16

       5.6396484      0.78539816   2.081683830792786e-16
       5.6396484       2.3561945   2.081683830792181e-16

       5.6897786      0.78539816   1.777777686973676e-16
       5.6897786       2.3561945   1.777777686974469e-16

       5.7399089      0.78539816   4.427975184991986e-17
       5.7399089       2.3561945   4.427975184991715e-17

       5.7900391      0.78539816   1.470445825789073e-16
       5.7900391       2.3561945   1.470445825788022e-16

       5.8401693      0.78539816    1.46484157387903e-16
       5.8401693       2.3561945    1.46484157387893e-16

       5.8902995      0.78539816   8.755061350992239e-17
       5.8902995       2.3561945   8.755061350995722e-17

       5.9404297      0.78539816   1.162759797177763e-16
       5.9404297       2.3561945   1.162759797177964e-16

       5.9905599      0.78539816   1.302892340521288e-16
       5.9905599       2.3561945   1.302892340521358e-16

       6.0406901      0.78539816   2.018520272272767e-16
       6.0406901       2.3561945   2.018520272272849e-16

       6.0908203      0.78539816   2.010223591905766e-16
       6.0908203       2.3561945   2.010223591904988e-16

       6.1409505      0.78539816   7.149388753295629e-17
       6.1409505       2.3561945   7.149388753296569e-17

       6.1910807      0.78539816   1.423809725144256e-16
       6.1910807       2.3561945   1.423809725144078e-16

       6.2412109      0.78539816   1.701201898002785e-16
       6.2412109       2.3561945   1.701201898002439e-16

       6.2913411      0.78539816   4.234355169992673e-17
       6.2913411       2.3561945   4.234355169990744e-17

       6.3414714      0.78539816   1.405158628593795e-17
       6.3414714       2.3561945   1.405158628593801e-17

       6.3916016      0.78539816   9.092118884793766e-17
       6.3916016       2.3561945   9.092118884794745e-17

       6.4417318      0.78539816   5.569348148290851e-17
       6.4417318       2.3561945   5.569348148291656e-17

        6.491862      0.78539816                      -0
        6.491862       2.3561945                      -0

       6.5419922      0.78539816   6.206368090600212e-17
       6.5419922       2.3561945   6.206368090601096e-17

       6.5921224      0.78539816   4.803739370434194e-17
       6.5921224       2.3561945   4.803739370433287e-17

       6.6422526      0.78539816   6.828585207266387e-18
       6.6422526       2.3561945   6.828585207264096e-18

       6.6923828      0.78539816  -6.794261081930651e-18
       6.6923828       2.3561945  -6.794261081932506e-18

        6.742513      0.78539816   6.083557430809296e-17
        6.742513       2.3561945    6.08355743080967e-17

       6.7926432      0.78539816   4.034593806672308e-17
       6.7926432       2.3561945   4.034593806671109e-17

       6.8427734      0.78539816  -1.337740418543104e-17
       6.8427734       2.3561945  -1.337740418543007e-17

       6.8929036      0.78539816  -6.652642716902137e-18
       6.8929036       2.3561945  -6.652642716904814e-18

       6.9430339      0.78539816    6.61614256936364e-18
       6.9430339       2.3561945   6.616142569362635e-18

       6.9931641      0.78539816  -4.605439863987888e-17
       6.9931641       2.3561945  -4.605439863987926e-17

       7.0432943      0.78539816  -7.195994354932966e-17
       7.0432943       2.3561945  -7.195994354932755e-17

       7.0934245      0.78539816  -2.601592556742246e-17
       7.0934245       2.3561945  -2.601592556742341e-17

       7.1435547      0.78539816    -7.1122748212842e-17
       7.1435547       2.3561945  -7.112274821283716e-17

       7.1936849      0.78539816    -8.3550766407934e-17
       7.1936849       2.3561945  -8.355076640794616e-17

       7.2438151      0.78539816  -7.665377754102383e-17
       7.2438151       2.3561945  -7.665377754100995e-17

       7.2939453      0.78539816  -1.269640714889975e-17
       7.2939453       2.3561945  -1.269640714890603e-17

       7.3440755      0.78539816  -1.261629940632159e-17
       7.3440755       2.3561945  -1.261629940632054e-17

       7.3942057      0.78539816  -2.507061975281449e-17
       7.3942057       2.3561945  -2.507061975280988e-17

       7.4443359      0.78539816  -6.226721448714018e-18
       7.4443359       2.3561945  -6.226721448712547e-18

       7.4944661      0.78539816   2.474140721476912e-17
       7.4944661       2.3561945   2.474140721477197e-17

       7.5445964      0.78539816   4.300484271141474e-17
       7.5445964       2.3561945   4.300484271142893e-17

       7.5947266      0.78539816   3.660789745140833e-17
       7.5947266       2.3561945   3.660789745140173e-17

       7.6448568      0.78539816    2.42346293527354e-17
       7.6448568       2.3561945   2.423462935274304e-17

        7.694987      0.78539816   3.007788136976401e-17
        7.694987       2.3561945   3.007788136976711e-17

       7.7451172      0.78539816   5.972077399933564e-18
       7.7451172       2.3561945   5.972077399932281e-18

       7.7952474      0.78539816  -5.928165373735791e-18
       7.7952474       2.3561945  -5.928165373736214e-18

       7.8453776      0.78539816     2.3535380567155e-17
       7.8453776       2.3561945   2.353538056715439e-17

       7.8955078      0.78539816                      -0
       7.8955078       2.3561945                      -0

        7.945638      0.78539816   5.214601059183927e-17
        7.945638       2.3561945    5.21460105918328e-17

       7.9957682      0.78539816  -1.724546582820595e-17
       7.9957682       2.3561945  -1.724546582820909e-17

       8.0458984      0.78539816  -2.281036051025502e-17
       8.0458984       2.3561945  -2.281036051024893e-17

       8.0960286      0.78539816   5.656311831829144e-18
       8.0960286       2.3561945   5.656311831832232e-18

       8.1461589      0.78539816                      -0
       8.1461589       2.3561945                      -0

       8.1962891      0.78539816  -3.893848722991277e-17
       8.1962891       2.3561945   -3.89384872299085e-17

       8.2464193      0.78539816  -4.412209200747015e-17
       8.2464193       2.3561945  -4.412209200746412e-17

       8.2965495      0.78539816  -5.467528056959884e-18
       8.2965495       2.3561945  -5.467528056959192e-18

       8.3466797      0.78539816   2.167778979553082e-17
       8.3466797       2.3561945   2.167778979552701e-17

       8.3968099      0.78539816   1.074205298628874e-17
       8.3968099       2.3561945   1.074205298629281e-17

       8.4469401      0.78539816  -1.596681616443748e-17
       8.4469401       2.3561945  -1.596681616444106e-17

       8.4970703      0.78539816  -1.581957308372858e-17
       8.4970703       2.3561945  -1.581957308371771e-17

       8.5472005      0.78539816   5.223790316397831e-18
       8.5472005       2.3561945   5.223790316399186e-18

       8.5973307      0.78539816  -1.552223044708535e-17
       8.5973307       2.3561945  -1.552223044709506e-17

       8.6474609      0.78539816  -4.611651655060953e-17
       8.6474609       2.3561945  -4.611651655062761e-17

       8.6975911      0.78539816  -5.073738877477617e-17
       8.6975911       2.3561945  -5.073738877477115e-17

       8.7477214      0.78539816  -5.525440831268285e-17
       8.7477214       2.3561945  -5.525440831266005e-17

       8.7978516      0.78539816  -3.977785227377711e-17
       8.7978516       2.3561945  -3.977785227380165e-17

       8.8479818      0.78539816  -9.842111979246398e-17
       8.8479818       2.3561945  -9.842111979240844e-17

        8.898112      0.78539816  -6.817451036031448e-17
        8.898112       2.3561945  -6.817451036036314e-17

       8.9482422      0.78539816  -7.708629731533598e-17
       8.9482422       2.3561945   -7.70862973152827e-17

       8.9983724      0.78539816  -6.672287052378813e-17
       8.9983724       2.3561945  -6.672287052381227e-17

       9.0485026      0.78539816  -5.656429436141899e-17
       9.0485026       2.3561945  -5.656429436142829e-17

       9.0986328      0.78539816  -1.864486055674233e-17
       9.0986328       2.3561945  -1.864486055674588e-17

        9.148763      0.78539816  -5.069346613700094e-17
        9.148763       2.3561945   -5.06934661370061e-17

       9.1988932      0.78539816  -1.366662642480589e-17
       9.1988932       2.3561945  -1.366662642480841e-17

       9.2490234      0.78539816  -4.502356216069074e-18
       9.2490234       2.3561945  -4.502356216067515e-18

       9.2991536      0.78539816  -2.224472187019954e-17
       9.2991536       2.3561945  -2.224472187020272e-17

       9.3492839      0.78539816  -1.758124660582669e-17
       9.3492839       2.3561945  -1.758124660583171e-17

       9.3994141      0.78539816  -2.604877732085851e-17
       9.3994141       2.3561945  -2.604877732085597e-17

       9.4495443      0.78539816  -1.286220815339977e-17
       9.4495443       2.3561945  -1.286220815339586e-17

       9.4996745      0.78539816   -4.23313557914621e-18
       9.4996745       2.3561945  -4.233135579150044e-18

       9.5498047      0.78539816    8.35733140326864e-18
       9.5498047       2.3561945   8.357331403264804e-18

       9.5999349      0.78539816   2.886797978399392e-17
       9.5999349       2.3561945   2.886797978399329e-17

       9.6500651      0.78539816  -2.034566817015456e-17
       9.6500651       2.3561945  -2.034566817016564e-17

       9.7001953      0.78539816   2.408447334501943e-17
       9.7001953       2.3561945   2.408447334499862e-17

       9.7503255      0.78539816  -1.979418154002489e-17
       9.7503255       2.3561945  -1.979418154002848e-17

       9.8004557      0.78539816  -1.561363647174688e-17
       9.8004557       2.3561945  -1.561363647174529e-17

       9.8505859      0.78539816   3.847800365236387e-17
       9.8505859       2.3561945   3.847800365239684e-17

       9.9007161      0.78539816   2.654409039137812e-17
       9.9007161       2.3561945    2.65440903913686e-17

       9.9508464      0.78539816  -1.120814835103316e-17
       9.9508464       2.3561945  -1.120814835103764e-17

       10.000977      0.78539816  -1.471965000136536e-17
       10.000977       2.3561945  -1.471965000136254e-17

       10.051107      0.78539816  -2.174162657848723e-17
       10.051107       2.3561945  -2.174162657848029e-17

       10.101237      0.78539816  -7.134254917829095e-18
       10.101237       2.3561945  -7.134254917833859e-18

       10.151367      0.78539816   1.053145101896701e-17
       10.151367       2.3561945   1.053145101896646e-17

       10.201497      0.78539816   2.072205020279933e-17
       10.201497       2.3561945   2.072205020279693e-17

       10.251628      0.78539816   3.396703392649851e-18
       10.251628       2.3561945   3.396703392649746e-18

       10.301758      0.78539816   1.001871151174513e-17
       10.301758       2.3561945   1.001871151175259e-17

       10.351888      0.78539816  -6.564556078716644e-18
       10.351888       2.3561945  -6.564556078709048e-18

       10.402018      0.78539816  -3.224827603119146e-18
       10.402018       2.3561945  -3.224827603120098e-18

       10.452148      0.78539816  -6.334441494931102e-18
       10.452148       2.3561945  -6.334441494929465e-18

       10.502279      0.78539816  -3.109458989161343e-18
       10.502279       2.3561945  -3.109458989161616e-18

       10.552409      0.78539816                      -0
       10.552409       2.3561945                      -0

       10.602539      0.78539816  -4.490215135081413e-18
       10.602539       2.3561945  -4.490215135082165e-18

       10.652669      0.78539816  -1.174103717680996e-17
       10.652669       2.3561945  -1.174103717680192e-17

       10.702799      0.78539816    4.31533948340772e-18
       10.702799       2.3561945    4.31533948341192e-18

        10.75293      0.78539816   1.972865611604665e-17
        10.75293       2.3561945   1.972865611604104e-17

        10.80306      0.78539816  -4.139580511513317e-18
        10.80306       2.3561945  -4.139580511511794e-18

        10.85319      0.78539816   1.350458725939952e-18
        10.85319       2.3561945   1.350458725941005e-18

        10.90332      0.78539816   6.604931625523099e-18
        10.90332       2.3561945   6.604931625525004e-18

       10.953451      0.78539816   1.291443974753343e-18
       10.953451       2.3561945   1.291443974753147e-18

       11.003581      0.78539816  -5.047331435689551e-18
       11.003581       2.3561945  -5.047331435685814e-18

       11.053711      0.78539816  -2.464307750472486e-18
       11.053711       2.3561945  -2.464307750474122e-18

       11.103841      0.78539816  -2.404815809365389e-18
       11.103841       2.3561945  -2.404815809366175e-18

       11.153971      0.78539816   3.517801987441881e-18
       11.153971       2.3561945   3.517801987440097e-18

       11.204102      0.78539816   7.999087299800541e-18
       11.204102       2.3561945   7.999087299794954e-18

       11.254232      0.78539816   1.112758626295549e-17
       11.254232       2.3561945    1.11275862629608e-17

       11.304362      0.78539816   1.082832047543146e-17
       11.304362       2.3561945   1.082832047544461e-17

       11.354492      0.78539816   5.264799848283541e-18
       11.354492       2.3561945   5.264799848280867e-18

       11.404622      0.78539816   1.021948788912049e-18
       11.404622       2.3561945   1.021948788911092e-18

       11.454753      0.78539816  -3.966194781466218e-18
       11.454753       2.3561945  -3.966194781466997e-18

       11.504883      0.78539816   9.682711811765197e-19
       11.504883       2.3561945   9.682711811771456e-19

       11.555013      0.78539816   3.719898331854047e-18
       11.555013       2.3561945   3.719898331850065e-18

       11.605143      0.78539816    1.67242242448774e-18
       11.605143       2.3561945   1.672422424490065e-18

       11.655273      0.78539816  -7.920633141616719e-19
       11.655273       2.3561945  -7.920633141613441e-19

       11.705404      0.78539816  -9.858049689090926e-19
       11.705404       2.3561945  -9.858049689087454e-19

       11.755534      0.78539816                      -0
       11.755534       2.3561945                      -0

       11.805664      0.78539816  -5.114609408050466e-18
       11.805664       2.3561945  -5.114609408053217e-18

       11.855794      0.78539816   5.109335770459475e-18
       11.855794       2.3561945   5.109335770453646e-18

       11.905924      0.78539816   8.703004660263545e-18
       11.905924       2.3561945   8.703004660264993e-18

       11.956055      0.78539816   1.685829820345874e-18
       11.956055       2.3561945   1.685829820345006e-18

       12.006185      0.78539816   3.791755820934838e-18
       12.006185       2.3561945    3.79175582093579e-18

       12.056315      0.78539816  -6.445088654260988e-18
       12.056315       2.3561945  -6.445088654258626e-18

       12.106445      0.78539816   -2.49762710190446e-17
       12.106445       2.3561945  -2.497627101904292e-17

       12.156576      0.78539816  -2.912281182353899e-17
       12.156576       2.3561945  -2.912281182353074e-17

       12.206706      0.78539816  -2.348779442492478e-17
       12.206706       2.3561945  -2.348779442492444e-17

       12.256836      0.78539816  -3.462980102516359e-17
       12.256836       2.3561945  -3.462980102517476e-17

       12.306966      0.78539816  -3.551751761257979e-17
       12.306966       2.3561945  -3.551751761256832e-17

       12.357096      0.78539816  -1.545808287593135e-17
       12.357096       2.3561945  -1.545808287592953e-17

       12.407227      0.78539816  -2.387722998289573e-17
       12.407227       2.3561945  -2.387722998289496e-17

       12.457357      0.78539816   6.881407629859904e-18
       12.457357       2.3561945   6.881407629858499e-18

       12.507487      0.78539816  -2.373602175749996e-17
       12.507487       2.3561945  -2.373602175750093e-17

       12.557617      0.78539816  -1.272695890572152e-16
       12.557617       2.3561945   -1.27269589057221e-16

       12.607747      0.78539816  -1.027435252729714e-16
       12.607747       2.3561945  -1.027435252729647e-16

       12.657878      0.78539816  -2.474390111150595e-16
       12.657878       2.3561945  -2.474390111150894e-16

       12.708008      0.78539816  -1.963523893548613e-16
       12.708008       2.3561945  -1.963523893548686e-16

       12.758138      0.78539816   2.739453349466577e-18
       12.758138       2.3561945   2.739453349441847e-18

       12.808268      0.78539816  -7.342884217105906e-14
       12.808268       2.3561945  -7.342884217172612e-14

       12.858398      0.78539816                       0
       12.858398       2.3561945                       0

       12.908529      0.78539816                       0
       12.908529       2.3561945                       0

       12.958659      0.78539816                       0
       12.958659       2.3561945                       0

       13.008789      0.78539816                       0
       13.008789       2.3561945                       0

