                0.078125    0.009939150729886334    0.009939150729886334
                0.234375    0.009465498512981596    0.009465498512981596
                0.390625    0.008584834379945899    0.008584834379945899
                0.546875    0.007415058221170969    0.007415058221170969
                0.703125    0.006099460516614994    0.006099460516614994
                0.859375    0.004778179911644942    0.004778179911644942
                1.015625    0.003564739402687577    0.003564739402687577
                1.171875    0.002532720641589315    0.002532720641589315
                1.328125     0.00171372450897178     0.00171372450897178
                1.484375     0.00110430475103801     0.00110430475103801
                1.640625   0.0006776900170165464   0.0006776900170165464
                1.796875   0.0003960658979406891   0.0003960658979406891
                1.953125   0.0002204438703731571   0.0002204438703731571
                2.109375   0.0001168484132305779   0.0001168484132305779
                2.265625   5.898503285803853e-05   5.898503285803853e-05
                2.421875   2.835665810384785e-05   2.835665810384785e-05
                2.578125   1.298262410829295e-05   1.298262410829295e-05
                2.734375   5.660621723654445e-06   5.660621723654445e-06
                2.890625    2.35049861289781e-06    2.35049861289781e-06
                3.046875   9.295014669118652e-07   9.295014669118652e-07
                3.203125   3.500534598798337e-07   3.500534598798337e-07
                3.359375   1.255488919922063e-07   1.255488919922063e-07
                3.515625   4.288304431237678e-08   4.288304431237678e-08
                3.671875   1.394930428991863e-08   1.394930428991863e-08
                3.828125   4.321292880320571e-09   4.321292880320571e-09
                3.984375   1.274879303659883e-09   1.274879303659883e-09
                4.140625   3.581942866441095e-10   3.581942866441095e-10
                4.296875   9.584345317245521e-11   9.584345317245521e-11
                4.453125   2.442308189181193e-11   2.442308189181193e-11
                4.609375   5.926969514611722e-12   5.926969514611722e-12
                4.765625   1.369806226486336e-12   1.369806226486336e-12
                4.921875   3.014947772000387e-13   3.014947772000387e-13
                5.078125   6.319673846771131e-14   6.319673846771131e-14
                5.234375   1.261547920507222e-14   1.261547920507222e-14
                5.390625   2.398319582831669e-15   2.398319582831669e-15
                5.546875   4.342147477820429e-16   4.342147477820429e-16
                5.703125   7.486801193119612e-17   7.486801193119612e-17
                5.859375     1.2293689688541e-17     1.2293689688541e-17
                6.015625   1.922482553164944e-18   1.922482553164944e-18
                6.171875   2.863101750416829e-19   2.863101750416829e-19
                6.328125   4.060741767448677e-20   4.060741767448677e-20
                6.484375   5.484893221992042e-21   5.484893221992042e-21
                6.640625   7.055457771126106e-22   7.055457771126106e-22
                6.796875   8.643237188604465e-23   8.643237188604465e-23
                6.953125    1.00837455931497e-23    1.00837455931497e-23
                7.109375   1.120370187493992e-24   1.120370187493992e-24
                7.265625   1.185483251036127e-25   1.185483251036127e-25
                7.421875   1.194602765401888e-26   1.194602765401888e-26
                7.578125   1.146425463769161e-27   1.146425463769161e-27
                7.734375   1.047761283696617e-28   1.047761283696617e-28
                7.890625   9.119543182634285e-30   9.119543182634285e-30
                8.046875   7.559238300416962e-31   7.559238300416962e-31
                8.203125    5.96729081274831e-32    5.96729081274831e-32
                8.359375   4.486116889153335e-33   4.486116889153335e-33
                8.515625   3.211871648153574e-34   3.211871648153574e-34
                8.671875   2.189979215575344e-35   2.189979215575344e-35
                8.828125   1.422053773650232e-36   1.422053773650232e-36
                8.984375   8.793995923120365e-38   8.793995923120365e-38
                9.140625   5.179057294107209e-39   5.179057294107209e-39
                9.296875    2.90475418304025e-40    2.90475418304025e-40
                9.453125   1.551537478853577e-41   1.551537478853577e-41
                9.609375   7.892405138093804e-43   7.892405138093804e-43
                9.765625   3.823408358007943e-44   3.823408358007943e-44
                9.921875   1.763949771757734e-45   1.763949771757734e-45
               10.078125   7.750254403674423e-47   7.750254403674423e-47
               10.234375   3.242947495528341e-48   3.242947495528341e-48
               10.390625   1.292284367847222e-49   1.292284367847222e-49
               10.546875   4.904226042580894e-51   4.904226042580894e-51
               10.703125   1.772462608892079e-52   1.772462608892079e-52
               10.859375   6.100675148065212e-54   6.100675148065212e-54
               11.015625   1.999737232262185e-55   1.999737232262185e-55
               11.171875   6.242552161772119e-57   6.242552161772119e-57
               11.328125   1.855861840192064e-58   1.855861840192064e-58
               11.484375   5.254402270919238e-60   5.254402270919238e-60
               11.640625   1.416756488667669e-61   1.416756488667669e-61
               11.796875     3.6379884563382e-63     3.6379884563382e-63
               11.953125   8.896550283472584e-65   8.896550283472584e-65
               12.109375   2.071935223240912e-66   2.071935223240912e-66
               12.265625   4.595416974614303e-68   4.595416974614303e-68
               12.421875   9.706616903720681e-70   9.706616903720681e-70
               12.578125   1.952563063317267e-71   1.952563063317267e-71
               12.734375   3.740558612680014e-73   3.740558612680014e-73
               12.890625   6.824362280428772e-75   6.824362280428772e-75
               13.046875   1.185719325232606e-76   1.185719325232606e-76
               13.203125   1.961986149857873e-78   1.961986149857873e-78
               13.359375   3.091748730127434e-80   3.091748730127434e-80
               13.515625   4.639879049121118e-82   4.639879049121118e-82
               13.671875   6.631371263505564e-84   6.631371263505564e-84
               13.828125   9.025977385114803e-86   9.025977385114803e-86
               13.984375   1.169982467750646e-87   1.169982467750646e-87
               14.140625   1.444304224196591e-89   1.444304224196591e-89
               14.296875   1.697978644313432e-91   1.697978644313432e-91
               14.453125   1.901078196062592e-93   1.901078196062592e-93
               14.609375   2.027038291103924e-95   2.027038291103924e-95
               14.765625   2.058344859956958e-97   2.058344859956958e-97
               14.921875   1.990529143799022e-99   1.990529143799022e-99
               15.078125  1.833213963780831e-101  1.833213963780831e-101
               15.234375  1.607873907219176e-103  1.607873907219176e-103
               15.390625  1.343027894695961e-105  1.343027894695961e-105
               15.546875  1.068346898096149e-107  1.068346898096149e-107
               15.703125  8.093451498552067e-110  8.093451498552067e-110
               15.859375  5.839147666782546e-112  5.839147666782546e-112
               16.015625  4.011985575314942e-114  4.011985575314942e-114
               16.171875  2.625206568465423e-116  2.625206568465423e-116
               16.328125  1.635919074813684e-118  1.635919074813684e-118
               16.484375  9.708549855353759e-121  9.708549855353759e-121
               16.640625  5.487077935584263e-123  5.487077935584263e-123
               16.796875  2.953398888296392e-125  2.953398888296392e-125
               16.953125  1.513900387550902e-127  1.513900387550902e-127
               17.109375  7.390378951569518e-130  7.390378951569518e-130
               17.265625  3.435819423974779e-132  3.435819423974779e-132
               17.421875  1.521206484154775e-134  1.521206484154775e-134
               17.578125  6.414166364001017e-137  6.414166364001017e-137
               17.734375  2.575647862503658e-139  2.575647862503658e-139
               17.890625  9.849789934810373e-142  9.849789934810373e-142
               18.046875  3.587250169616334e-144  3.587250169616334e-144
               18.203125   1.24420108546394e-146   1.24420108546394e-146
               18.359375  4.109733890190629e-149  4.109733890190629e-149
               18.515625  1.292799103706095e-151  1.292799103706095e-151
               18.671875  3.872956308690717e-154  3.872956308690717e-154
               18.828125  1.104964607956391e-156  1.104964607956391e-156
               18.984375  3.002260363429171e-159  3.002260363429171e-159
               19.140625  7.768596274625725e-162  7.768596274625725e-162
               19.296875  1.914392422433804e-164  1.914392422433804e-164
               19.453125  4.492763891436193e-167  4.492763891436193e-167
               19.609375  1.004131149148577e-169  1.004131149148577e-169
               19.765625  2.137280375750169e-172  2.137280375750169e-172
               19.921875  4.332382286435924e-175  4.332382286435924e-175
               20.078125                       0                       0
               20.234375                       0                       0
               20.390625                       0                       0
               20.546875                       0                       0
