                0.390625     -0.8495926349601569     -0.8495926349601569
                1.171875     -0.8392846739168909     -0.8392846739168909
                1.953125     -0.8190424285871164     -0.8190424285871164
                2.734375     -0.7895907664704996     -0.7895907664704996
                3.515625      -0.751962660493427      -0.751962660493427
                4.296875     -0.7074390750938409     -0.7074390750938409
                5.078125     -0.6574766994781247     -0.6574766994781247
                5.859375     -0.6036292027079303     -0.6036292027079303
                6.640625     -0.5474679146628532     -0.5474679146628532
                7.421875     -0.4905075029231776     -0.4905075029231776
                8.203125     -0.4341413893111227     -0.4341413893111227
                8.984375     -0.3795904540842818     -0.3795904540842818
                9.765625     -0.3278671658256746     -0.3278671658256746
               10.546875      -0.279755816252033      -0.279755816252033
               11.328125     -0.2358081852940621     -0.2358081852940621
               12.109375     -0.1963528373946082     -0.1963528373946082
               12.890625     -0.1615154383541181     -0.1615154383541181
               13.671875     -0.1312470205139399     -0.1312470205139399
               14.453125     -0.1053570057569546     -0.1053570057569546
               15.234375    -0.08354797720182774    -0.08354797720182774
               16.015625    -0.06544960250777888    -0.06544960250777888
               16.796875    -0.05064967240563201    -0.05064967240563201
               17.578125    -0.03872084460700414    -0.03872084460700414
               18.359375    -0.02924230191417401    -0.02924230191417401
               19.140625    -0.02181608641497474    -0.02181608641497474
               19.921875    -0.01607832071849477    -0.01607832071849477
               20.703125    -0.01170585346519586    -0.01170585346519586
               21.484375   -0.008419068301623416   -0.008419068301623416
               22.265625   -0.005981684959746479   -0.005981684959746479
               23.046875   -0.004198378535904124   -0.004198378535904124
               23.828125   -0.002910973177018007   -0.002910973177018007
               24.609375   -0.001993854064636587   -0.001993854064636587
               25.390625    -0.00134910914444025    -0.00134910914444025
               26.171875  -0.0009017774222434317  -0.0009017774222434317
               26.953125  -0.0005954566956561661  -0.0005954566956561661
               27.734375  -0.0003884181917936412  -0.0003884181917936412
               28.515625  -0.0002502923033088125  -0.0002502923033088125
               29.296875  -0.0001593286885199546  -0.0001593286885199546
               30.078125   -0.000100193378571855   -0.000100193378571855
               30.859375  -6.224186758464757e-05  -6.224186758464757e-05
               31.640625  -3.819660493440149e-05  -3.819660493440149e-05
               32.421875  -2.315610253808106e-05  -2.315610253808106e-05
               33.203125  -1.386770896958373e-05  -1.386770896958373e-05
               33.984375  -8.204318796322541e-06  -8.204318796322541e-06
               34.765625  -4.794892663997768e-06  -4.794892663997768e-06
               35.546875   -2.76830416204409e-06   -2.76830416204409e-06
               36.328125  -1.578873280981877e-06  -1.578873280981877e-06
               37.109375  -8.895683006347609e-07  -8.895683006347609e-07
               37.890625  -4.951193227510964e-07  -4.951193227510964e-07
               38.671875  -2.722318950293526e-07  -2.722318950293526e-07
               39.453125  -1.478654436700827e-07  -1.478654436700827e-07
               40.234375  -7.934013384637418e-08  -7.934013384637418e-08
               41.015625  -4.205500806058868e-08  -4.205500806058868e-08
               41.796875  -2.202120429654959e-08  -2.202120429654959e-08
               42.578125  -1.139102919989076e-08  -1.139102919989076e-08
               43.359375  -5.820809925872371e-09  -5.820809925872371e-09
               44.140625  -2.938342552076097e-09  -2.938342552076097e-09
               44.921875  -1.465277850209539e-09  -1.465277850209539e-09
               45.703125  -7.218319458466516e-10  -7.218319458466516e-10
               46.484375  -3.512778501065314e-10  -3.512778501065314e-10
               47.265625   -1.68874465474984e-10   -1.68874465474984e-10
               48.046875  -8.020025743774835e-11  -8.020025743774835e-11
               48.828125  -3.762583017638664e-11  -3.762583017638664e-11
               49.609375  -1.743793174010587e-11  -1.743793174010587e-11
               50.390625  -7.983666910916608e-12  -7.983666910916608e-12
               51.171875  -3.610841282051797e-12  -3.610841282051797e-12
               51.953125   -1.61329185950934e-12   -1.61329185950934e-12
               52.734375  -7.120590974802104e-13  -7.120590974802104e-13
               53.515625  -3.104686049677397e-13  -3.104686049677397e-13
               54.296875  -1.337266282962121e-13  -1.337266282962121e-13
               55.078125  -5.690057470224275e-14  -5.690057470224275e-14
               55.859375  -2.391739988098665e-14  -2.391739988098665e-14
               56.640625  -9.931385276896343e-15  -9.931385276896343e-15
               57.421875  -4.073842638644882e-15  -4.073842638644882e-15
               58.203125  -1.650810498956556e-15  -1.650810498956556e-15
               58.984375  -6.608284756893822e-16  -6.608284756893822e-16
               59.765625  -2.613237183633757e-16  -2.613237183633757e-16
               60.546875  -1.020862998760193e-16  -1.020862998760193e-16
               61.328125  -3.939622877209856e-17  -3.939622877209856e-17
               62.109375  -1.501897837723838e-17  -1.501897837723838e-17
               62.890625  -5.656199083020072e-18  -5.656199083020072e-18
               63.671875  -2.104299421351538e-18  -2.104299421351538e-18
               64.453125  -7.733728793387152e-19  -7.733728793387152e-19
               65.234375  -2.807817614695642e-19  -2.807817614695642e-19
               66.015625   -1.00704158319775e-19   -1.00704158319775e-19
               66.796875  -3.567996892447852e-20  -3.567996892447852e-20
               67.578125  -1.248820687851581e-20  -1.248820687851581e-20
               68.359375  -4.317916656573686e-21  -4.317916656573686e-21
               69.140625  -1.474847036742417e-21  -1.474847036742417e-21
               69.921875  -4.976434109340667e-22  -4.976434109340667e-22
               70.703125  -1.658777324963897e-22  -1.658777324963897e-22
               71.484375  -5.462060114814925e-23  -5.462060114814925e-23
               72.265625  -1.776738098078335e-23  -1.776738098078335e-23
               73.046875  -5.709379454219846e-24  -5.709379454219846e-24
               73.828125  -1.812395413604371e-24  -1.812395413604371e-24
               74.609375  -5.683495949611233e-25  -5.683495949611233e-25
               75.390625  -1.760664910015314e-25  -1.760664910015314e-25
               76.171875  -5.388109542832603e-26  -5.388109542832603e-26
               76.953125  -1.628900955105015e-26  -1.628900955105015e-26
               77.734375  -4.864648809965904e-27  -4.864648809965904e-27
               78.515625  -1.435181613271984e-27  -1.435181613271984e-27
               79.296875  -4.182739178250107e-28  -4.182739178250107e-28
               80.078125  -1.204240587246483e-28  -1.204240587246483e-28
               80.859375  -3.425029293290224e-29  -3.425029293290224e-29
               81.640625    -9.6230750701132e-30    -9.6230750701132e-30
               82.421875   -2.67092695470264e-30   -2.67092695470264e-30
               83.203125  -7.323331641444062e-31  -7.323331641444062e-31
               83.984375  -1.983599300420763e-31  -1.983599300420763e-31
               84.765625  -5.307594614195637e-32  -5.307594614195637e-32
               85.546875  -1.402943226754289e-32  -1.402943226754289e-32
               86.328125  -3.663371836787629e-33  -3.663371836787629e-33
               87.109375  -9.449753102391735e-34  -9.449753102391735e-34
               87.890625  -2.408011045489389e-34  -2.408011045489389e-34
               88.671875  -6.061708409911204e-35  -6.061708409911204e-35
               89.453125  -1.507405730015325e-35  -1.507405730015325e-35
               90.234375  -3.703086321601809e-36  -3.703086321601809e-36
               91.015625  -8.986613497565139e-37  -8.986613497565139e-37
               91.796875  -2.154402503737833e-37  -2.154402503737833e-37
               92.578125  -5.102184749009128e-38  -5.102184749009128e-38
               93.359375  -1.193669422919361e-38  -1.193669422919361e-38
               94.140625  -2.758738346553495e-39  -2.758738346553495e-39
               94.921875  -6.298476420585014e-40  -6.298476420585014e-40
               95.703125  -1.420558286207818e-40  -1.420558286207818e-40
               96.484375  -3.165054271655528e-41  -3.165054271655528e-41
               97.265625  -6.966294312346181e-42  -6.966294312346181e-42
               98.046875   -1.51468048334473e-42   -1.51468048334473e-42
               98.828125  -3.253409977475738e-43  -3.253409977475738e-43
               99.609375  -6.903274017624187e-44  -6.903274017624187e-44
              100.390625  -1.447004842718338e-44  -1.447004842718338e-44
              101.171875   -2.99628700197247e-45   -2.99628700197247e-45
              101.953125  -6.129081406582166e-46  -6.129081406582166e-46
              102.734375  -1.238528266502268e-46  -1.238528266502268e-46
              103.515625  -2.472378791974604e-47  -2.472378791974604e-47
              104.296875  -4.875539171420707e-48  -4.875539171420707e-48
              105.078125  -9.497927368758883e-49  -9.497927368758883e-49
              105.859375  -1.827820702672065e-49  -1.827820702672065e-49
              106.640625  -3.474856653373129e-50  -3.474856653373129e-50
              107.421875  -6.525874968982648e-51  -6.525874968982648e-51
              108.203125  -1.210707290676386e-51  -1.210707290676386e-51
              108.984375  -2.218901993096528e-52  -2.218901993096528e-52
              109.765625  -4.017312689195121e-53  -4.017312689195121e-53
              110.546875  -7.185081629487486e-54  -7.185081629487486e-54
              111.328125  -1.269481365021388e-54  -1.269481365021388e-54
              112.109375  -2.215743620137943e-55  -2.215743620137943e-55
              112.890625  -3.820421131164067e-56  -3.820421131164067e-56
              113.671875  -6.507310401281817e-57  -6.507310401281817e-57
              114.453125  -1.094940101062658e-57  -1.094940101062658e-57
              115.234375  -1.820026677212609e-58  -1.820026677212609e-58
              116.015625  -2.988571836938948e-59  -2.988571836938948e-59
              116.796875  -4.847839120633097e-60  -4.847839120633097e-60
              117.578125  -7.768394143043309e-61  -7.768394143043309e-61
              118.359375  -1.229738752240497e-61  -1.229738752240497e-61
              119.140625  -1.923060819028821e-62  -1.923060819028821e-62
              119.921875  -2.970788497671785e-63  -2.970788497671785e-63
              120.703125  -4.533660567629527e-64  -4.533660567629527e-64
              121.484375  -6.834784458753782e-65  -6.834784458753782e-65
              122.265625  -1.017886134538083e-65  -1.017886134538083e-65
              123.046875  -1.497518262850604e-66  -1.497518262850604e-66
              123.828125    -2.1764245202379e-67    -2.1764245202379e-67
              124.609375  -3.124738270468792e-68  -3.124738270468792e-68
              125.390625  -4.431821260068963e-69  -4.431821260068963e-69
              126.171875   -6.20939632433998e-70   -6.20939632433998e-70
              126.953125  -8.594390400858153e-71  -8.594390400858153e-71
              127.734375  -1.175112182742295e-71  -1.175112182742295e-71
              128.515625    -1.5872382966753e-72    -1.5872382966753e-72
              129.296875  -2.117890449859083e-73  -2.117890449859083e-73
              130.078125  -2.791665658601922e-74  -2.791665658601922e-74
              130.859375  -3.635146097961354e-75  -3.635146097961354e-75
              131.640625   -4.67604723519582e-76   -4.67604723519582e-76
              132.421875  -5.942024836939615e-77  -5.942024836939615e-77
              133.203125  -7.459137101023801e-78  -7.459137101023801e-78
              133.984375  -9.249990150059781e-79  -9.249990150059781e-79
              134.765625  -1.133163310627555e-79  -1.133163310627555e-79
              135.546875  -1.371330996373174e-80  -1.371330996373174e-80
              136.328125  -1.639421529835099e-81  -1.639421529835099e-81
              137.109375  -1.936143442185173e-82  -1.936143442185173e-82
              137.890625  -2.258827043249602e-83  -2.258827043249602e-83
              138.671875  -2.603316561938512e-84  -2.603316561938512e-84
              139.453125  -2.963940886412831e-85  -2.963940886412831e-85
              140.234375  -3.333578203319585e-86  -3.333578203319585e-86
              141.015625  -3.703823745034068e-87  -3.703823745034068e-87
              141.796875  -4.065261893467608e-88  -4.065261893467608e-88
              142.578125  -4.407834707530128e-89  -4.407834707530128e-89
              143.359375  -4.721289432305933e-90  -4.721289432305933e-90
              144.140625  -4.995678756690018e-91  -4.995678756690018e-91
              144.921875  -5.221880582377107e-92  -5.221880582377107e-92
              145.703125  -5.392099799952597e-93  -5.392099799952597e-93
              146.484375  -5.500313725304194e-94  -5.500313725304194e-94
              147.265625   -5.54262574446622e-95   -5.54262574446622e-95
              148.046875   -5.51749821876031e-96   -5.51749821876031e-96
              148.828125  -5.425845239509755e-97  -5.425845239509755e-97
              149.609375  -5.270977430570686e-98  -5.270977430570686e-98
              150.390625  -5.058403446208221e-99  -5.058403446208221e-99
              151.171875 -4.795504760037029e-100 -4.795504760037029e-100
              151.953125 -4.491110512199542e-101 -4.491110512199542e-101
              152.734375 -4.155006532583407e-102 -4.155006532583407e-102
              153.515625  -3.79741650541706e-103  -3.79741650541706e-103
              154.296875 -3.428493340228273e-104 -3.428493340228273e-104
              155.078125 -3.057855369970052e-105 -3.057855369970052e-105
              155.859375  -2.69419561040351e-106  -2.69419561040351e-106
              156.640625 -2.344983880760842e-107 -2.344983880760842e-107
              157.421875  -2.01627215726845e-108  -2.01627215726845e-108
              158.203125 -1.712604172972109e-109 -1.712604172972109e-109
              158.984375 -1.437021932213023e-110 -1.437021932213023e-110
              159.765625 -1.191155193958523e-111 -1.191155193958523e-111
              160.546875 -9.753755274479111e-113 -9.753755274479111e-113
              161.328125 -7.889943885329586e-114 -7.889943885329586e-114
              162.109375 -6.304846648717616e-115 -6.304846648717616e-115
              162.890625 -4.977069380205193e-116 -4.977069380205193e-116
              163.671875 -3.881248195178219e-117 -3.881248195178219e-117
              164.453125 -2.989975914990854e-118 -2.989975914990854e-118
              165.234375 -2.275424961965989e-119 -2.275424961965989e-119
              166.015625 -1.710629274187388e-120 -1.710629274187388e-120
              166.796875  -1.27042150126309e-121  -1.27042150126309e-121
              167.578125 -9.320480979919364e-123 -9.320480979919364e-123
              168.359375 -6.755031326285557e-124 -6.755031326285557e-124
              169.140625 -4.836319279094967e-125 -4.836319279094967e-125
              169.921875 -3.420590727970215e-126 -3.420590727970215e-126
              170.703125 -2.389933506789856e-127 -2.389933506789856e-127
              171.484375 -1.649563641720573e-128 -1.649563641720573e-128
              172.265625 -1.124736753479415e-129 -1.124736753479415e-129
              173.046875 -7.575847990766614e-131 -7.575847990766614e-131
              173.828125 -5.040924241897199e-132 -5.040924241897199e-132
              174.609375 -3.313505097153307e-133 -3.313505097153307e-133
              175.390625 -2.151610569590828e-134 -2.151610569590828e-134
              176.171875 -1.380188005255028e-135 -1.380188005255028e-135
              176.953125 -8.746038448193943e-137 -8.746038448193943e-137
              177.734375 -5.474986710064068e-138 -5.474986710064068e-138
              178.515625 -3.385737705533758e-139 -3.385737705533758e-139
              179.296875 -2.068340827050309e-140 -2.068340827050309e-140
              180.078125 -1.248215159516495e-141 -1.248215159516495e-141
              180.859375 -7.441412074413645e-143 -7.441412074413645e-143
              181.640625 -4.382478661506419e-144 -4.382478661506419e-144
              182.421875 -2.549663221688817e-145 -2.549663221688817e-145
              183.203125 -1.465360168438161e-146 -1.465360168438161e-146
              183.984375 -8.319639322684068e-148 -8.319639322684068e-148
              184.765625 -4.666198064935413e-149 -4.666198064935413e-149
              185.546875 -2.585356237627493e-150 -2.585356237627493e-150
              186.328125 -1.415064288294281e-151 -1.415064288294281e-151
              187.109375 -7.651216698325161e-153 -7.651216698325161e-153
              187.890625 -4.086800024454021e-154 -4.086800024454021e-154
              188.671875 -2.156427323631698e-155 -2.156427323631698e-155
              189.453125 -1.124047899702174e-156 -1.124047899702174e-156
              190.234375 -5.788064533235916e-158 -5.788064533235916e-158
              191.015625 -2.944289189551751e-159 -2.944289189551751e-159
              191.796875 -1.479537979363335e-160 -1.479537979363335e-160
              192.578125 -7.344636811916169e-162 -7.344636811916169e-162
              193.359375 -3.601746028013025e-163 -3.601746028013025e-163
              194.140625 -1.744835145431081e-164 -1.744835145431081e-164
              194.921875 -8.350149838208088e-166 -8.350149838208088e-166
              195.703125 -3.947595912561031e-167 -3.947595912561031e-167
              196.484375 -1.843612594174628e-168 -1.843612594174628e-168
              197.265625 -8.505604712331551e-170 -8.505604712331551e-170
              198.046875 -3.876495449730884e-171 -3.876495449730884e-171
              198.828125 -1.745307340246264e-172 -1.745307340246264e-172
              199.609375 -7.762526674635917e-174 -7.762526674635917e-174
              200.390625                       0                       0
              201.171875                       0                       0
              201.953125                       0                       0
              202.734375                       0                       0
