                 0.03125    0.009990239141819757    0.009990239141819757
                 0.09375    0.009912494484023184    0.009912494484023184
                 0.15625    0.009758815501356589    0.009758815501356589
                 0.21875    0.009532752783750716    0.009532752783750716
                 0.28125    0.009239460814058078    0.009239460814058078
                 0.34375    0.008885502628781267    0.008885502628781267
                 0.40625    0.008478605838869831    0.008478605838869831
                 0.46875    0.008027382667004205    0.008027382667004205
                 0.53125    0.007541028137586228    0.007541028137586228
                 0.59375    0.007029011121997449    0.007029011121997449
                 0.65625    0.006500772594262845    0.006500772594262845
                 0.71875     0.00596544425958485     0.00596544425958485
                 0.78125    0.005431598808587053    0.005431598808587053
                 0.84375    0.004907040597674412    0.004907040597674412
                 0.90625    0.004398642763478829    0.004398642763478829
                 0.96875    0.003912233859783412    0.003912233859783412
                 1.03125    0.003452534263445437    0.003452534263445437
                 1.09375    0.003023140012570494    0.003023140012570494
                 1.15625    0.002626549560111886    0.002626549560111886
                 1.21875    0.002264227249430979    0.002264227249430979
                 1.28125    0.001936696197762926    0.001936696197762926
                 1.34375    0.001643652715151991    0.001643652715151991
                 1.40625    0.001384094355061429    0.001384094355061429
                 1.46875    0.001156454120016209    0.001156454120016209
                 1.53125   0.0009587341393331282   0.0009587341393331282
                 1.59375   0.0007886331913210263   0.0007886331913210263
                 1.65625   0.0006436636515561176   0.0006436636515561176
                 1.71875   0.0005212547102255848   0.0005212547102255848
                 1.78125   0.0004188399263080075   0.0004188399263080075
                 1.84375   0.0003339283034071403   0.0003339283034071403
                 1.90625   0.0002641590303508207   0.0002641590303508207
                 1.96875   0.0002073407985883874   0.0002073407985883874
                 2.03125   0.0001614771763032865   0.0001614771763032865
                 2.09375   0.0001247798905422262   0.0001247798905422262
                 2.15625   9.567206073353063e-05   9.567206073353063e-05
                 2.21875   7.278346566903629e-05   7.278346566903629e-05
                 2.28125   5.493984225699593e-05   5.493984225699593e-05
                 2.34375   4.114804058048207e-05   4.114804058048207e-05
                 2.40625   3.057862726327566e-05   3.057862726327566e-05
                 2.46875   2.254726583231613e-05   2.254726583231613e-05
                 2.53125    1.64959320729371e-05    1.64959320729371e-05
                 2.59375   1.197476249235131e-05   1.197476249235131e-05
                 2.65625    8.62509786462451e-06    8.62509786462451e-06
                 2.71875   6.164079466913128e-06   6.164079466913128e-06
                 2.78125   4.370986859023521e-06   4.370986859023521e-06
                 2.84375   3.075373352933031e-06   3.075373352933031e-06
                 2.90625   2.146956610812706e-06   2.146956610812706e-06
                 2.96875   1.487153380061098e-06   1.487153380061098e-06
                 3.03125   1.022104574033749e-06   1.022104574033749e-06
                 3.09375   6.970147610116654e-07   6.970147610116654e-07
                 3.15625   4.716237785748214e-07   4.716237785748214e-07
                 3.21875   3.166332260675699e-07   3.166332260675699e-07
                 3.28125   2.109232004813447e-07   2.109232004813447e-07
                 3.34375   1.394117226572593e-07   1.394117226572593e-07
                 3.40625   9.142843987757263e-08   9.142843987757263e-08
                 3.46875   5.949362050847448e-08   5.949362050847448e-08
                 3.53125   3.841196841315677e-08   3.841196841315677e-08
                 3.59375   2.460763076305438e-08   2.460763076305438e-08
                 3.65625   1.564156178422905e-08   1.564156178422905e-08
                 3.71875   9.865009361729049e-09   9.865009361729049e-09
                 3.78125   6.173365113169633e-09   6.173365113169633e-09
                 3.84375   3.833129565485381e-09   3.833129565485381e-09
                 3.90625   2.361522618801591e-09   2.361522618801591e-09
                 3.96875   1.443569821383692e-09   1.443569821383692e-09
                 4.03125   8.755693561050993e-10   8.755693561050993e-10
                 4.09375   5.269269201273386e-10   5.269269201273386e-10
                 4.15625   3.146424351080933e-10   3.146424351080933e-10
                 4.21875    1.86419473328348e-10    1.86419473328348e-10
                 4.28125   1.095903548491759e-10   1.095903548491759e-10
                 4.34375   6.392348795275833e-11   6.392348795275833e-11
                 4.40625   3.699607653549657e-11   3.699607653549657e-11
                 4.46875   2.124505935592929e-11   2.124505935592929e-11
                 4.53125   1.210506993139751e-11   1.210506993139751e-11
                 4.59375   6.843586028613928e-12   6.843586028613928e-12
                 4.65625    3.83890383971262e-12    3.83890383971262e-12
                 4.71875   2.136671762998772e-12   2.136671762998772e-12
                 4.78125   1.179982216310212e-12   1.179982216310212e-12
                 4.84375   6.465769045919468e-13   6.465769045919468e-13
                 4.90625   3.515377654915486e-13   3.515377654915486e-13
                 4.96875   1.896403998352501e-13   1.896403998352501e-13
                 5.03125   1.015071913207284e-13   1.015071913207284e-13
                 5.09375   5.391006237169666e-14   5.391006237169666e-14
                 5.15625    2.84086065394846e-14    2.84086065394846e-14
                 5.21875   1.485378398245547e-14   1.485378398245547e-14
                 5.28125   7.706041614197111e-15   7.706041614197111e-15
                 5.34375   3.966730272570397e-15   3.966730272570397e-15
                 5.40625   2.026007578461877e-15   2.026007578461877e-15
                 5.46875   1.026730669116235e-15   1.026730669116235e-15
                 5.53125   5.162726025028763e-16   5.162726025028763e-16
                 5.59375   2.575779584136093e-16   2.575779584136093e-16
                 5.65625   1.275103356717002e-16   1.275103356717002e-16
                 5.71875   6.263097258051737e-17   6.263097258051737e-17
                 5.78125    3.05238982324621e-17    3.05238982324621e-17
                 5.84375   1.476039271321458e-17   1.476039271321458e-17
                 5.90625    7.08211382080041e-18    7.08211382080041e-18
                 5.96875   3.371591625844554e-18   3.371591625844554e-18
                 6.03125   1.592627113550665e-18   1.592627113550665e-18
                 6.09375   7.464493049712255e-19   7.464493049712255e-19
                 6.15625   3.471311645642692e-19   3.471311645642692e-19
                 6.21875    1.60174717589585e-19    1.60174717589585e-19
                 6.28125   7.333332942485862e-20   7.333332942485862e-20
                 6.34375   3.331316633863974e-20   3.331316633863974e-20
                 6.40625   1.501542047020507e-20   1.501542047020507e-20
                 6.46875   6.715311411395049e-21   6.715311411395049e-21
                 6.53125   2.979901375163333e-21   2.979901375163333e-21
                 6.59375     1.3120328186013e-21     1.3120328186013e-21
                 6.65625   5.731846885507764e-22   5.731846885507764e-22
                 6.71875    2.48457171692428e-22    2.48457171692428e-22
                 6.78125    1.06860097973501e-22    1.06860097973501e-22
                 6.84375   4.560229222591012e-23   4.560229222591012e-23
                 6.90625   1.930922543212617e-23   1.930922543212617e-23
                 6.96875   8.112414018816632e-24   8.112414018816632e-24
                 7.03125   3.381757292352146e-24   3.381757292352146e-24
                 7.09375   1.398755598822809e-24   1.398755598822809e-24
                 7.15625   5.740481411207986e-25   5.740481411207986e-25
                 7.21875   2.337555152051864e-25   2.337555152051864e-25
                 7.28125   9.444576575063704e-26   9.444576575063704e-26
                 7.34375   3.786257898117356e-26   3.786257898117356e-26
                 7.40625   1.506069337805112e-26   1.506069337805112e-26
                 7.46875    5.94410969714993e-27    5.94410969714993e-27
                 7.53125   2.327746802988036e-27   2.327746802988036e-27
                 7.59375   9.044649390919233e-28   9.044649390919233e-28
                 7.65625   3.487022971217049e-28   3.487022971217049e-28
                 7.71875   1.333905166445243e-28   1.333905166445243e-28
                 7.78125   5.062932942788524e-29   5.062932942788524e-29
                 7.84375   1.906718016971951e-29   1.906718016971951e-29
                 7.90625   7.124884684080461e-30   7.124884684080461e-30
                 7.96875   2.641656127066527e-30   2.641656127066527e-30
                 8.03125                       0                       0
                 8.09375                       0                       0
                 8.15625                       0                       0
                 8.21875                       0                       0
