# File created on Wed Jul  8 11:33:15 2026
# Data for Inflation GW initial data initial data at coord time 0.188986 and central proper time 0.188986
# Evolved with (264,10,9) gridpoints (including 4 ghosts)
# Evolution with geodesic slicing and constant shift shift condition 
# data for phi = 3.14159
#              r           theta             shift_r
#===============================================================
     0.030078125      0.78539816                       0
     0.030078125       2.3561945                       0

     0.090234375      0.78539816                       0
     0.090234375       2.3561945                       0

      0.15039062      0.78539816                       0
      0.15039062       2.3561945                       0

      0.21054687      0.78539816                       0
      0.21054687       2.3561945                       0

      0.27070312      0.78539816                       0
      0.27070312       2.3561945                       0

      0.33085938      0.78539816                       0
      0.33085938       2.3561945                       0

      0.39101563      0.78539816                       0
      0.39101563       2.3561945                       0

      0.45117188      0.78539816                       0
      0.45117188       2.3561945                       0

      0.51132813      0.78539816                       0
      0.51132813       2.3561945                       0

      0.57148438      0.78539816                       0
      0.57148438       2.3561945                       0

      0.63164063      0.78539816                       0
      0.63164063       2.3561945                       0

      0.69179687      0.78539816                       0
      0.69179687       2.3561945                       0

      0.75195312      0.78539816                       0
      0.75195312       2.3561945                       0

      0.81210938      0.78539816                       0
      0.81210938       2.3561945                       0

      0.87226563      0.78539816                       0
      0.87226563       2.3561945                       0

      0.93242188      0.78539816                       0
      0.93242188       2.3561945                       0

      0.99257812      0.78539816                       0
      0.99257812       2.3561945                       0

       1.0527344      0.78539816                       0
       1.0527344       2.3561945                       0

       1.1128906      0.78539816                       0
       1.1128906       2.3561945                       0

       1.1730469      0.78539816                       0
       1.1730469       2.3561945                       0

       1.2332031      0.78539816                       0
       1.2332031       2.3561945                       0

       1.2933594      0.78539816                       0
       1.2933594       2.3561945                       0

       1.3535156      0.78539816                       0
       1.3535156       2.3561945                       0

       1.4136719      0.78539816                       0
       1.4136719       2.3561945                       0

       1.4738281      0.78539816                       0
       1.4738281       2.3561945                       0

       1.5339844      0.78539816                       0
       1.5339844       2.3561945                       0

       1.5941406      0.78539816                       0
       1.5941406       2.3561945                       0

       1.6542969      0.78539816                       0
       1.6542969       2.3561945                       0

       1.7144531      0.78539816                       0
       1.7144531       2.3561945                       0

       1.7746094      0.78539816                       0
       1.7746094       2.3561945                       0

       1.8347656      0.78539816                       0
       1.8347656       2.3561945                       0

       1.8949219      0.78539816                       0
       1.8949219       2.3561945                       0

       1.9550781      0.78539816                       0
       1.9550781       2.3561945                       0

       2.0152344      0.78539816                       0
       2.0152344       2.3561945                       0

       2.0753906      0.78539816                       0
       2.0753906       2.3561945                       0

       2.1355469      0.78539816                       0
       2.1355469       2.3561945                       0

       2.1957031      0.78539816                       0
       2.1957031       2.3561945                       0

       2.2558594      0.78539816                       0
       2.2558594       2.3561945                       0

       2.3160156      0.78539816                       0
       2.3160156       2.3561945                       0

       2.3761719      0.78539816                       0
       2.3761719       2.3561945                       0

       2.4363281      0.78539816                       0
       2.4363281       2.3561945                       0

       2.4964844      0.78539816                       0
       2.4964844       2.3561945                       0

       2.5566406      0.78539816                       0
       2.5566406       2.3561945                       0

       2.6167969      0.78539816                       0
       2.6167969       2.3561945                       0

       2.6769531      0.78539816                       0
       2.6769531       2.3561945                       0

       2.7371094      0.78539816                       0
       2.7371094       2.3561945                       0

       2.7972656      0.78539816                       0
       2.7972656       2.3561945                       0

       2.8574219      0.78539816                       0
       2.8574219       2.3561945                       0

       2.9175781      0.78539816                       0
       2.9175781       2.3561945                       0

       2.9777344      0.78539816                       0
       2.9777344       2.3561945                       0

       3.0378906      0.78539816                       0
       3.0378906       2.3561945                       0

       3.0980469      0.78539816                       0
       3.0980469       2.3561945                       0

       3.1582031      0.78539816                       0
       3.1582031       2.3561945                       0

       3.2183594      0.78539816                       0
       3.2183594       2.3561945                       0

       3.2785156      0.78539816                       0
       3.2785156       2.3561945                       0

       3.3386719      0.78539816                       0
       3.3386719       2.3561945                       0

       3.3988281      0.78539816                       0
       3.3988281       2.3561945                       0

       3.4589844      0.78539816                       0
       3.4589844       2.3561945                       0

       3.5191406      0.78539816                       0
       3.5191406       2.3561945                       0

       3.5792969      0.78539816                       0
       3.5792969       2.3561945                       0

       3.6394531      0.78539816                       0
       3.6394531       2.3561945                       0

       3.6996094      0.78539816                       0
       3.6996094       2.3561945                       0

       3.7597656      0.78539816                       0
       3.7597656       2.3561945                       0

       3.8199219      0.78539816                       0
       3.8199219       2.3561945                       0

       3.8800781      0.78539816                       0
       3.8800781       2.3561945                       0

       3.9402344      0.78539816                       0
       3.9402344       2.3561945                       0

       4.0003906      0.78539816                       0
       4.0003906       2.3561945                       0

       4.0605469      0.78539816                       0
       4.0605469       2.3561945                       0

       4.1207031      0.78539816                       0
       4.1207031       2.3561945                       0

       4.1808594      0.78539816                       0
       4.1808594       2.3561945                       0

       4.2410156      0.78539816                       0
       4.2410156       2.3561945                       0

       4.3011719      0.78539816                       0
       4.3011719       2.3561945                       0

       4.3613281      0.78539816                       0
       4.3613281       2.3561945                       0

       4.4214844      0.78539816                       0
       4.4214844       2.3561945                       0

       4.4816406      0.78539816                       0
       4.4816406       2.3561945                       0

       4.5417969      0.78539816                       0
       4.5417969       2.3561945                       0

       4.6019531      0.78539816                       0
       4.6019531       2.3561945                       0

       4.6621094      0.78539816                       0
       4.6621094       2.3561945                       0

       4.7222656      0.78539816                       0
       4.7222656       2.3561945                       0

       4.7824219      0.78539816                       0
       4.7824219       2.3561945                       0

       4.8425781      0.78539816                       0
       4.8425781       2.3561945                       0

       4.9027344      0.78539816                       0
       4.9027344       2.3561945                       0

       4.9628906      0.78539816                       0
       4.9628906       2.3561945                       0

       5.0230469      0.78539816                       0
       5.0230469       2.3561945                       0

       5.0832031      0.78539816                       0
       5.0832031       2.3561945                       0

       5.1433594      0.78539816                       0
       5.1433594       2.3561945                       0

       5.2035156      0.78539816                       0
       5.2035156       2.3561945                       0

       5.2636719      0.78539816                       0
       5.2636719       2.3561945                       0

       5.3238281      0.78539816                       0
       5.3238281       2.3561945                       0

       5.3839844      0.78539816                       0
       5.3839844       2.3561945                       0

       5.4441406      0.78539816                       0
       5.4441406       2.3561945                       0

       5.5042969      0.78539816                       0
       5.5042969       2.3561945                       0

       5.5644531      0.78539816                       0
       5.5644531       2.3561945                       0

       5.6246094      0.78539816                       0
       5.6246094       2.3561945                       0

       5.6847656      0.78539816                       0
       5.6847656       2.3561945                       0

       5.7449219      0.78539816                       0
       5.7449219       2.3561945                       0

       5.8050781      0.78539816                       0
       5.8050781       2.3561945                       0

       5.8652344      0.78539816                       0
       5.8652344       2.3561945                       0

       5.9253906      0.78539816                       0
       5.9253906       2.3561945                       0

       5.9855469      0.78539816                       0
       5.9855469       2.3561945                       0

       6.0457031      0.78539816                       0
       6.0457031       2.3561945                       0

       6.1058594      0.78539816                       0
       6.1058594       2.3561945                       0

       6.1660156      0.78539816                       0
       6.1660156       2.3561945                       0

       6.2261719      0.78539816                       0
       6.2261719       2.3561945                       0

       6.2863281      0.78539816                       0
       6.2863281       2.3561945                       0

       6.3464844      0.78539816                       0
       6.3464844       2.3561945                       0

       6.4066406      0.78539816                       0
       6.4066406       2.3561945                       0

       6.4667969      0.78539816                       0
       6.4667969       2.3561945                       0

       6.5269531      0.78539816                       0
       6.5269531       2.3561945                       0

       6.5871094      0.78539816                       0
       6.5871094       2.3561945                       0

       6.6472656      0.78539816                       0
       6.6472656       2.3561945                       0

       6.7074219      0.78539816                       0
       6.7074219       2.3561945                       0

       6.7675781      0.78539816                       0
       6.7675781       2.3561945                       0

       6.8277344      0.78539816                       0
       6.8277344       2.3561945                       0

       6.8878906      0.78539816                       0
       6.8878906       2.3561945                       0

       6.9480469      0.78539816                       0
       6.9480469       2.3561945                       0

       7.0082031      0.78539816                       0
       7.0082031       2.3561945                       0

       7.0683594      0.78539816                       0
       7.0683594       2.3561945                       0

       7.1285156      0.78539816                       0
       7.1285156       2.3561945                       0

       7.1886719      0.78539816                       0
       7.1886719       2.3561945                       0

       7.2488281      0.78539816                       0
       7.2488281       2.3561945                       0

       7.3089844      0.78539816                       0
       7.3089844       2.3561945                       0

       7.3691406      0.78539816                       0
       7.3691406       2.3561945                       0

       7.4292969      0.78539816                       0
       7.4292969       2.3561945                       0

       7.4894531      0.78539816                       0
       7.4894531       2.3561945                       0

       7.5496094      0.78539816                       0
       7.5496094       2.3561945                       0

       7.6097656      0.78539816                       0
       7.6097656       2.3561945                       0

       7.6699219      0.78539816                       0
       7.6699219       2.3561945                       0

       7.7300781      0.78539816                       0
       7.7300781       2.3561945                       0

       7.7902344      0.78539816                       0
       7.7902344       2.3561945                       0

       7.8503906      0.78539816                       0
       7.8503906       2.3561945                       0

       7.9105469      0.78539816                       0
       7.9105469       2.3561945                       0

       7.9707031      0.78539816                       0
       7.9707031       2.3561945                       0

       8.0308594      0.78539816                       0
       8.0308594       2.3561945                       0

       8.0910156      0.78539816                       0
       8.0910156       2.3561945                       0

       8.1511719      0.78539816                       0
       8.1511719       2.3561945                       0

       8.2113281      0.78539816                       0
       8.2113281       2.3561945                       0

       8.2714844      0.78539816                       0
       8.2714844       2.3561945                       0

       8.3316406      0.78539816                       0
       8.3316406       2.3561945                       0

       8.3917969      0.78539816                       0
       8.3917969       2.3561945                       0

       8.4519531      0.78539816                       0
       8.4519531       2.3561945                       0

       8.5121094      0.78539816                       0
       8.5121094       2.3561945                       0

       8.5722656      0.78539816                       0
       8.5722656       2.3561945                       0

       8.6324219      0.78539816                       0
       8.6324219       2.3561945                       0

       8.6925781      0.78539816                       0
       8.6925781       2.3561945                       0

       8.7527344      0.78539816                       0
       8.7527344       2.3561945                       0

       8.8128906      0.78539816                       0
       8.8128906       2.3561945                       0

       8.8730469      0.78539816                       0
       8.8730469       2.3561945                       0

       8.9332031      0.78539816                       0
       8.9332031       2.3561945                       0

       8.9933594      0.78539816                       0
       8.9933594       2.3561945                       0

       9.0535156      0.78539816                       0
       9.0535156       2.3561945                       0

       9.1136719      0.78539816                       0
       9.1136719       2.3561945                       0

       9.1738281      0.78539816                       0
       9.1738281       2.3561945                       0

       9.2339844      0.78539816                       0
       9.2339844       2.3561945                       0

       9.2941406      0.78539816                       0
       9.2941406       2.3561945                       0

       9.3542969      0.78539816                       0
       9.3542969       2.3561945                       0

       9.4144531      0.78539816                       0
       9.4144531       2.3561945                       0

       9.4746094      0.78539816                       0
       9.4746094       2.3561945                       0

       9.5347656      0.78539816                       0
       9.5347656       2.3561945                       0

       9.5949219      0.78539816                       0
       9.5949219       2.3561945                       0

       9.6550781      0.78539816                       0
       9.6550781       2.3561945                       0

       9.7152344      0.78539816                       0
       9.7152344       2.3561945                       0

       9.7753906      0.78539816                       0
       9.7753906       2.3561945                       0

       9.8355469      0.78539816                       0
       9.8355469       2.3561945                       0

       9.8957031      0.78539816                       0
       9.8957031       2.3561945                       0

       9.9558594      0.78539816                       0
       9.9558594       2.3561945                       0

       10.016016      0.78539816                       0
       10.016016       2.3561945                       0

       10.076172      0.78539816                       0
       10.076172       2.3561945                       0

       10.136328      0.78539816                       0
       10.136328       2.3561945                       0

       10.196484      0.78539816                       0
       10.196484       2.3561945                       0

       10.256641      0.78539816                       0
       10.256641       2.3561945                       0

       10.316797      0.78539816                       0
       10.316797       2.3561945                       0

       10.376953      0.78539816                       0
       10.376953       2.3561945                       0

       10.437109      0.78539816                       0
       10.437109       2.3561945                       0

       10.497266      0.78539816                       0
       10.497266       2.3561945                       0

       10.557422      0.78539816                       0
       10.557422       2.3561945                       0

       10.617578      0.78539816                       0
       10.617578       2.3561945                       0

       10.677734      0.78539816                       0
       10.677734       2.3561945                       0

       10.737891      0.78539816                       0
       10.737891       2.3561945                       0

       10.798047      0.78539816                       0
       10.798047       2.3561945                       0

       10.858203      0.78539816                       0
       10.858203       2.3561945                       0

       10.918359      0.78539816                       0
       10.918359       2.3561945                       0

       10.978516      0.78539816                       0
       10.978516       2.3561945                       0

       11.038672      0.78539816                       0
       11.038672       2.3561945                       0

       11.098828      0.78539816                       0
       11.098828       2.3561945                       0

       11.158984      0.78539816                       0
       11.158984       2.3561945                       0

       11.219141      0.78539816                       0
       11.219141       2.3561945                       0

       11.279297      0.78539816                       0
       11.279297       2.3561945                       0

       11.339453      0.78539816                       0
       11.339453       2.3561945                       0

       11.399609      0.78539816                       0
       11.399609       2.3561945                       0

       11.459766      0.78539816                       0
       11.459766       2.3561945                       0

       11.519922      0.78539816                       0
       11.519922       2.3561945                       0

       11.580078      0.78539816                       0
       11.580078       2.3561945                       0

       11.640234      0.78539816                       0
       11.640234       2.3561945                       0

       11.700391      0.78539816                       0
       11.700391       2.3561945                       0

       11.760547      0.78539816                       0
       11.760547       2.3561945                       0

       11.820703      0.78539816                       0
       11.820703       2.3561945                       0

       11.880859      0.78539816                       0
       11.880859       2.3561945                       0

       11.941016      0.78539816                       0
       11.941016       2.3561945                       0

       12.001172      0.78539816                       0
       12.001172       2.3561945                       0

       12.061328      0.78539816                       0
       12.061328       2.3561945                       0

       12.121484      0.78539816                       0
       12.121484       2.3561945                       0

       12.181641      0.78539816                       0
       12.181641       2.3561945                       0

       12.241797      0.78539816                       0
       12.241797       2.3561945                       0

       12.301953      0.78539816                       0
       12.301953       2.3561945                       0

       12.362109      0.78539816                       0
       12.362109       2.3561945                       0

       12.422266      0.78539816                       0
       12.422266       2.3561945                       0

       12.482422      0.78539816                       0
       12.482422       2.3561945                       0

       12.542578      0.78539816                       0
       12.542578       2.3561945                       0

       12.602734      0.78539816                       0
       12.602734       2.3561945                       0

       12.662891      0.78539816                       0
       12.662891       2.3561945                       0

       12.723047      0.78539816                       0
       12.723047       2.3561945                       0

       12.783203      0.78539816                       0
       12.783203       2.3561945                       0

       12.843359      0.78539816                       0
       12.843359       2.3561945                       0

       12.903516      0.78539816                       0
       12.903516       2.3561945                       0

       12.963672      0.78539816                       0
       12.963672       2.3561945                       0

       13.023828      0.78539816                       0
       13.023828       2.3561945                       0

       13.083984      0.78539816                       0
       13.083984       2.3561945                       0

       13.144141      0.78539816                       0
       13.144141       2.3561945                       0

       13.204297      0.78539816                       0
       13.204297       2.3561945                       0

       13.264453      0.78539816                       0
       13.264453       2.3561945                       0

       13.324609      0.78539816                       0
       13.324609       2.3561945                       0

       13.384766      0.78539816                       0
       13.384766       2.3561945                       0

       13.444922      0.78539816                       0
       13.444922       2.3561945                       0

       13.505078      0.78539816                       0
       13.505078       2.3561945                       0

       13.565234      0.78539816                       0
       13.565234       2.3561945                       0

       13.625391      0.78539816                       0
       13.625391       2.3561945                       0

       13.685547      0.78539816                       0
       13.685547       2.3561945                       0

       13.745703      0.78539816                       0
       13.745703       2.3561945                       0

       13.805859      0.78539816                       0
       13.805859       2.3561945                       0

       13.866016      0.78539816                       0
       13.866016       2.3561945                       0

       13.926172      0.78539816                       0
       13.926172       2.3561945                       0

       13.986328      0.78539816                       0
       13.986328       2.3561945                       0

       14.046484      0.78539816                       0
       14.046484       2.3561945                       0

       14.106641      0.78539816                       0
       14.106641       2.3561945                       0

       14.166797      0.78539816                       0
       14.166797       2.3561945                       0

       14.226953      0.78539816                       0
       14.226953       2.3561945                       0

       14.287109      0.78539816                       0
       14.287109       2.3561945                       0

       14.347266      0.78539816                       0
       14.347266       2.3561945                       0

       14.407422      0.78539816                       0
       14.407422       2.3561945                       0

       14.467578      0.78539816                       0
       14.467578       2.3561945                       0

       14.527734      0.78539816                       0
       14.527734       2.3561945                       0

       14.587891      0.78539816                       0
       14.587891       2.3561945                       0

       14.648047      0.78539816                       0
       14.648047       2.3561945                       0

       14.708203      0.78539816                       0
       14.708203       2.3561945                       0

       14.768359      0.78539816                       0
       14.768359       2.3561945                       0

       14.828516      0.78539816                       0
       14.828516       2.3561945                       0

       14.888672      0.78539816                       0
       14.888672       2.3561945                       0

       14.948828      0.78539816                       0
       14.948828       2.3561945                       0

       15.008984      0.78539816                       0
       15.008984       2.3561945                       0

       15.069141      0.78539816                       0
       15.069141       2.3561945                       0

       15.129297      0.78539816                       0
       15.129297       2.3561945                       0

       15.189453      0.78539816                       0
       15.189453       2.3561945                       0

       15.249609      0.78539816                       0
       15.249609       2.3561945                       0

       15.309766      0.78539816                       0
       15.309766       2.3561945                       0

       15.369922      0.78539816                       0
       15.369922       2.3561945                       0

       15.430078      0.78539816                       0
       15.430078       2.3561945                       0

       15.490234      0.78539816                       0
       15.490234       2.3561945                       0

       15.550391      0.78539816                       0
       15.550391       2.3561945                       0

       15.610547      0.78539816                       0
       15.610547       2.3561945                       0

